1;0
2;33369
3;66738
4;100107
5;133477
6;166846
7;200215
8;233584
9;266954
10;300323
11;333692
12;367061
13;400431
14;433800
15;467169
16;500538
17;533908
18;567277
19;600646
20;634015
21;667385
22;700754
23;734123
24;767492
25;800862
26;834231
27;867600
28;900969
29;934339
30;967708
31;1001077
32;1034446
33;1067816
34;1101185
35;1134554
36;1167923
37;1201293
38;1234662
39;1268031
40;1301432
41;1334833
42;1368298
43;1401762
44;1435290
45;1468818
46;1503013
47;1537208
48;1570767
49;1604327
50;1637855
51;1671383
52;1704848
53;1738312
54;1771777
55;1805241
56;1838706
57;1872138
58;1905571
59;1939004
60;1972437
61;2005869
62;2039302
63;2072735
64;2106168
65;2139600
66;2173033
67;2206466
68;2239899
69;2273331
70;2306764
71;2340197
72;2373630
73;2407062
74;2440495
75;2473928
76;2507361
77;2540793
78;2574226
79;2607659
80;2641092
81;2674524
82;2707957
83;2741390
84;2774823
85;2808255
86;2841688
87;2875153
88;2908617
89;2942145
90;2975673
91;3009233
92;3042793
93;3076352
94;3109912
95;3143472
96;3177063
97;3210655
98;3244246
99;3277870
100;3311493
101;3345116
102;3378739
103;3412363
104;3445986
105;3479609
106;3513232
107;3546856
108;3580479
109;3614102
110;3647725
111;3681349
112;3714972
113;3748595
114;3782218
115;3815842
116;3849465
117;3883088
118;3916680
119;3950271
120;3983799
121;4017327
122;4050792
123;4084256
124;4117721
125;4151185
126;4184650
127;4218082
128;4251515
129;4284948
130;4318381
131;4351813
132;4385246
133;4418679
134;4452112
135;4485544
136;4518977
137;4552410
138;4585843
139;4619275
140;4652708
141;4686141
142;4719574
143;4753006
144;4786439
145;4819872
146;4853305
147;4886737
148;4920170
149;4953603
150;4987036
151;5020468
152;5053901
153;5087334
154;5120767
155;5154231
156;5187696
157;5221224
158;5254752
159;5288311
160;5321871
161;5355494
162;5389118
163;5422741
164;5456364
165;5489987
166;5523611
167;5557234
168;5590857
169;5624480
170;5658104
171;5691727
172;5725350
173;5758973
174;5792597
175;5826220
176;5859843
177;5893466
178;5927090
179;5960713
180;5994336
181;6027959
182;6061583
183;6095206
184;6128797
185;6162389
186;6195917
187;6229445
188;6262941
189;6296437
190;6329902
191;6363366
192;6396799
193;6430232
194;6463665
195;6497097
196;6530530
197;6563963
198;6597396
199;6630828
200;6664261
201;6697694
202;6731127
203;6764559
204;6797992
205;6831425
206;6864858
207;6898290
208;6931723
209;6965156
210;6998589
211;7032021
212;7065454
213;7098887
214;7132320
215;7165752
216;7199185
217;7232618
218;7266051
219;7299483
220;7332916
221;7366349
222;7399813
223;7433278
224;7466806
225;7500334
226;7533862
227;7567422
228;7600981
229;7634541
230;7668101
231;7701692
232;7735284
233;7768907
234;7802530
235;7836154
236;7869777
237;7903400
238;7937023
239;7970647
240;8004270
241;8037893
242;8071516
243;8105140
244;8138763
245;8172386
246;8206009
247;8239633
248;8273256
249;8306879
250;8340502
251;8374126
252;8407749
253;8441340
254;8474932
255;8508460
256;8541988
257;8575484
258;8608980
259;8642445
260;8675909
261;8709374
262;8742838
263;8776303
264;8809767
265;8843232
266;8876696
267;8910161
268;8943625
269;8977090
270;9010554
271;9044019
272;9077483
273;9110948
274;9144412
275;9177877
276;9211341
277;9244806
278;9278270
279;9311735
280;9345199
281;9378664
282;9412128
283;9445593
284;9479057
285;9512522
286;9545986
287;9579451
288;9612915
289;9646380
290;9679844
291;9713309
292;9746773
293;9780238
294;9813702
295;9847167
296;9880631
297;9914096
298;9947560
299;9981025
300;10014489
301;10047954
302;10081418
303;10114883
304;10148347
305;10181812
306;10215308
307;10248804
308;10282332
309;10315860
310;10349452
311;10383043
312;10416635
313;10450226
314;10483818
315;10517409
316;10551001
317;10584592
318;10618184
319;10651775
320;10685367
321;10718958
322;10752550
323;10786141
324;10819733
325;10853324
326;10886916
327;10920507
328;10954099
329;10987690
330;11021282
331;11054873
332;11088465
333;11122056
334;11155648
335;11189239
336;11222831
337;11256422
338;11290014
339;11323605
340;11357165
341;11390725
342;11424221
343;11457717
344;11491182
345;11524646
346;11558111
347;11591575
348;11625040
349;11658504
350;11691969
351;11725433
352;11758898
353;11792362
354;11825827
355;11859291
356;11892756
357;11926220
358;11959685
359;11993149
360;12026614
361;12060078
362;12093543
363;12127007
364;12160472
365;12193936
366;12227401
367;12260865
368;12294330
369;12327794
370;12361259
371;12394723
372;12428188
373;12461652
374;12495117
375;12528581
376;12562046
377;12595510
378;12628975
379;12662439
380;12695904
381;12729368
382;12762833
383;12796297
384;12829762
385;12863226
386;12896691
387;12930155
388;12963620
389;12997084
390;13030581
391;13064077
392;13097637
393;13131196
394;13164788
395;13198379
396;13231971
397;13265594
398;13299217
399;13332841
400;13366464
401;13400087
402;13433710
403;13467334
404;13500957
405;13534580
406;13568203
407;13601827
408;13635450
409;13669073
410;13702696
411;13736320
412;13769943
413;13803566
414;13837189
415;13870813
416;13904436
417;13938027
418;13971619
419;14005147
420;14038675
421;14072171
422;14105667
423;14139164
424;14172660
425;14206156
426;14239621
427;14273085
428;14306518
429;14339951
430;14373383
431;14406816
432;14440249
433;14473682
434;14507114
435;14540547
436;14573980
437;14607413
438;14640845
439;14674278
440;14707711
441;14741144
442;14774576
443;14808009
444;14841442
445;14874875
446;14908307
447;14941740
448;14975173
449;15008606
450;15042038
451;15075471
452;15108904
453;15142337
454;15175769
455;15209202
456;15242635
457;15276099
458;15309564
459;15343092
460;15376620
461;15410180
462;15443739
463;15477331
464;15510922
465;15544514
466;15578105
467;15611697
468;15645288
469;15678880
470;15712471
471;15746063
472;15779654
473;15813246
474;15846837
475;15880429
476;15914020
477;15947612
478;15981203
479;16014795
480;16048386
481;16081978
482;16115569
483;16149161
484;16182752
485;16216344
486;16249935
487;16283527
488;16317118
489;16350710
490;16384301
491;16417893
492;16451484
493;16485076
494;16518636
495;16552195
496;16585723
497;16619251
498;16652716
499;16686180
500;16719645
501;16753109
502;16786574
503;16820038
504;16853503
505;16886967
506;16920432
507;16953896
508;16987361
509;17020825
510;17054290
511;17087754
512;17121219
513;17154683
514;17188148
515;17221612
516;17255077
517;17288541
518;17322006
519;17355470
520;17388935
521;17422399
522;17455864
523;17489328
524;17522793
525;17556257
526;17589722
527;17623186
528;17656651
529;17690115
530;17723580
531;17757044
532;17790509
533;17823973
534;17857438
535;17890902
536;17924367
537;17957831
538;17991296
539;18024760
540;18058225
541;18091689
542;18125154
543;18158618
544;18192083
545;18225579
546;18259075
547;18292603
548;18326131
549;18359691
550;18393251
551;18426842
552;18460434
553;18494025
554;18527649
555;18561272
556;18594895
557;18628518
558;18662142
559;18695765
560;18729388
561;18763011
562;18796635
563;18830258
564;18863881
565;18897504
566;18931128
567;18964751
568;18998374
569;19031997
570;19065621
571;19099244
572;19132867
573;19166459
574;19200050
575;19233578
576;19267106
577;19300571
578;19334035
579;19367468
580;19400901
581;19434333
582;19467766
583;19501199
584;19534632
585;19568064
586;19601497
587;19634930
588;19668363
589;19701795
590;19735228
591;19768661
592;19802094
593;19835526
594;19868959
595;19902392
596;19935825
597;19969257
598;20002690
599;20036123
600;20069556
601;20102988
602;20136421
603;20169854
604;20203287
605;20236719
606;20270152
607;20303585
608;20337049
609;20370514
610;20404042
611;20437570
612;20471130
613;20504689
614;20538249
615;20571809
616;20605369
617;20638928
618;20672488
619;20706048
620;20739608
621;20773167
622;20806727
623;20840287
624;20873847
625;20907406
626;20940966
627;20974526
628;21008086
629;21041645
630;21075205
631;21108765
632;21142325
633;21175884
634;21209444
635;21243004
636;21276564
637;21310123
638;21343683
639;21377243
640;21410803
641;21444362
642;21477922
643;21511482
644;21545042
645;21578601
646;21612161
647;21645721
648;21679281
649;21712840
650;21746400
651;21779960
652;21813520
653;21847079
654;21880639
655;21914199
656;21947759
657;21981318
658;22014878
659;22048438
660;22081998
661;22115557
662;22149117
663;22182677
664;22216237
665;22249796
666;22283356
667;22316884
668;22350412
669;22383877
670;22417341
671;22450774
672;22484207
673;22517639
674;22551072
675;22584505
676;22617938
677;22651370
678;22684803
679;22718236
680;22751669
681;22785101
682;22818534
683;22851967
684;22885400
685;22918832
686;22952265
687;22985698
688;23019131
689;23052563
690;23085996
691;23119429
692;23152862
693;23186294
694;23219727
695;23253160
696;23286593
697;23320025
698;23353490
699;23386954
700;23420482
701;23454010
702;23487570
703;23521130
704;23554690
705;23588249
706;23621809
707;23655401
708;23688992
709;23722584
710;23756207
711;23789830
712;23823453
713;23857077
714;23890700
715;23924323
716;23957946
717;23991570
718;24025193
719;24058816
720;24092439
721;24126063
722;24159686
723;24193309
724;24226932
725;24260556
726;24294179
727;24327802
728;24361425
729;24395017
730;24428608
731;24462136
732;24495664
733;24529161
734;24562657
735;24596121
736;24629586
737;24663050
738;24696483
739;24729916
740;24763349
741;24796781
742;24830214
743;24863647
744;24897080
745;24930512
746;24963945
747;24997378
748;25030811
749;25064243
750;25097676
751;25131109
752;25164542
753;25197974
754;25231407
755;25264840
756;25298273
757;25331705
758;25365138
759;25398571
760;25432004
761;25465436
762;25498869
763;25532302
764;25565735
765;25599167
766;25632600
767;25666065
768;25699529
769;25733057
770;25766585
771;25800145
772;25833705
773;25867264
774;25900824
775;25934416
776;25968007
777;26001599
778;26035190
779;26068782
780;26102373
781;26135965
782;26169556
783;26203148
784;26236739
785;26270331
786;26303922
787;26337514
788;26371105
789;26404697
790;26438288
791;26471880
792;26505471
793;26539063
794;26572654
795;26606246
796;26639837
797;26673429
798;26707020
799;26740612
800;26774203
801;26807795
802;26841386
803;26874978
804;26908569
805;26942129
806;26975689
807;27009217
808;27042745
809;27076241
810;27109737
811;27143233
812;27176698
813;27210162
814;27243627
815;27277091
816;27310556
817;27344020
818;27377485
819;27410949
820;27444414
821;27477878
822;27511343
823;27544807
824;27578272
825;27611736
826;27645201
827;27678665
828;27712130
829;27745594
830;27779059
831;27812523
832;27845988
833;27879452
834;27912917
835;27946381
836;27979846
837;28013310
838;28046775
839;28080239
840;28113704
841;28147168
842;28180633
843;28214097
844;28247562
845;28281026
846;28314491
847;28347955
848;28381420
849;28414884
850;28448349
851;28481813
852;28515278
853;28548742
854;28582207
855;28615671
856;28649136
857;28682632
858;28716128
859;28749656
860;28783184
861;28816712
862;28850240
863;28883768
864;28917296
865;28950856
866;28984416
867;29018007
868;29051599
869;29085190
870;29118782
871;29152373
872;29185965
873;29219556
874;29253148
875;29286739
876;29320331
877;29353922
878;29387514
879;29421105
880;29454697
881;29488288
882;29521880
883;29555471
884;29589063
885;29622654
886;29656246
887;29689837
888;29723429
889;29757020
890;29790612
891;29824203
892;29857795
893;29891386
894;29924978
895;29958569
896;29992129
897;30025689
898;30059185
899;30092681
900;30126146
901;30159610
902;30193075
903;30226539
904;30260004
905;30293468
906;30326933
907;30360397
908;30393862
909;30427326
910;30460791
911;30494255
912;30527720
913;30561184
914;30594649
915;30628113
916;30661578
917;30695042
918;30728507
919;30761971
920;30795436
921;30828900
922;30862365
923;30895829
924;30929294
925;30962758
926;30996223
927;31029687
928;31063152
929;31096616
930;31130081
931;31163545
932;31197010
933;31230474
934;31263939
935;31297403
936;31330868
937;31364332
938;31397797
939;31431261
940;31464726
941;31498190
942;31531655
943;31565119
944;31598584
945;31632048
946;31665545
947;31699041
948;31732601
949;31766160
950;31799752
951;31833343
952;31866935
953;31900526
954;31934118
955;31967709
956;32001301
957;32034892
958;32068484
959;32102075
960;32135667
961;32169258
962;32202850
963;32236441
964;32270033
965;32303624
966;32337216
967;32370807
968;32404399
969;32437990
970;32471582
971;32505173
972;32538765
973;32572356
974;32605948
975;32639539
976;32673131
977;32706722
978;32740314
979;32773905
980;32807465
981;32841025
982;32874553
983;32908081
984;32941577
985;32975073
986;33008538
987;33042002
988;33075435
989;33108868
990;33142269
991;33175670
992;33209071
993;33242472
994;33275873
995;33309274
996;33342675
997;33376076
998;33409477
999;33442878
1000;33476279
1001;33509680
1002;33543081
1003;33576482
1004;33609883
1005;33643284
1006;33676685
1007;33710086
1008;33743487
1009;33776920
1010;33810352
1011;33843849
1012;33877345
1013;33910905
1014;33944464
1015;33978056
1016;34011647
1017;34045271
1018;34078894
1019;34112517
1020;34146140
1021;34179764
1022;34213387
1023;34247010
1024;34280633
1025;34314257
1026;34347880
1027;34381503
1028;34415126
1029;34448750
1030;34482373
1031;34515996
1032;34549619
1033;34583243
1034;34616866
1035;34650489
1036;34684112
1037;34717736
1038;34751359
1039;34784950
1040;34818542
1041;34852070
1042;34885598
1043;34919062
1044;34952527
1045;34985991
1046;35019456
1047;35052920
1048;35086385
1049;35119818
1050;35153250
1051;35186683
1052;35220116
1053;35253549
1054;35286981
1055;35320414
1056;35353847
1057;35387280
1058;35420712
1059;35454145
1060;35487578
1061;35521011
1062;35554443
1063;35587876
1064;35621309
1065;35654742
1066;35688174
1067;35721607
1068;35755040
1069;35788473
1070;35821905
1071;35855338
1072;35888771
1073;35922204
1074;35955636
1075;35989069
1076;36022502
1077;36055966
1078;36089431
1079;36122927
1080;36156423
1081;36189951
1082;36223479
1083;36257071
1084;36290662
1085;36324254
1086;36357845
1087;36391437
1088;36425028
1089;36458620
1090;36492211
1091;36525803
1092;36559394
1093;36592986
1094;36626577
1095;36660169
1096;36693760
1097;36727352
1098;36760943
1099;36794535
1100;36828126
1101;36861718
1102;36895309
1103;36928901
1104;36962492
1105;36996084
1106;37029675
1107;37063267
1108;37096858
1109;37130450
1110;37164041
1111;37197633
1112;37231224
1113;37264816
1114;37298407
1115;37331999
1116;37365559
1117;37399118
1118;37432646
1119;37466174
1120;37499671
1121;37533167
1122;37566600
1123;37600032
1124;37633465
1125;37666898
1126;37700331
1127;37733763
1128;37767196
1129;37800629
1130;37834062
1131;37867494
1132;37900927
1133;37934360
1134;37967793
1135;38001225
1136;38034658
1137;38068091
1138;38101524
1139;38134956
1140;38168389
1141;38201822
1142;38235255
1143;38268687
1144;38302120
1145;38335553
1146;38368986
1147;38402418
1148;38435851
1149;38469284
1150;38502717
1151;38536181
1152;38569646
1153;38603174
1154;38636702
1155;38670261
1156;38703821
1157;38737444
1158;38771068
1159;38804691
1160;38838314
1161;38871937
1162;38905561
1163;38939184
1164;38972807
1165;39006430
1166;39040054
1167;39073677
1168;39107300
1169;39140923
1170;39174547
1171;39208170
1172;39241793
1173;39275416
1174;39309040
1175;39342663
1176;39376286
1177;39409909
1178;39443533
1179;39477156
1180;39510747
1181;39544339
1182;39577867
1183;39611395
1184;39644891
1185;39678387
1186;39711884
1187;39745348
1188;39778813
1189;39812277
1190;39845742
1191;39879174
1192;39912607
1193;39946040
1194;39979473
1195;40012905
1196;40046338
1197;40079771
1198;40113204
1199;40146636
1200;40180069
1201;40213502
1202;40246935
1203;40280367
1204;40313800
1205;40347233
1206;40380666
1207;40414098
1208;40447531
1209;40480964
1210;40514397
1211;40547829
1212;40581262
1213;40614695
1214;40648128
1215;40681560
1216;40714993
1217;40748426
1218;40781859
1219;40815291
1220;40949276
1221;40982836
1222;41016396
1223;41049956
1224;41083547
1225;41117139
1226;41150730
1227;41184322
1228;41217913
1229;41251505
1230;41285096
1231;41318688
1232;41352279
1233;41385871
1234;41419462
1235;41453054
1236;41486645
1237;41520237
1238;41553828
1239;41587420
1240;41621011
1241;41654603
1242;41688194
1243;41721786
1244;41755377
1245;41788969
1246;41822560
1247;41856152
1248;41889743
1249;41923335
1250;41956926
1251;41990518
1252;42024109
1253;42057701
1254;42091292
1255;42124852
1256;42158412
1257;42191908
1258;42225404
1259;42258869
1260;42292333
1261;42325766
1262;42359199
1263;42392631
1264;42426064
1265;42459497
1266;42492930
1267;42526362
1268;42559795
1269;42593228
1270;42626661
1271;42660093
1272;42693526
1273;42726959
1274;42760392
1275;42793824
1276;42827257
1277;42860690
1278;42894123
1279;42927555
1280;42960988
1281;42994421
1282;43027854
1283;43061286
1284;43094719
1285;43128152
1286;43161585
1287;43195017
1288;43228450
1289;43261883
1290;43295347
1291;43328812
1292;43362340
1293;43395868
1294;43429459
1295;43463051
1296;43496642
1297;43530234
1298;43563825
1299;43597417
1300;43631008
1301;43664600
1302;43698191
1303;43731783
1304;43765374
1305;43798966
1306;43832557
1307;43866149
1308;43899740
1309;43933332
1310;43966923
1311;44000515
1312;44034106
1313;44067698
1314;44101289
1315;44134881
1316;44168472
1317;44202064
1318;44235655
1319;44269247
1320;44302838
1321;44336430
1322;44370021
1323;44403613
1324;44437204
1325;44470796
1326;44504387
1327;44537979
1328;44571539
1329;44605098
1330;44638595
1331;44672091
1332;44705555
1333;44739020
1334;44772453
1335;44805885
1336;44839318
1337;44872751
1338;44906184
1339;44939616
1340;44973049
1341;45006482
1342;45039915
1343;45073347
1344;45106780
1345;45140213
1346;45173646
1347;45207078
1348;45240511
1349;45273944
1350;45307377
1351;45340809
1352;45374242
1353;45407675
1354;45441108
1355;45474540
1356;45507973
1357;45541406
1358;45574839
1359;45608271
1360;45641704
1361;45675169
1362;45708633
1363;45742161
1364;45775689
1365;45809249
1366;45842809
1367;45876368
1368;45909928
1369;45943488
1370;45977048
1371;46010639
1372;46044231
1373;46077822
1374;46111414
1375;46145005
1376;46178597
1377;46212188
1378;46245780
1379;46279371
1380;46312963
1381;46346554
1382;46380146
1383;46413737
1384;46447329
1385;46480920
1386;46514512
1387;46548103
1388;46581695
1389;46615286
1390;46648878
1391;46682469
1392;46716061
1393;46749652
1394;46783244
1395;46816835
1396;46850427
1397;46884018
1398;46917610
1399;46951169
1400;46984729
1401;47018225
1402;47051722
1403;47085186
1404;47118651
1405;47152115
1406;47185548
1407;47218981
1408;47252413
1409;47285846
1410;47319279
1411;47352712
1412;47386144
1413;47419577
1414;47453010
1415;47486443
1416;47519875
1417;47553308
1418;47586741
1419;47620174
1420;47653606
1421;47687039
1422;47720472
1423;47753905
1424;47787337
1425;47820770
1426;47854203
1427;47887636
1428;47921068
1429;47954501
1430;47987934
1431;48021367
1432;48054799
1433;48088264
1434;48121728
1435;48155256
1436;48188784
1437;48222344
1438;48255904
1439;48289464
1440;48323023
1441;48356583
1442;48390143
1443;48423734
1444;48457326
1445;48490949
1446;48524572
1447;48558196
1448;48591819
1449;48625442
1450;48659065
1451;48692689
1452;48726312
1453;48759935
1454;48793558
1455;48827182
1456;48860805
1457;48894428
1458;48928051
1459;48961675
1460;48995298
1461;49028921
1462;49062544
1463;49096168
1464;49129791
1465;49163382
1466;49196974
1467;49230534
1468;49264093
1469;49297590
1470;49331086
1471;49364519
1472;49397951
1473;49431384
1474;49464817
1475;49498250
1476;49531682
1477;49565115
1478;49598548
1479;49631981
1480;49665413
1481;49698846
1482;49732279
1483;49765712
1484;49799144
1485;49832577
1486;49866010
1487;49899443
1488;49932875
1489;49966308
1490;49999741
1491;50033174
1492;50066606
1493;50100039
1494;50133472
1495;50166905
1496;50200337
1497;50233770
1498;50267203
1499;50300636
1500;50334068
1501;50367501
1502;50400934
1503;50434398
1504;50467863
1505;50501391
1506;50534919
1507;50568479
1508;50602038
1509;50635598
1510;50669158
1511;50702718
1512;50736309
1513;50769901
1514;50803492
1515;50837115
1516;50870739
1517;50904362
1518;50937985
1519;50971608
1520;51005232
1521;51038855
1522;51072478
1523;51106101
1524;51139725
1525;51173348
1526;51206971
1527;51240594
1528;51274218
1529;51307841
1530;51341464
1531;51375087
1532;51408711
1533;51442334
1534;51475925
1535;51509517
1536;51543045
1537;51576573
1538;51610069
1539;51643565
1540;51677030
1541;51710494
1542;51743959
1543;51777423
1544;51810856
1545;51844289
1546;51877690
1547;51911091
1548;51944492
1549;51977893
1550;52011294
1551;52044695
1552;52078096
1553;52111497
1554;52144898
1555;52178299
1556;52211700
1557;52245101
1558;52278502
1559;52311903
1560;52345304
1561;52378705
1562;52412106
1563;52445507
1564;52478908
1565;52512309
1566;52545742
1567;52579174
1568;52612671
1569;52646167
1570;52679727
1571;52713286
1572;52746846
1573;52780438
1574;52814029
1575;52847621
1576;52881212
1577;52914804
1578;52948395
1579;52982018
1580;53015642
1581;53049265
1582;53082888
1583;53116511
1584;53150135
1585;53183758
1586;53217381
1587;53251004
1588;53284628
1589;53318251
1590;53351874
1591;53385497
1592;53419121
1593;53452744
1594;53486367
1595;53519990
1596;53553614
1597;53587237
1598;53620860
1599;53654452
1600;53688043
1601;53721571
1602;53755099
1603;53788595
1604;53822092
1605;53855524
1606;53888957
1607;53922390
1608;53955823
1609;53989255
1610;54022688
1611;54056121
1612;54089554
1613;54122986
1614;54156419
1615;54189852
1616;54223285
1617;54256717
1618;54290150
1619;54323583
1620;54357016
1621;54390448
1622;54423881
1623;54457314
1624;54490747
1625;54524179
1626;54557612
1627;54591045
1628;54624478
1629;54657910
1630;54691343
1631;54724776
1632;54758209
1633;54791641
1634;54825074
1635;54858507
1636;54891971
1637;54925436
1638;54958964
1639;54992492
1640;55026020
1641;55059580
1642;55093139
1643;55126699
1644;55160259
1645;55193819
1646;55227378
1647;55260938
1648;55294498
1649;55328058
1650;55361617
1651;55395177
1652;55428737
1653;55462297
1654;55495856
1655;55529416
1656;55562976
1657;55596536
1658;55630095
1659;55663655
1660;55697215
1661;55730775
1662;55764334
1663;55797894
1664;55831454
1665;55865014
1666;55898573
1667;55932133
1668;55965693
1669;55999253
1670;56032812
1671;56066372
1672;56099932
1673;56133492
1674;56167051
1675;56200611
1676;56234171
1677;56267731
1678;56301290
1679;56334850
1680;56368410
1681;56401970
1682;56435529
1683;56469089
1684;56502649
1685;56536209
1686;56569768
1687;56603328
1688;56636888
1689;56670448
1690;56704007
1691;56737567
1692;56771127
1693;56804687
1694;56838246
1695;56871806
1696;56905334
1697;56938862
1698;56972358
1699;57005855
1700;57039319
1701;57072784
1702;57106216
1703;57139649
1704;57173082
1705;57206515
1706;57239947
1707;57273380
1708;57306813
1709;57340246
1710;57373678
1711;57407111
1712;57440544
1713;57473977
1714;57507409
1715;57540842
1716;57574275
1717;57607708
1718;57641140
1719;57674573
1720;57708006
1721;57741439
1722;57774871
1723;57808304
1724;57841737
1725;57875170
1726;57908602
1727;57942035
1728;57975500
1729;58008964
1730;58042492
1731;58076020
1732;58109612
1733;58143203
1734;58176795
1735;58210386
1736;58243978
1737;58277569
1738;58311161
1739;58344752
1740;58378344
1741;58411935
1742;58445527
1743;58479118
1744;58512710
1745;58546301
1746;58579893
1747;58613484
1748;58647076
1749;58680667
1750;58714259
1751;58747850
1752;58781442
1753;58815033
1754;58848625
1755;58882216
1756;58915808
1757;58949399
1758;58982991
1759;59016582
1760;59050174
1761;59083765
1762;59117357
1763;59150948
1764;59184508
1765;59218068
1766;59251564
1767;59285060
1768;59318525
1769;59351989
1770;59385454
1771;59418918
1772;59452383
1773;59485847
1774;59519312
1775;59552776
1776;59586241
1777;59619705
1778;59653170
1779;59686634
1780;59720099
1781;59753563
1782;59787028
1783;59820492
1784;59853957
1785;59887421
1786;59920886
1787;59954350
1788;59987815
1789;60021279
1790;60054744
1791;60088208
1792;60121673
1793;60155137
1794;60188602
1795;60222066
1796;60255531
1797;60288995
1798;60322460
1799;60355924
1800;60389389
1801;60422853
1802;60456318
1803;60489782
1804;60523247
1805;60556711
1806;60590176
1807;60623640
1808;60657105
1809;60690569
1810;60724034
1811;60757498
1812;60790963
1813;60824459
1814;60857955
1815;60891483
1816;60925011
1817;60958603
1818;60992194
1819;61025817
1820;61059441
1821;61093064
1822;61126687
1823;61160310
1824;61193934
1825;61227557
1826;61261180
1827;61294803
1828;61328427
1829;61362050
1830;61395673
1831;61429296
1832;61462920
1833;61496543
1834;61530166
1835;61563789
1836;61597413
1837;61631036
1838;61664659
1839;61698282
1840;61731874
1841;61765465
1842;61799025
1843;61832585
1844;61866081
1845;61899577
1846;61933042
1847;61966506
1848;61999939
1849;62033372
1850;62066805
1851;62100237
1852;62133670
1853;62167103
1854;62200536
1855;62233968
1856;62267401
1857;62300834
1858;62334267
1859;62367699
1860;62401132
1861;62434565
1862;62467998
1863;62501430
1864;62534863
1865;62568296
1866;62601729
1867;62635161
1868;62668594
1869;62702027
1870;62735460
1871;62768892
1872;62802325
1873;62835758
1874;62869191
1875;62902623
1876;62936056
1877;62969489
1878;63002922
1879;63036386
1880;63069851
1881;63103347
1882;63136843
1883;63170371
1884;63203899
1885;63237459
1886;63271019
1887;63304578
1888;63338138
1889;63371698
1890;63405289
1891;63438881
1892;63472472
1893;63506064
1894;63539655
1895;63573247
1896;63606838
1897;63640430
1898;63674021
1899;63707613
1900;63741204
1901;63774796
1902;63808387
1903;63841979
1904;63875570
1905;63909162
1906;63942753
1907;63976345
1908;64009936
1909;64043528
1910;64077119
1911;64110711
1912;64144302
1913;64177894
1914;64211485
1915;64245077
1916;64278668
1917;64312260
1918;64345851
1919;64379443
1920;64413034
1921;64446594
1922;64480154
1923;64513650
1924;64547146
1925;64580611
1926;64614075
1927;64647508
1928;64680941
1929;64714374
1930;64747806
1931;64781239
1932;64814672
1933;64848105
1934;64881537
1935;64914970
1936;64948403
1937;64981836
1938;65015268
1939;65048701
1940;65082134
1941;65115567
1942;65148999
1943;65182432
1944;65215865
1945;65249298
1946;65282730
1947;65316163
1948;65349596
1949;65383029
1950;65416461
1951;65449894
1952;65483327
1953;65516760
1954;65550224
1955;65583689
1956;65617153
1957;65650649
1958;65684146
1959;65717674
1960;65751202
1961;65784793
1962;65818385
1963;65851976
1964;65885568
1965;65919159
1966;65952751
1967;65986342
1968;66019934
1969;66053525
1970;66087117
1971;66120708
1972;66154300
1973;66187891
1974;66221483
1975;66255074
1976;66288666
1977;66322257
1978;66355849
1979;66389440
1980;66423032
1981;66456623
1982;66490215
1983;66523806
1984;66557398
1985;66590989
1986;66624581
1987;66658172
1988;66691764
1989;66725355
1990;66758947
1991;66792538
1992;66826130
1993;66859721
1994;66893281
1995;66926841
1996;66960337
1997;66993833
1998;67027298
1999;67060762
2000;67094227
2001;67127659
2002;67161092
2003;67194525
2004;67227958
2005;67261390
2006;67294823
2007;67328256
2008;67361689
2009;67395121
2010;67428554
2011;67461987
2012;67495420
2013;67528852
2014;67562285
2015;67595718
2016;67629151
2017;67662583
2018;67696016
2019;67729449
2020;67762882
2021;67796314
2022;67829747
2023;67863180
2024;67896613
2025;67930045
2026;67963478
2027;67996911
2028;68030344
2029;68063808
2030;68097273
2031;68130769
2032;68164265
2033;68197825
2034;68231385
2035;68265008
2036;68298631
2037;68332254
2038;68365878
2039;68399501
2040;68433124
2041;68466747
2042;68500371
2043;68533994
2044;68567617
2045;68601240
2046;68634864
2047;68668487
2048;68702110
2049;68735733
2050;68769357
2051;68802980
2052;68836603
2053;68870226
2054;68903850
2055;68937473
2056;68971096
2057;69004719
2058;69038311
2059;69071902
2060;69105430
2061;69138958
2062;69172455
2063;69205951
2064;69239447
2065;69272912
2066;69306376
2067;69339841
2068;69373273
2069;69406706
2070;69440139
2071;69473572
2072;69507004
2073;69540437
2074;69573870
2075;69607303
2076;69640735
2077;69674168
2078;69707601
2079;69741034
2080;69774466
2081;69807899
2082;69841332
2083;69874765
2084;69908197
2085;69941630
2086;69975063
2087;70008496
2088;70041928
2089;70075361
2090;70108794
2091;70142227
2092;70175659
2093;70209092
2094;70242525
2095;70275958
2096;70309390
2097;70342855
2098;70376319
2099;70409847
2100;70443375
2101;70476935
2102;70510495
2103;70544055
2104;70577614
2105;70611174
2106;70644734
2107;70678294
2108;70711853
2109;70745413
2110;70778973
2111;70812533
2112;70846092
2113;70879652
2114;70913212
2115;70946772
2116;70980331
2117;71013891
2118;71047451
2119;71081011
2120;71114570
2121;71148130
2122;71181690
2123;71215250
2124;71248809
2125;71282369
2126;71315929
2127;71349489
2128;71383048
2129;71416608
2130;71450168
2131;71483728
2132;71517287
2133;71550847
2134;71584407
2135;71617967
2136;71651526
2137;71685086
2138;71718646
2139;71752206
2140;71785765
2141;71819325
2142;71852885
2143;71886445
2144;71920004
2145;71953564
2146;71987124
2147;72020684
2148;72054243
2149;72087803
2150;72121363
2151;72154923
2152;72188482
2153;72222042
2154;72255602
2155;72289162
2156;72322721
2157;72356249
2158;72389777
2159;72423274
2160;72456770
2161;72490203
2162;72523635
2163;72557068
2164;72590501
2165;72623934
2166;72657366
2167;72690799
2168;72724232
2169;72757665
2170;72791097
2171;72824530
2172;72857963
2173;72891396
2174;72924828
2175;72958261
2176;72991694
2177;73025127
2178;73058559
2179;73091992
2180;73125425
2181;73158858
2182;73192290
2183;73225723
2184;73259156
2185;73292589
2186;73326021
2187;73359454
2188;73392887
2189;73426351
2190;73459816
2191;73493344
2192;73526872
2193;73560432
2194;73593991
2195;73627583
2196;73661174
2197;73694798
2198;73728421
2199;73762044
2200;73795667
2201;73829291
2202;73862914
2203;73896537
2204;73930160
2205;73963784
2206;73997407
2207;74031030
2208;74064653
2209;74098277
2210;74131900
2211;74165523
2212;74199146
2213;74232770
2214;74266393
2215;74300016
2216;74333639
2217;74367263
2218;74400854
2219;74434446
2220;74467974
2221;74501502
2222;74534998
2223;74568494
2224;74601959
2225;74635423
2226;74668888
2227;74702352
2228;74735817
2229;74769281
2230;74802746
2231;74836210
2232;74869675
2233;74903139
2234;74936604
2235;74970068
2236;75003533
2237;75036997
2238;75070462
2239;75103926
2240;75137391
2241;75170855
2242;75204320
2243;75237784
2244;75271249
2245;75304713
2246;75338178
2247;75371642
2248;75405107
2249;75438571
2250;75472036
2251;75505500
2252;75538965
2253;75572429
2254;75605894
2255;75639358
2256;75672823
2257;75706287
2258;75739752
2259;75773216
2260;75806681
2261;75840145
2262;75873610
2263;75907074
2264;75940539
2265;75974003
2266;76007468
2267;76040932
2268;76074397
2269;76107861
2270;76141326
2271;76174822
2272;76208318
2273;76241878
2274;76275438
2275;76309029
2276;76342621
2277;76376212
2278;76409804
2279;76443395
2280;76476987
2281;76510578
2282;76544170
2283;76577761
2284;76611353
2285;76644944
2286;76678536
2287;76712127
2288;76745719
2289;76779310
2290;76812902
2291;76846493
2292;76880085
2293;76913676
2294;76947268
2295;76980859
2296;77014451
2297;77048042
2298;77081634
2299;77115225
2300;77148817
2301;77182408
2302;77216000
2303;77249591
2304;77283183
2305;77316742
2306;77350302
2307;77383798
2308;77417295
2309;77450727
2310;77484160
2311;77517593
2312;77551026
2313;77584458
2314;77617891
2315;77651324
2316;77684757
2317;77718189
2318;77751622
2319;77785055
2320;77818488
2321;77851920
2322;77885353
2323;77918786
2324;77952219
2325;77985651
2326;78019084
2327;78052517
2328;78085950
2329;78119382
2330;78152815
2331;78186248
2332;78219681
2333;78253113
2334;78286546
2335;78319979
2336;78353412
2337;78386844
2338;78420277
2339;78453742
2340;78487206
2341;78520702
2342;78554199
2343;78587758
2344;78621318
2345;78654910
2346;78688501
2347;78722093
2348;78755684
2349;78789276
2350;78822899
2351;78856522
2352;78890145
2353;78923769
2354;78957392
2355;78991015
2356;79024638
2357;79058262
2358;79091885
2359;79125508
2360;79159131
2361;79192755
2362;79226378
2363;79260001
2364;79293624
2365;79327248
2366;79360871
2367;79394494
2368;79428117
2369;79461741
2370;79495332
2371;79528924
2372;79562452
2373;79595980
2374;79629444
2375;79662909
2376;79696373
2377;79729838
2378;79763270
2379;79796703
2380;79830104
2381;79863505
2382;79896906
2383;79930307
2384;79963708
2385;79997109
2386;80030510
2387;80063911
2388;80097312
2389;80130713
2390;80164114
2391;80197515
2392;80230916
2393;80264317
2394;80297718
2395;80331119
2396;80364520
2397;80397921
2398;80431322
2399;80464723
2400;80498156
2401;80531589
2402;80565085
2403;80598581
2404;80632141
2405;80665701
2406;80699292
2407;80732884
2408;80766475
2409;80800067
2410;80833658
2411;80867250
2412;80900841
2413;80934433
2414;80968024
2415;81001616
2416;81035207
2417;81135982
2418;81169573
2419;81203165
2420;81236756
2421;81270348
2422;81303939
2423;81337531
2424;81371122
2425;81404714
2426;81438305
2427;81471897
2428;81505488
2429;81539080
2430;81572671
2431;81606263
2432;81639854
2433;81673446
2434;81707037
2435;81740629
2436;81774220
2437;81807780
2438;81841340
2439;81874836
2440;81908332
2441;81941797
2442;81975261
2443;82008694
2444;82042127
2445;82075559
2446;82108992
2447;82142425
2448;82175858
2449;82209290
2450;82242723
2451;82276156
2452;82309589
2453;82343021
2454;82376454
2455;82409887
2456;82443320
2457;82476752
2458;82510185
2459;82543618
2460;82677349
2461;82710782
2462;82744214
2463;82877945
2464;82911410
2465;82944874
2466;82978402
2467;83011930
2468;83045490
2469;83079050
2470;83112641
2471;83146233
2472;83179824
2473;83213416
2474;83247007
2475;83280599
2476;83314190
2477;83347782
2478;83381373
2479;83414965
2480;83448556
2481;83482148
2482;83515739
2483;83549331
2484;83582922
2485;83616514
2486;83650105
2487;83683697
2488;83717288
2489;83750880
2490;83784471
2491;83818063
2492;83851654
2493;83885246
2494;83918837
2495;83952429
2496;83986020
2497;84019612
2498;84053203
2499;84086795
2500;84120386
2501;84153946
2502;84187506
2503;84221002
2504;84254498
2505;84287963
2506;84321427
2507;84354860
2508;84388293
2509;84421694
2510;84455095
2511;84488496
2512;84521897
2513;84555298
2514;84588699
2515;84622100
2516;84655501
2517;84688902
2518;84722303
2519;84755704
2520;84789105
2521;84822506
2522;84855907
2523;84889308
2524;84922709
2525;84956110
2526;84989511
2527;85022912
2528;85056345
2529;85089777
2530;85123274
2531;85156770
2532;85190298
2533;85223826
2534;85257386
2535;85290945
2536;85324537
2537;85358128
2538;85391720
2539;85425311
2540;85458903
2541;85492494
2542;85526086
2543;85559677
2544;85593269
2545;85794818
2546;85828409
2547;85862001
2548;85895592
2549;85929184
2550;85962775
2551;85996367
2552;86029958
2553;86063550
2554;86097141
2555;86130733
2556;86164324
2557;86197916
2558;86231507
2559;86265099
2560;86298690
2561;86332282
2562;86365873
2563;86399465
2564;86433025
2565;86466584
2566;86500081
2567;86533577
2568;86567041
2569;86600506
2570;86633939
2571;86667371
2572;86700804
2573;86734237
2574;86767670
2575;86801102
2576;86834535
2577;86867968
2578;86901401
2579;86934833
2580;86968266
2581;87001699
2582;87035132
2583;87068564
2584;87101997
2585;87135430
2586;87168863
2587;87202295
2588;87235728
2589;87269161
2590;87302594
2591;87336026
2592;87369459
2593;87402892
2594;87436325
2595;87469757
2596;87503190
2597;87536623
2598;87570087
2599;87603552
2600;87637048
2601;87670544
2602;87704072
2603;87737600
2604;87771160
2605;87804720
2606;87838343
2607;87871966
2608;87905590
2609;87939213
2610;87972836
2611;88006459
2612;88040083
2613;88073706
2614;88107329
2615;88140952
2616;88174576
2617;88208199
2618;88241822
2619;88275445
2620;88309069
2621;88342692
2622;88376315
2623;88409938
2624;88443562
2625;88477185
2626;88510808
2627;88544431
2628;88578055
2629;88611646
2630;88645238
2631;88678766
2632;88712294
2633;88745758
2634;88779223
2635;88812687
2636;88846152
2637;88879616
2638;88913081
2639;88946513
2640;88979946
2641;89013379
2642;89046812
2643;89080244
2644;89113677
2645;89147110
2646;89180543
2647;89213975
2648;89247408
2649;89280841
2650;89314274
2651;89347706
2652;89381139
2653;89414572
2654;89448005
2655;89481437
2656;89514870
2657;89548303
2658;89581736
2659;89615168
2660;89648601
2661;89682034
2662;89715467
2663;89748899
2664;89782332
2665;89815765
2666;89849229
2667;89882694
2668;89916222
2669;89949750
2670;89983278
2671;90016838
2672;90050397
2673;90083989
2674;90117580
2675;90151204
2676;90184827
2677;90218450
2678;90252073
2679;90285697
2680;90319320
2681;90352943
2682;90386566
2683;90420190
2684;90453813
2685;90487436
2686;90521059
2687;90554683
2688;90588306
2689;90621929
2690;90655552
2691;90689176
2692;90722799
2693;90756422
2694;90790045
2695;90823669
2696;90857260
2697;90890852
2698;90924380
2699;90957908
2700;90991372
2701;91024837
2702;91058269
2703;91091702
2704;91125135
2705;91158568
2706;91192000
2707;91225433
2708;91258866
2709;91292299
2710;91325731
2711;91359164
2712;91392597
2713;91426030
2714;91459462
2715;91492895
2716;91526328
2717;91559761
2718;91593193
2719;91626626
2720;91660059
2721;91693492
2722;91726924
2723;91760357
2724;91793790
2725;91827223
2726;91860655
2727;91894088
2728;91927521
2729;91960954
2730;91994386
2731;92027819
2732;92061284
2733;92094748
2734;92128276
2735;92161804
2736;92195364
2737;92228924
2738;92262515
2739;92296107
2740;92329730
2741;92363353
2742;92396976
2743;92430600
2744;92464223
2745;92497846
2746;92531469
2747;92565093
2748;92598716
2749;92632339
2750;92665962
2751;92699586
2752;92733209
2753;92766832
2754;92800455
2755;92834079
2756;92867702
2757;92901325
2758;92934948
2759;92968572
2760;93002195
2761;93035786
2762;93069378
2763;93102906
2764;93136434
2765;93169898
2766;93203363
2767;93236827
2768;93270260
2769;93303693
2770;93337094
2771;93370495
2772;93403896
2773;93437297
2774;93470698
2775;93504099
2776;93537500
2777;93570901
2778;93604302
2779;93637703
2780;93671104
2781;93704505
2782;93737906
2783;93771307
2784;93804708
2785;93838109
2786;93871510
2787;93904911
2788;93938312
2789;93971713
2790;94005114
2791;94038547
2792;94071979
2793;94105476
2794;94138972
2795;94172532
2796;94206091
2797;94239683
2798;94273274
2799;94306866
2800;94340457
2801;94374049
2802;94407640
2803;94441232
2804;94474823
2805;94508415
2806;94542006
2807;94575598
2808;94609189
2809;94642781
2810;94676372
2811;94709964
2812;94743555
2813;94777147
2814;94810738
2815;94844330
2816;94877921
2817;94911513
2818;94945104
2819;94978696
2820;95012287
2821;95045879
2822;95079470
2823;95113062
2824;95146653
2825;95180245
2826;95213836
2827;95247428
2828;95281019
2829;95314611
2830;95348202
2831;95381762
2832;95415322
2833;95448850
2834;95482378
2835;95515874
2836;95549370
2837;95582835
2838;95616299
2839;95649764
2840;95683228
2841;95716693
2842;95750157
2843;95783622
2844;95817086
