1;0
2;33369
3;66738
4;100107
5;133477
6;166846
7;200215
8;233584
9;266954
10;300323
11;333692
12;367061
13;400431
14;433800
15;467169
16;500538
17;533908
18;567277
19;600646
20;634015
21;667385
22;700754
23;734123
24;767492
25;800862
26;834231
27;867600
28;900969
29;934339
30;967708
31;1001077
32;1034446
33;1067816
34;1101185
35;1134554
36;1167923
37;1201293
38;1234662
39;1268031
40;1301432
41;1334833
42;1368298
43;1401762
44;1435290
45;1468818
46;1503013
47;1537208
48;1570736
49;1604264
50;1637760
51;1671256
52;1704689
53;1738122
54;1771554
55;1804987
56;1838420
57;1871853
58;1905285
59;1938718
60;1972151
61;2005584
62;2039016
63;2072417
64;2105818
65;2139219
66;2172620
67;2206021
68;2239422
69;2272823
70;2306224
71;2339625
72;2373026
73;2406427
74;2439828
75;2473229
76;2506630
77;2540031
78;2573432
79;2606833
80;2640234
81;2673635
82;2707036
83;2740437
84;2773838
85;2807239
86;2840640
87;2874041
88;2907474
89;2940907
90;2974403
91;3007899
92;3041427
93;3074955
94;3108515
95;3142075
96;3175666
97;3209258
98;3242849
99;3276441
100;3310032
101;3343624
102;3377215
103;3410807
104;3444398
105;3477990
106;3511581
107;3545173
108;3578764
109;3612356
110;3645947
111;3679539
112;3713130
113;3746722
114;3780313
115;3813905
116;3847496
117;3881088
118;3914679
119;3948271
120;3981862
121;4015454
122;4049045
123;4082637
124;4116228
125;4149820
126;4183411
127;4217003
128;4250594
129;4284154
130;4317714
131;4351242
132;4384770
133;4418266
134;4451762
135;4485227
136;4518691
137;4552156
138;4585620
139;4619053
140;4652486
141;4685919
142;4719351
143;4752784
144;4786217
145;4819650
146;4853082
147;4886515
148;4919948
149;4953381
150;4986813
151;5020246
152;5053679
153;5087112
154;5120544
155;5153977
156;5187410
157;5220843
158;5254275
159;5287708
160;5321141
161;5354574
162;5388006
163;5421439
164;5454872
165;5488305
166;5521769
167;5555234
168;5588762
169;5622290
170;5655849
171;5689409
172;5722969
173;5756529
174;5790088
175;5823680
176;5857271
177;5890895
178;5924518
179;5958141
180;5991764
181;6025388
182;6059011
183;6092634
184;6126257
185;6159881
186;6193504
187;6227127
188;6260750
189;6294374
190;6327997
191;6361620
192;6395243
193;6428867
194;6462490
195;6496113
196;6529736
197;6563360
198;6596951
199;6630543
200;6664071
201;6697599
202;6731063
203;6764528
204;6797992
205;6831457
206;6864889
207;6898322
208;6931723
209;6965124
210;6998525
211;7031926
212;7065327
213;7098728
214;7132129
215;7165530
216;7198931
217;7232332
218;7265733
219;7299134
220;7332535
221;7365936
222;7399337
223;7432738
224;7466139
225;7499540
226;7532941
227;7566342
228;7599743
229;7633176
230;7666609
231;7700105
232;7733601
233;7767161
234;7800721
235;7834312
236;7867904
237;7901495
238;7935087
239;7968678
240;8002270
241;8035861
242;8069453
243;8103076
244;8136699
245;8170322
246;8203946
247;8237569
248;8271192
249;8304815
250;8338439
251;8372062
252;8405685
253;8439308
254;8472932
255;8506555
256;8540178
257;8573801
258;8607425
259;8641048
260;8674671
261;8708294
262;8741886
263;8775477
264;8809005
265;8842533
266;8876030
267;8909526
268;8942990
269;8976455
270;9009919
271;9043384
272;9076848
273;9110281
274;9143714
275;9177147
276;9210579
277;9244012
278;9277445
279;9310878
280;9344310
281;9377743
282;9411176
283;9444609
284;9478041
285;9511474
286;9544907
287;9578340
288;9611772
289;9645205
290;9678638
291;9712071
292;9745503
293;9778936
294;9812369
295;9845802
296;9879234
297;9912667
298;9946100
299;9979533
300;10012965
301;10046430
302;10079894
303;10113422
304;10146950
305;10180510
306;10214070
307;10247630
308;10281189
309;10314749
310;10348341
311;10381932
312;10415524
313;10449115
314;10482707
315;10516298
316;10549890
317;10583481
318;10617073
319;10650664
320;10684256
321;10717847
322;10751439
323;10785030
324;10818622
325;10852213
326;10885805
327;10919396
328;10952988
329;10986579
330;11020171
331;11053762
332;11087354
333;11120945
334;11154537
335;11188128
336;11221720
337;11255311
338;11288903
339;11322494
340;11356054
341;11389614
342;11423110
343;11456606
344;11490102
345;11523599
346;11557095
347;11590591
348;11624087
349;11657552
350;11691016
351;11724481
352;11757945
353;11791410
354;11824874
355;11858339
356;11891803
357;11925268
358;11958732
359;11992197
360;12025661
361;12059126
362;12092590
363;12126055
364;12159519
365;12192984
366;12226448
367;12259913
368;12293377
369;12326842
370;12360306
371;12393771
372;12427235
373;12460700
374;12494164
375;12527629
376;12561093
377;12594558
378;12628022
379;12661487
380;12694951
381;12728416
382;12761880
383;12795345
384;12828809
385;12862274
386;12895738
387;12929203
388;12962667
389;12996132
390;13029628
391;13063124
392;13096684
393;13130244
394;13163835
395;13197427
396;13231018
397;13264610
398;13298201
399;13331793
400;13365384
401;13398976
402;13432567
403;13466159
404;13499750
405;13533342
406;13566933
407;13600525
408;13634116
409;13667708
410;13701299
411;13734891
412;13768482
413;13802074
414;13835665
415;13869257
416;13902848
417;13936440
418;13970031
419;14003623
420;14037214
421;14070806
422;14104397
423;14137957
424;14171517
425;14205045
426;14238573
427;14272069
428;14305565
429;14338998
430;14372431
431;14405864
432;14439296
433;14472729
434;14506162
435;14539595
436;14573027
437;14606460
438;14639893
439;14673326
440;14706758
441;14740191
442;14773624
443;14807057
444;14840489
445;14873922
446;14907355
447;14940788
448;14974220
449;15007653
450;15041086
451;15074519
452;15107951
453;15141384
454;15174817
455;15208250
456;15241682
457;15275115
458;15308548
459;15342012
460;15375477
461;15409005
462;15442533
463;15476093
464;15509652
465;15543212
466;15576804
467;15610395
468;15643987
469;15677578
470;15711170
471;15744761
472;15778353
473;15811944
474;15845536
475;15879127
476;15912719
477;15946310
478;15979902
479;16013493
480;16047085
481;16080676
482;16114268
483;16147859
484;16181451
485;16215042
486;16248634
487;16282225
488;16315817
489;16349408
490;16383000
491;16416591
492;16450183
493;16483774
494;16517366
495;16550957
496;16584517
497;16618077
498;16651573
499;16685069
500;16718565
501;16752030
502;16785494
503;16818927
504;16852360
505;16885793
506;16919225
507;16952658
508;16986091
509;17019524
510;17052956
511;17086389
512;17119822
513;17153255
514;17186687
515;17220120
516;17253553
517;17286986
518;17320418
519;17353851
520;17387284
521;17420717
522;17454149
523;17487582
524;17521015
525;17554448
526;17587880
527;17621313
528;17654746
529;17688179
530;17721643
531;17755108
532;17788636
533;17822164
534;17855755
535;17889347
536;17922938
537;17956530
538;17990121
539;18023713
540;18057304
541;18090896
542;18124487
543;18158079
544;18191670
545;18225262
546;18258853
547;18292445
548;18326036
549;18359628
550;18393219
551;18426811
552;18460402
553;18493994
554;18527585
555;18561177
556;18594768
557;18628360
558;18661951
559;18695543
560;18729134
561;18762726
562;18796317
563;18829909
564;18863500
565;18897092
566;18930683
567;18964243
568;18997803
569;19031299
570;19064795
571;19098228
572;19131661
573;19165093
574;19198494
575;19231895
576;19265296
577;19298697
578;19332098
579;19365499
580;19398900
581;19432301
582;19465702
583;19499103
584;19532504
585;19565905
586;19599306
587;19632707
588;19666108
589;19699509
590;19732910
591;19766311
592;19799712
593;19833113
594;19866546
595;19899979
596;19933475
597;19966971
598;20000531
599;20034091
600;20067682
601;20101274
602;20134897
603;20168520
604;20202144
605;20235767
606;20269390
607;20303013
608;20336637
609;20370260
610;20403883
611;20437506
612;20471130
613;20639246
614;20672869
615;20706492
616;20740116
617;20773739
618;20807362
619;20840985
620;20874609
621;20908200
622;20941792
623;20975320
624;21008848
625;21042312
626;21075777
627;21109241
628;21142706
629;21176170
630;21209603
631;21243036
632;21276468
633;21309901
634;21343334
635;21376767
636;21410199
637;21443632
638;21477065
639;21510498
640;21543930
641;21577363
642;21610796
643;21644229
644;21677661
645;21711094
646;21744527
647;21777960
648;21811392
649;21844825
650;21878258
651;21911691
652;21945123
653;21978556
654;22011989
655;22045422
656;22078854
657;22112287
658;22145720
659;22179184
660;22212649
661;22246145
662;22279641
663;22313201
664;22346761
665;22380321
666;22413880
667;22447440
668;22481000
669;22514560
670;22548119
671;22581679
672;22615239
673;22648830
674;22682422
675;22716045
676;22749668
677;22783292
678;22816915
679;22850538
680;22884161
681;22917785
682;22951408
683;22985031
684;23018654
685;23052278
686;23085901
687;23119524
688;23153147
689;23186771
690;23220394
691;23254017
692;23287640
693;23321264
694;23354855
695;23388447
696;23421975
697;23455503
698;23488967
699;23522432
700;23555864
701;23589297
702;23622730
703;23656163
704;23689595
705;23723028
706;23756461
707;23789894
708;23823326
709;23856759
710;23890192
711;23923625
712;23957057
713;23990490
714;24023923
715;24057356
716;24090788
717;24124221
718;24157654
719;24191087
720;24224519
721;24257952
722;24291385
723;24324818
724;24358250
725;24391683
726;24425116
727;24458549
728;24491981
729;24525414
730;24558879
731;24592343
732;24625871
733;24659399
734;24692959
735;24726519
736;24760078
737;24793638
738;24827198
739;24860758
740;24894317
741;24927877
742;24961469
743;24995060
744;25028652
745;25062243
746;25095835
747;25129426
748;25163018
749;25196609
750;25230201
751;25263792
752;25297384
753;25330975
754;25364567
755;25398158
756;25431750
757;25465341
758;25498933
759;25532524
760;25566116
761;25599707
762;25633299
763;25666890
764;25700482
765;25734073
766;25767665
767;25801256
768;25834848
769;25868439
770;26002615
771;26036111
772;26069607
773;26169969
774;26203402
775;26236803
776;26270204
777;26303605
778;26337006
779;26370407
780;26403808
781;26437209
782;26470610
783;26504011
784;26537412
785;26570813
786;26604214
787;26637615
788;26671016
789;26704417
790;26737818
791;26771219
792;26804620
793;26838021
794;26871453
795;26904886
796;26938382
797;26971879
798;27005438
799;27038998
800;27072590
801;27106181
802;27139804
803;27173428
804;27207051
805;27240674
806;27274297
807;27307921
808;27341544
809;27375167
810;27408790
811;27442414
812;27476037
813;27509660
814;27711400
815;27745023
816;27778646
817;27812269
818;27845893
819;27879516
820;27913107
821;27946699
822;27980259
823;28013818
824;28047346
825;28080874
826;28114371
827;28147867
828;28181331
829;28214796
830;28248260
831;28281725
832;28315189
833;28348622
834;28382055
835;28415488
836;28448920
837;28482353
838;28515786
839;28549219
840;28582651
841;28616084
842;28649517
843;28682950
844;28716382
845;28749815
846;28783248
847;28816681
848;28850113
849;28883546
850;28916979
851;28950412
852;28983844
853;29017277
854;29050710
855;29084143
856;29117575
857;29151008
858;29184441
859;29217874
860;29251306
861;29284739
862;29318204
863;29351668
864;29385196
865;29418724
866;29452284
867;29485844
868;29519435
869;29553027
870;29586618
871;29620210
872;29653801
873;29687393
874;29720984
875;29754576
876;29788167
877;29821759
878;29855350
879;29888942
880;29922533
881;29956125
882;29989716
883;30023308
884;30056899
885;30090491
886;30124082
887;30157674
888;30191265
889;30224857
890;30258448
891;30292040
892;30325631
893;30359223
894;30392814
895;30426406
896;30459997
897;30493589
898;30527180
899;30560740
900;30594300
901;30627796
902;30661292
903;30694725
904;30728158
905;30761559
906;30794960
907;30828361
908;30861762
909;30895163
910;30928564
911;30961965
912;30995366
913;31028767
914;31062168
915;31095569
916;31128970
917;31162371
918;31195772
919;31229173
920;31262574
921;31295975
922;31329376
923;31362777
924;31396178
925;31429579
926;31463011
927;31496444
928;31529909
929;31563373
930;31596869
931;31630366
932;31663894
933;31697422
934;31731013
935;31764605
936;31798196
937;31831788
938;31865379
939;31898971
940;31932562
941;31966154
942;31999777
943;32033400
944;32067023
945;32100647
946;32134270
947;32167893
948;32201516
949;32235140
950;32268763
951;32302386
952;32336009
953;32369633
954;32403256
955;32436879
956;32470502
957;32504126
958;32537749
959;32571372
960;32604995
961;32638619
962;32672242
963;32705833
964;32739425
965;32772953
966;32806481
967;32840009
968;32873505
969;32907001
970;32940466
971;32973930
972;33007395
973;33040859
974;33074324
975;33107788
976;33141253
977;33174717
978;33208182
979;33241646
980;33275111
981;33308575
982;33342040
983;33375504
984;33408969
985;33442433
986;33475898
987;33509362
988;33542827
989;33576291
990;33609756
991;33643220
992;33676685
993;33710149
994;33743614
995;33777078
996;33810543
997;33844007
998;33877472
999;33910936
1000;33944401
1001;33977865
1002;34011330
1003;34044794
1004;34078259
1005;34111723
1006;34145188
1007;34178652
1008;34212117
1009;34245581
1010;34279046
1011;34312510
1012;34345975
1013;34379439
1014;34412904
1015;34446368
1016;34479833
1017;34513297
1018;34546762
1019;34580258
1020;34613754
1021;34647282
1022;34680810
1023;34714370
1024;34747930
1025;34781521
1026;34815113
1027;34848704
1028;34882296
1029;34915887
1030;34949479
1031;34983070
1032;35016662
1033;35050253
1034;35083845
1035;35117436
1036;35151028
1037;35184619
1038;35218211
1039;35251802
1040;35285394
1041;35318985
1042;35352577
1043;35386168
1044;35419760
1045;35453351
1046;35486943
1047;35520534
1048;35554126
1049;35587717
1050;35621309
1051;35654900
1052;35688492
1053;35722083
1054;35755675
1055;35789266
1056;35822826
1057;35856386
1058;35889882
1059;35923378
1060;35956843
1061;35990307
1062;36023740
1063;36057173
1064;36090606
1065;36124038
1066;36157471
1067;36190904
1068;36224337
1069;36257769
1070;36291202
1071;36324635
1072;36358068
1073;36391500
1074;36424933
1075;36458366
1076;36491799
1077;36525231
1078;36558664
1079;36592097
1080;36625530
1081;36658962
1082;36692395
1083;36725828
1084;36759261
1085;36792693
1086;36826126
1087;36859559
1088;36892992
1089;36926424
1090;36959857
1091;36993322
1092;37026786
1093;37060314
1094;37093842
1095;37127402
1096;37160962
1097;37194521
1098;37228081
1099;37261673
1100;37295264
1101;37328856
1102;37362447
1103;37396039
1104;37429630
1105;37463222
1106;37496813
1107;37530405
1108;37563996
1109;37597588
1110;37631179
1111;37664771
1112;37698362
1113;37731954
1114;37765545
1115;37799137
1116;37832728
1117;37866320
1118;37899911
1119;37933503
1120;37967094
1121;38000686
1122;38034277
1123;38067869
1124;38101460
1125;38135052
1126;38168643
1127;38202235
1128;38235826
1129;38269386
1130;38302946
1131;38336474
1132;38370002
1133;38403498
1134;38436994
1135;38470490
1136;38503987
1137;38537451
1138;38570916
1139;38604380
1140;38637845
1141;38671309
1142;38704774
1143;38738238
1144;38771703
1145;38805167
1146;38838632
1147;38872096
1148;38905561
1149;38939025
1150;38972490
1151;39005954
1152;39039419
1153;39072883
1154;39106348
1155;39139812
1156;39173277
1157;39206741
1158;39240206
1159;39273670
1160;39307135
1161;39340599
1162;39374064
1163;39407528
1164;39440993
1165;39474457
1166;39507922
1167;39541386
1168;39574851
1169;39608315
1170;39641780
1171;39675244
1172;39708709
1173;39742173
1174;39775638
1175;39809102
1176;39842567
1177;39876031
1178;39909496
1179;39942960
1180;39976425
1181;40009889
1182;40043385
1183;40076882
1184;40110441
1185;40144001
1186;40177624
1187;40211248
1188;40244871
1189;40278494
1190;40312117
1191;40345741
1192;40379364
1193;40412987
1194;40446610
1195;40480234
1196;40513857
1197;40547480
1198;40581103
1199;40614727
1200;40648350
1201;40681973
1202;40715596
1203;40749220
1204;40782843
1205;40816466
1206;40850089
1207;40883713
1208;40917304
1209;40950896
1210;40984424
1211;41017952
1212;41051416
1213;41084881
1214;41118345
1215;41151810
1216;41185274
1217;41218739
1218;41252203
1219;41285668
1220;41319132
1221;41352597
1222;41386061
1223;41419526
1224;41452990
1225;41486455
1226;41519919
1227;41553384
1228;41586848
1229;41620313
1230;41653777
1231;41687242
1232;41720706
1233;41754171
1234;41787635
1235;41821100
1236;41854564
1237;41888029
1238;41921493
1239;41954958
1240;41988422
1241;42021887
1242;42055351
1243;42088816
1244;42122280
1245;42155745
1246;42189209
1247;42222674
1248;42256138
1249;42289603
1250;42323067
1251;42356532
1252;42389996
1253;42423461
1254;42456925
1255;42490390
1256;42523854
1257;42557319
1258;42590783
1259;42624248
