1;0
2;33369
3;66738
4;100107
5;133477
6;166846
7;200215
8;233584
9;266954
10;300323
11;333692
12;367061
13;400431
14;433800
15;467169
16;500538
17;533908
18;567277
19;600646
20;634015
21;667385
22;700754
23;734123
24;767492
25;800862
26;834231
27;867600
28;900969
29;934339
30;967708
31;1001077
32;1034446
33;1067816
34;1101185
35;1134554
36;1167923
37;1201293
38;1234662
39;1268031
40;1301432
41;1334833
42;1368298
43;1401762
44;1435290
45;1468818
46;1502346
47;1535874
48;1569434
49;1602994
50;1636585
51;1670177
52;1703768
53;1737391
54;1771015
55;1804638
56;1838261
57;1871884
58;1905508
59;1939131
60;1972754
61;2006377
62;2040001
63;2073624
64;2107247
65;2140870
66;2174494
67;2208117
68;2241740
69;2275363
70;2308987
71;2342610
72;2376233
73;2409825
74;2443416
75;2476944
76;2510472
77;2543937
78;2577401
79;2610834
80;2644267
81;2677699
82;2711132
83;2744565
84;2777998
85;2811430
86;2844863
87;2878296
88;2911729
89;2945161
90;2978594
91;3012027
92;3045460
93;3078892
94;3112325
95;3145758
96;3179191
97;3212623
98;3246056
99;3279489
100;3312922
101;3346354
102;3379787
103;3413220
104;3446653
105;3480085
106;3513518
107;3546951
108;3580415
109;3613880
110;3647408
111;3680936
112;3714464
113;3748024
114;3781583
115;3815143
116;3848703
117;3882263
118;3915854
119;3949446
120;3983037
121;4016629
122;4050220
123;4083812
124;4117403
125;4150995
126;4184586
127;4218178
128;4251769
129;4285361
130;4318952
131;4352544
132;4386135
133;4419727
134;4453318
135;4486910
136;4520501
137;4554093
138;4587684
139;4621276
140;4654867
141;4688459
142;4722050
143;4755642
144;4789233
145;4822825
146;4856416
147;4889976
148;4923536
149;4957032
150;4990528
151;5023961
152;5057394
153;5090826
154;5124259
155;5157692
156;5191125
157;5224557
158;5257990
159;5291423
160;5324856
161;5358288
162;5391721
163;5425154
164;5458587
165;5492019
166;5525452
167;5558885
168;5592318
169;5625750
170;5659183
171;5692616
172;5726049
173;5759481
174;5792914
175;5826347
176;5859780
177;5893212
178;5926645
179;5960078
180;5993542
181;6027007
182;6060535
183;6094063
184;6127591
185;6161119
186;6194679
187;6228238
188;6261830
189;6295421
190;6329013
191;6362604
192;6396196
193;6429787
194;6463379
195;6496970
196;6530562
197;6564153
198;6597745
199;6631336
200;6664928
201;6698519
202;6732111
203;6765702
204;6799294
205;6832885
206;6866477
207;6900068
208;6933660
209;6967251
210;7000843
211;7034434
212;7068026
213;7101617
214;7135209
215;7168800
216;7202392
217;7235983
218;7269575
219;7303135
220;7336694
221;7370191
222;7403687
223;7437151
224;7470616
225;7504080
226;7537545
227;7571009
228;7604442
229;7637875
230;7671308
231;7704740
232;7738173
233;7771606
234;7805039
235;7838471
236;7871904
237;7905337
238;7938770
239;7972202
240;8005635
241;8039068
242;8072501
243;8105933
244;8139366
245;8172799
246;8206232
247;8239664
248;8273097
249;8306530
250;8339963
251;8373395
252;8406828
253;8440261
254;8473725
255;8507190
256;8540718
257;8574246
258;8607806
259;8641365
260;8674957
261;8708548
262;8742172
263;8775795
264;8809418
265;8843041
266;8876665
267;8910288
268;8943911
269;8977534
270;9011158
271;9044781
272;9078404
273;9112027
274;9145651
275;9179274
276;9212897
277;9246520
278;9280144
279;9313767
280;9347390
281;9381013
282;9414637
283;9448228
284;9481820
285;9515348
286;9548876
287;9582372
288;9615868
289;9649333
290;9682797
291;9716230
292;9749663
293;9783095
294;9816496
295;9849897
296;9883298
297;9916699
298;9950100
299;9983501
300;10016902
301;10050303
302;10083704
303;10117105
304;10150506
305;10183907
306;10217308
307;10250709
308;10284110
309;10317511
310;10350912
311;10384313
312;10417714
313;10451115
314;10484548
315;10517981
316;10551445
317;10584910
318;10618438
319;10651966
320;10685526
321;10719085
322;10752677
323;10786268
324;10819860
325;10853451
326;10887043
327;10920634
328;10954226
329;10987849
330;11021472
331;11055096
332;11088719
333;11122342
334;11155965
335;11189589
336;11223212
337;11256835
338;11290458
339;11324082
340;11357705
341;11391328
342;11424951
343;11458575
344;11492198
345;11525821
346;11559444
347;11593068
348;11626691
349;11660282
350;11693874
351;11727402
352;11760930
353;11794394
354;11827859
355;11861292
356;11894724
357;11928125
358;11961526
359;11994927
360;12028328
361;12061729
362;12095130
363;12128531
364;12161932
365;12195333
366;12228734
367;12262135
368;12295536
369;12328937
370;12362338
371;12395739
372;12429140
373;12462541
374;12495942
375;12529343
376;12562744
377;12596145
378;12629578
379;12663011
380;12696507
381;12730003
382;12763563
383;12797123
384;12830714
385;12864306
386;12897897
387;12931489
388;12965080
389;12998672
390;13032263
391;13065855
392;13099446
393;13133038
394;13166629
395;13200221
396;13233812
397;13267404
398;13300995
399;13334587
400;13368178
401;13401770
402;13435361
403;13468953
404;13502544
405;13536136
406;13569727
407;13603319
408;13636910
409;13670502
410;13704093
411;13737685
412;13771276
413;13804868
414;13838459
415;13872051
416;13905642
417;13939234
418;13972825
419;14006385
420;14039945
421;14073441
422;14106937
423;14140402
424;14173866
425;14207299
426;14240732
427;14274165
428;14307597
429;14341030
430;14374463
431;14407896
432;14441328
433;14474761
434;14508194
435;14541627
436;14575059
437;14608492
438;14641925
439;14675358
440;14708790
441;14742223
442;14775656
443;14809089
444;14842521
445;14875954
446;14909387
447;14942820
448;14976252
449;15009685
450;15043118
451;15076551
452;15109983
453;15143416
454;15176881
455;15210345
456;15243841
457;15277338
458;15310866
459;15344394
460;15377953
461;15411513
462;15445073
463;15478664
464;15512256
465;15545847
466;15579439
467;15613030
468;15646654
469;15680277
470;15713900
471;15747523
472;15781147
473;15814770
474;15848393
475;15882016
476;15915640
477;15949263
478;15982886
479;16016509
480;16050133
481;16083756
482;16117379
483;16151002
484;16184626
485;16218249
486;16251872
487;16285464
488;16319055
489;16352583
490;16386111
491;16419639
492;16453135
493;16486632
494;16520128
495;16553592
496;16587057
497;16620521
498;16653986
499;16687419
500;16720851
501;16754284
502;16787717
503;16821150
504;16854582
505;16888015
506;16921448
507;16954881
508;16988313
509;17021746
510;17055179
511;17088612
512;17122044
513;17155477
514;17188910
515;17222343
516;17255775
517;17289208
518;17322641
519;17356074
520;17389506
521;17422939
522;17456372
523;17489805
524;17523237
525;17556670
526;17590103
527;17623567
528;17657032
529;17690560
530;17724088
531;17757679
532;17791271
533;17824862
534;17858454
535;17892045
536;17925637
537;17959228
538;17992820
539;18026411
540;18060003
541;18093594
542;18127186
543;18160777
544;18194369
545;18227960
546;18261552
547;18295143
548;18328735
549;18362326
550;18395918
551;18429509
552;18463101
553;18496692
554;18530284
555;18563875
556;18597467
557;18631058
558;18664650
559;18698241
560;18731833
561;18765424
562;18799016
563;18832576
564;18866135
565;18899663
566;18933191
567;18966656
568;19000120
569;19033553
570;19066986
571;19100419
572;19133851
573;19167284
574;19200717
575;19234150
576;19267582
577;19301015
578;19334448
579;19367881
580;19401313
581;19434746
582;19468179
583;19501612
584;19535044
585;19568477
586;19601910
587;19635343
588;19668775
589;19702208
590;19735641
591;19769074
592;19802506
593;19835939
594;19869372
595;19902805
596;19936237
597;19969702
598;20003166
599;20036694
600;20070222
601;20103782
602;20137342
603;20170902
604;20204461
605;20238053
606;20271644
607;20305236
608;20338827
609;20372419
610;20406010
611;20439602
612;20473193
613;20506785
614;20540376
615;20573968
616;20607559
617;20641151
618;20674742
619;20708334
620;20741925
621;20775517
622;20809108
623;20842700
624;20876291
625;20909883
626;20943474
627;20977066
628;21010657
629;21044249
630;21077840
631;21111432
632;21145023
633;21178615
634;21212206
635;21245766
636;21279326
637;21312822
638;21346318
639;21379783
640;21413247
641;21446680
642;21480113
643;21513546
644;21546978
645;21580411
646;21613844
647;21647277
648;21680709
649;21714142
650;21747575
651;21781008
652;21814440
653;21847873
654;21881306
655;21914739
656;21948171
657;21981604
658;22015037
659;22048470
660;22081902
661;22115335
662;22148768
663;22182201
664;22215633
665;22249066
666;22282499
667;22315932
668;22349364
669;22382829
670;22416293
671;22449821
672;22483349
673;22516909
674;22550469
675;22584060
676;22617652
677;22651243
678;22684835
679;22718426
680;22752018
681;22785609
682;22819201
683;22852792
684;22886384
685;22919975
686;22953567
687;22987158
688;23020750
689;23054341
690;23087933
691;23121524
692;23155116
693;23188707
694;23222299
695;23255890
696;23289482
697;23323073
698;23356665
699;23390256
700;23423848
701;23457439
702;23491031
703;23524622
704;23558214
705;23591805
706;23625365
707;23658925
708;23692453
709;23725981
710;23759445
711;23792910
712;23826343
713;23859775
714;23893208
715;23926641
716;23960074
717;23993506
718;24026939
719;24060372
720;24093805
721;24127237
722;24160670
723;24194103
724;24227536
725;24260968
726;24294401
727;24327834
728;24361267
729;24394699
730;24428132
731;24461565
732;24494998
733;24528430
734;24561863
735;24595296
736;24628729
737;24662161
738;24695594
739;24729027
740;24762491
741;24795956
742;24829484
743;24863012
744;24896540
745;24930068
746;24963628
747;24997187
748;25030747
749;25064307
750;25097867
751;25131426
752;25164986
753;25198578
754;25232169
755;25265761
756;25299352
757;25332944
758;25366535
759;25400127
760;25433718
761;25467310
762;25500901
763;25534493
764;25568084
765;25601676
766;25635267
767;25668859
768;25702450
769;25736042
770;25769633
771;25803225
772;25836816
773;25870408
774;25903999
775;25937591
776;25971182
777;26004774
778;26038365
779;26071957
780;26105548
781;26139108
782;26172668
783;26206164
784;26239660
785;26273125
786;26306589
787;26340054
788;26373486
789;26406919
790;26440352
791;26473785
792;26507217
793;26540650
794;26574083
795;26607516
796;26640948
797;26674381
798;26707814
799;26741247
800;26774679
801;26808112
802;26841545
803;26874978
804;26908410
805;26941843
806;26975276
807;27008709
808;27042141
809;27075574
810;27109007
811;27142440
812;27175872
813;27209305
814;27242738
815;27276202
816;27309667
817;27343195
818;27376723
819;27410314
820;27443906
821;27477529
822;27511152
823;27544776
824;27578399
825;27612022
826;27645645
827;27679269
828;27712892
829;27746515
830;27780138
831;27813762
832;27847385
833;27881008
834;27914631
835;27948255
836;27981878
837;28015501
838;28049124
839;28082748
840;28116371
841;28149994
842;28183617
843;28217209
844;28250800
845;28284328
846;28317856
847;28351321
848;28384785
849;28418218
850;28451651
851;28485084
852;28518516
853;28551949
854;28585382
855;28618815
856;28652247
857;28685680
858;28719113
859;28752546
860;28785978
861;28819411
862;28852844
863;28886277
864;28919709
865;28953142
866;28986575
867;29020008
868;29053440
869;29086873
870;29120306
871;29153739
872;29187171
873;29220604
874;29254037
875;29287470
876;29320902
877;29354335
878;29387768
879;29421201
880;29454665
881;29488130
882;29521658
883;29555186
884;29588745
885;29622305
886;29655897
887;29689488
888;29723080
889;29756671
890;29790263
891;29823886
892;29857509
893;29891132
894;29924756
895;29958379
896;29992002
897;30025625
898;30059249
899;30092872
900;30126495
901;30160118
902;30193742
903;30227365
904;30260988
905;30294611
906;30328235
907;30361858
908;30395481
909;30429104
910;30462696
911;30496287
912;30529815
913;30563343
914;30596840
915;30630336
916;30663800
917;30697265
918;30730729
919;30764194
920;30797658
921;30831123
922;30864587
923;30898052
924;30931516
925;30964981
926;30998445
927;31031910
928;31065374
929;31098839
930;31132303
931;31165768
932;31199232
933;31232697
934;31266161
935;31299626
936;31333090
937;31366555
938;31400019
939;31433484
940;31466948
941;31500413
942;31533877
943;31567342
944;31600806
945;31634271
946;31667735
947;31701200
948;31734664
949;31768129
950;31801593
951;31835058
952;31868522
953;31901987
954;31935451
955;31968916
956;32002380
957;32035845
958;32069309
959;32102774
960;32136238
961;32169703
962;32203167
963;32236664
964;32270160
965;32303688
966;32337216
967;32370776
968;32404335
969;32437895
970;32471455
971;32505015
972;32538574
973;32572134
974;32605694
975;32639254
976;32672813
977;32706373
978;32739933
979;32773493
980;32807052
981;32840612
982;32874172
983;32907732
984;32941291
985;32974851
986;33008411
987;33041971
988;33075530
989;33109090
990;33142650
991;33176210
992;33209769
993;33243329
994;33276889
995;33310449
996;33344008
997;33377568
998;33411128
999;33444688
1000;33478247
1001;33511807
1002;33545367
1003;33578927
1004;33612486
1005;33646046
1006;33679606
1007;33713166
1008;33746725
1009;33780285
1010;33813845
1011;33847405
1012;33880964
1013;33914524
1014;33948084
1015;33981644
1016;34015203
1017;34048763
1018;34082291
1019;34115819
1020;34149284
1021;34182748
1022;34216181
1023;34249614
1024;34283046
1025;34316479
1026;34349912
1027;34383345
1028;34416777
1029;34450210
1030;34483643
1031;34517076
1032;34550508
1033;34583941
1034;34617374
1035;34650807
1036;34684239
1037;34717672
1038;34751105
1039;34784538
1040;34817970
1041;34851403
1042;34884836
1043;34918269
1044;34951701
1045;34985134
1046;35018567
1047;35052000
1048;35085432
1049;35118897
1050;35152361
1051;35185889
1052;35219417
1053;35252977
1054;35286537
1055;35320128
1056;35353720
1057;35387311
1058;35420903
1059;35454494
1060;35488118
1061;35521741
1062;35555364
1063;35588987
1064;35622611
1065;35656234
1066;35689857
1067;35723480
1068;35757104
1069;35790727
1070;35824350
1071;35857973
1072;35891597
1073;35925220
1074;35958843
1075;35992466
1076;36026090
1077;36059713
1078;36093336
1079;36126928
1080;36160519
1081;36194047
1082;36227575
1083;36261071
1084;36294568
1085;36328032
1086;36361497
1087;36394929
1088;36428362
1089;36461795
1090;36495228
1091;36528660
1092;36562093
1093;36595526
1094;36628959
1095;36662391
1096;36695824
1097;36729257
1098;36762690
1099;36796122
1100;36829555
1101;36862988
1102;36896421
1103;36929853
1104;36963286
1105;36996719
1106;37030152
1107;37063584
1108;37097017
1109;37130450
1110;37163883
1111;37197315
1112;37230748
1113;37264181
1114;37297614
1115;37331046
1116;37364511
1117;37397975
1118;37431503
1119;37465031
1120;37498591
1121;37532151
1122;37565742
1123;37599334
1124;37632957
1125;37666580
1126;37700204
1127;37733827
1128;37767450
1129;37801073
1130;37834697
1131;37868320
1132;37901943
1133;37935566
1134;37969190
1135;38002813
1136;38036436
1137;38070059
1138;38103683
1139;38137306
1140;38170929
1141;38204552
1142;38238176
1143;38271799
1144;38305422
1145;38339014
1146;38372605
1147;38406133
1148;38439661
1149;38473157
1150;38506654
1151;38540150
1152;38573646
1153;38607142
1154;38640607
1155;38674071
1156;38707536
1157;38741000
1158;38774465
1159;38807929
1160;38841394
1161;38874858
1162;38908323
1163;38941787
1164;38975252
1165;39008716
1166;39042181
1167;39075645
1168;39109110
1169;39142574
1170;39176039
1171;39209503
1172;39242968
1173;39276432
1174;39309897
1175;39343361
1176;39376826
1177;39410290
1178;39443755
1179;39477219
1180;39510684
1181;39544148
1182;39577613
1183;39611077
1184;39644542
1185;39678006
1186;39711471
1187;39744935
1188;39778400
1189;39811864
1190;39845329
1191;39878793
1192;39912258
1193;39945722
1194;39979187
1195;40012651
1196;40046116
1197;40079580
1198;40113045
1199;40146509
1200;40179974
1201;40213470
1202;40246966
1203;40280526
1204;40314086
1205;40347646
1206;40381205
1207;40414765
1208;40448325
1209;40481885
1210;40515444
1211;40549004
1212;40582564
1213;40616124
1214;40649683
1215;40683243
1216;40716803
1217;40750363
1218;40783922
1219;40817482
1220;40851042
1221;40884602
1222;40918161
1223;40951721
1224;40985281
1225;41018841
1226;41052400
1227;41085960
1228;41119520
1229;41153080
1230;41186639
1231;41220199
1232;41253759
1233;41287319
1234;41320878
1235;41354438
1236;41387998
1237;41421558
1238;41455117
1239;41488677
1240;41522237
1241;41555797
1242;41589356
1243;41622916
1244;41656476
1245;41690036
1246;41723595
1247;41757155
1248;41790715
1249;41824275
1250;41857834
1251;41891394
1252;41924954
1253;41958514
1254;41992073
1255;42025601
1256;42059129
1257;42092626
1258;42126122
1259;42159586
1260;42193051
1261;42226515
1262;42259980
1263;42293444
1264;42326909
1265;42360373
1266;42393838
1267;42427302
1268;42460767
1269;42494231
1270;42527696
1271;42561160
1272;42594625
1273;42628089
1274;42661554
1275;42695018
1276;42728483
1277;42761947
1278;42795412
1279;42828876
1280;42862341
1281;42895805
1282;42929270
1283;42962734
1284;42996199
1285;43029663
1286;43063128
1287;43096592
1288;43130057
1289;43163521
1290;43196986
1291;43230450
1292;43263915
1293;43297379
1294;43330844
1295;43364308
1296;43397773
1297;43431237
1298;43464702
1299;43498166
1300;43531631
1301;43565095
1302;43598560
1303;43632056
1304;43665552
1305;43699112
1306;43732672
1307;43766263
1308;43799855
1309;43833446
1310;43867038
1311;43900629
1312;43934221
1313;43967812
1314;44001404
1315;44034995
1316;44068587
1317;44102178
1318;44135770
1319;44169361
1320;44202953
1321;44236544
1322;44270136
1323;44303727
1324;44337319
1325;44370910
1326;44404502
1327;44438093
1328;44471685
1329;44505276
1330;44538868
1331;44572459
1332;44606051
1333;44639642
1334;44673234
1335;44706825
1336;44740417
1337;44773977
1338;44807536
1339;44841033
1340;44874529
1341;44907993
1342;44941458
1343;44974922
1344;45008387
1345;45041851
1346;45075316
1347;45108780
1348;45142245
1349;45175709
1350;45209174
1351;45242638
1352;45276103
1353;45309567
1354;45343032
1355;45376496
1356;45409961
1357;45443425
1358;45476890
1359;45510354
1360;45543819
1361;45577283
1362;45610748
1363;45644212
1364;45677677
1365;45711141
1366;45744606
1367;45778070
1368;45811535
1369;45844999
1370;45878464
1371;45911928
1372;45945393
1373;45978857
1374;46012322
1375;46045786
1376;46079251
1377;46112715
1378;46146180
1379;46179644
1380;46213109
1381;46246573
1382;46280038
1383;46313502
1384;46346967
1385;46380431
1386;46413928
1387;46447424
1388;46480984
1389;46514543
1390;46548135
1391;46581726
1392;46615318
1393;46648941
1394;46682564
1395;46716188
1396;46749811
1397;46783434
1398;46817057
1399;46850681
1400;46884304
1401;46917927
1402;46951550
1403;46985174
1404;47018797
1405;47052420
1406;47086043
1407;47119667
1408;47153290
1409;47186913
1410;47220536
1411;47254160
1412;47287751
1413;47321343
1414;47354871
1415;47388399
1416;47421895
1417;47455391
1418;47488856
1419;47522320
1420;47555785
1421;47589217
1422;47622650
1423;47656083
1424;47689516
1425;47722948
1426;47756381
1427;47789814
1428;47823247
1429;47856679
1430;47890112
1431;47923545
1432;47956978
1433;47990410
1434;48023843
1435;48057276
1436;48090709
1437;48124141
1438;48157574
1439;48191007
1440;48224440
1441;48257872
1442;48291305
1443;48324738
1444;48358171
1445;48391603
1446;48425036
1447;48458469
1448;48491902
1449;48525334
1450;48558799
1451;48592263
1452;48625791
1453;48659319
1454;48692879
1455;48726439
1456;48760030
1457;48793622
1458;48827213
1459;48860805
1460;48894396
1461;48927988
1462;48961579
1463;48995171
1464;49028762
1465;49062354
1466;49095945
1467;49129537
1468;49163128
1469;49196720
1470;49230311
1471;49263903
1472;49297494
1473;49331086
1474;49364677
1475;49398269
1476;49431860
1477;49465452
1478;49499043
1479;49532635
1480;49566226
1481;49599818
1482;49633409
1483;49667001
1484;49700592
1485;49734184
1486;49767775
1487;49801335
1488;49834895
1489;49868391
1490;49901887
1491;49935352
1492;49968816
1493;50002281
1494;50035745
1495;50069210
1496;50102674
1497;50136139
1498;50169603
1499;50203068
1500;50236532
1501;50269997
1502;50303461
1503;50336926
1504;50370390
1505;50403855
1506;50437319
1507;50470784
1508;50504248
1509;50537713
1510;50571177
1511;50604642
1512;50638106
1513;50671571
1514;50705035
1515;50738500
1516;50771964
1517;50805429
1518;50838893
1519;50872358
1520;50905822
1521;50939287
1522;50972751
1523;51006216
1524;51039680
1525;51073145
1526;51106609
1527;51140074
1528;51173538
1529;51207003
1530;51240467
1531;51273932
1532;51307396
1533;51340861
1534;51374325
1535;51407822
1536;51441318
1537;51474846
1538;51508374
1539;51541934
1540;51575493
1541;51609053
1542;51642613
1543;51676173
1544;51709732
1545;51743292
1546;51776852
1547;51810412
1548;51843971
1549;51877531
1550;51911091
1551;51944651
1552;51978210
1553;52011770
1554;52045330
1555;52078890
1556;52112449
1557;52146009
1558;52179569
1559;52213129
1560;52246688
1561;52280248
1562;52313808
1563;52347368
1564;52380927
1565;52414487
1566;52448047
1567;52481607
1568;52515166
1569;52548726
1570;52582286
1571;52615846
1572;52649405
1573;52682965
1574;52716525
1575;52750085
1576;52783644
1577;52817204
1578;52850764
1579;52884324
1580;52917883
1581;52951443
1582;52985003
1583;53018563
1584;53052122
1585;53085682
1586;53119242
1587;53152802
1588;53186361
1589;53219921
1590;53253449
1591;53286977
1592;53320505
1593;53354001
1594;53387498
1595;53420962
1596;53454427
1597;53487859
1598;53521292
1599;53554725
1600;53588158
1601;53621590
1602;53655023
1603;53688456
1604;53721889
1605;53755321
1606;53788754
1607;53822187
1608;53855620
1609;53889052
1610;53922485
1611;53955918
1612;53989351
1613;54022783
1614;54056216
1615;54089649
1616;54123082
1617;54156514
1618;54189947
1619;54223380
1620;54256813
1621;54290245
1622;54323678
1623;54357111
1624;54390575
1625;54424040
1626;54457568
1627;54491096
1628;54524656
1629;54558215
1630;54591775
1631;54625367
1632;54658958
1633;54692550
1634;54726141
1635;54759733
1636;54793324
1637;54826916
1638;54860507
1639;54894099
1640;54927690
1641;54961282
1642;54994873
1643;55028465
1644;55062056
1645;55095648
1646;55129239
1647;55162831
1648;55196422
1649;55230014
1650;55263605
1651;55297197
1652;55330788
1653;55364380
1654;55397971
1655;55431563
1656;55465154
1657;55498746
1658;55532337
1659;55565929
1660;55599520
1661;55633112
1662;55666671
1663;55700231
1664;55733759
1665;55767287
1666;55800783
1667;55834280
1668;55867744
1669;55901209
1670;55934641
1671;55968074
1672;56001507
1673;56034940
1674;56068372
1675;56101805
1676;56135238
1677;56168671
1678;56202103
1679;56235536
1680;56268969
1681;56302402
1682;56335834
1683;56369267
1684;56402700
1685;56436133
1686;56469565
1687;56502998
1688;56536431
1689;56569864
1690;56603296
1691;56636729
1692;56670162
1693;56703595
1694;56737027
1695;56770460
1696;56803893
1697;56837326
1698;56870790
1699;56904255
1700;56937783
1701;56971311
1702;57004870
1703;57038430
1704;57071990
1705;57105581
1706;57139173
1707;57172796
1708;57206419
1709;57240043
1710;57273666
1711;57307289
1712;57340912
1713;57374536
1714;57408159
1715;57441782
1716;57475405
1717;57509029
1718;57542652
1719;57576275
1720;57609898
1721;57643522
1722;57677145
1723;57710768
1724;57744391
1725;57778015
1726;57811638
1727;57845261
1728;57878853
1729;57912444
1730;57945972
1731;57979500
1732;58012996
1733;58046493
1734;58079957
1735;58113422
1736;58146854
1737;58180287
1738;58213720
1739;58247153
1740;58280585
1741;58314018
1742;58347451
1743;58380884
1744;58414316
1745;58447749
1746;58481182
1747;58514615
1748;58548047
1749;58581480
1750;58614913
1751;58648346
1752;58681778
1753;58715211
1754;58748644
1755;58782077
1756;58815509
1757;58848942
1758;58882375
1759;58915808
1760;58949240
1761;58982673
1762;59016106
1763;59049539
1764;59082971
1765;59116436
1766;59149900
1767;59183428
1768;59216956
1769;59250548
1770;59284139
1771;59317731
1772;59351322
1773;59384946
1774;59418569
1775;59452192
1776;59485815
1777;59519439
1778;59553062
1779;59586685
1780;59620308
1781;59653932
1782;59687555
1783;59721178
1784;59754801
1785;59788425
1786;59822048
1787;59855671
1788;59889294
1789;59922918
1790;59956541
1791;59990164
1792;60023787
1793;60057379
1794;60090970
1795;60124498
1796;60158026
1797;60191523
1798;60225019
1799;60258483
1800;60291948
1801;60325381
1802;60358813
1803;60392246
1804;60425679
1805;60459112
1806;60492544
1807;60525977
1808;60559410
1809;60592843
1810;60626275
1811;60659708
1812;60693141
1813;60726574
1814;60760006
1815;60793439
1816;60826872
1817;60860305
1818;60893737
1819;60927170
1820;60960603
1821;60994036
1822;61027468
1823;61060901
1824;61094334
1825;61127767
1826;61161199
1827;61194632
1828;61228065
1829;61261498
1830;61294962
1831;61328427
1832;61361955
1833;61395483
1834;61429042
1835;61462602
1836;61496162
1837;61529722
1838;61563313
1839;61596905
1840;61630496
1841;61664119
1842;61697743
1843;61731366
1844;61764989
1845;61798612
1846;61832236
1847;61865859
1848;61899482
1849;61933105
1850;61966729
1851;62000352
1852;62033975
1853;62067598
1854;62101222
1855;62134845
1856;62168468
1857;62202091
1858;62235715
1859;62269338
1860;62302929
1861;62336521
1862;62370049
1863;62403577
1864;62437073
1865;62470569
1866;62504002
1867;62537435
1868;62570868
1869;62604300
1870;62637733
1871;62671166
1872;62704599
1873;62738031
1874;62771464
1875;62804897
1876;62838330
1877;62871762
1878;62905195
1879;62938628
1880;62972061
1881;63005493
1882;63038926
1883;63072359
1884;63105792
1885;63139224
1886;63172657
1887;63206090
1888;63239523
1889;63272955
1890;63306388
1891;63339821
1892;63373254
1893;63406686
1894;63440119
1895;63473552
1896;63507016
1897;63540481
1898;63574009
1899;63607537
1900;63641065
1901;63674625
1902;63708184
1903;63741744
1904;63775336
1905;63808927
1906;63842519
1907;63876110
1908;63909702
1909;63943293
1910;63976885
1911;64010476
1912;64044068
1913;64077659
1914;64111251
1915;64144842
1916;64178434
1917;64212025
1918;64245617
1919;64279208
1920;64312800
1921;64346391
1922;64379983
1923;64413574
1924;64447166
1925;64480757
1926;64514349
1927;64547940
1928;64581532
1929;64615123
1930;64648715
1931;64783049
1932;64816609
1933;64850137
1934;64883665
1935;64917161
1936;64950657
1937;64984122
1938;65017586
1939;65051019
1940;65084452
1941;65117884
1942;65151317
1943;65184750
1944;65218183
1945;65251615
1946;65285048
1947;65318481
1948;65351914
1949;65385346
1950;65418779
1951;65452212
1952;65485645
1953;65519077
1954;65552510
1955;65585943
1956;65619376
1957;65652808
1958;65686241
1959;65719674
1960;65853405
1961;65886838
1962;65920270
1963;65953703
1964;65987136
1965;66020600
1966;66054065
1967;66087593
1968;66121121
1969;66154681
1970;66188240
1971;66221864
1972;66255487
1973;66289110
1974;66322733
1975;66356357
1976;66389980
1977;66423603
1978;66457226
1979;66490850
1980;66524473
1981;66558096
1982;66591719
1983;66625343
1984;66658966
1985;66692589
1986;66726212
1987;66759836
1988;66793459
1989;66827082
1990;66860705
1991;66894329
1992;66927952
1993;66961575
1994;66995167
1995;67028758
1996;67062286
1997;67095814
1998;67129279
1999;67162743
2000;67196208
2001;67229672
2002;67263137
2003;67296601
2004;67330066
2005;67363530
2006;67396995
2007;67430459
2008;67463924
2009;67497388
2010;67530853
2011;67564317
2012;67597782
2013;67631246
2014;67664711
2015;67698175
2016;67731640
2017;67765104
2018;67798569
2019;67832033
2020;67865498
2021;67898962
2022;67932427
2023;67965891
2024;67999356
2025;68032820
2026;68066285
2027;68099749
2028;68133214
2029;68166678
2030;68200143
2031;68233607
2032;68267072
2033;68300536
2034;68334001
2035;68367465
2036;68400930
2037;68434394
2038;68467859
2039;68501323
2040;68534788
2041;68568252
2042;68601717
2043;68635181
2044;68668646
2045;68702110
2046;68735575
2047;68769071
2048;68802567
2049;68836095
2050;68869623
2051;68903183
2052;68936743
2053;68970302
2054;69003862
2055;69037422
2056;69071013
2057;69104605
2058;69138196
2059;69171788
2060;69205379
2061;69238971
2062;69272562
2063;69306154
2064;69339745
2065;69373337
2066;69406928
2067;69440520
2068;69474111
2069;69507703
2070;69541294
2071;69574886
2072;69608477
2073;69642069
2074;69675660
2075;69709252
2076;69742843
2077;69776435
2078;69810026
2079;69843618
2080;69877209
2081;69910801
2082;69944392
2083;69977984
2084;70011544
2085;70045103
2086;70078600
2087;70112096
2088;70145592
2089;70179088
2090;70212553
2091;70246017
2092;70279450
2093;70312883
2094;70346316
2095;70379748
2096;70413181
2097;70446614
2098;70480047
2099;70513479
2100;70546912
2101;70580345
2102;70613778
2103;70647210
2104;70680643
2105;70714076
2106;70747509
2107;70780941
2108;70814374
2109;70847807
2110;70881240
2111;70914672
2112;70948105
2113;70981538
2114;71014971
2115;71048403
2116;71081836
2117;71115269
2118;71148702
2119;71182134
2120;71215599
2121;71249063
2122;71282591
2123;71316119
2124;71349647
2125;71383175
2126;71416703
2127;71450231
2128;71483791
2129;71517351
2130;71550942
2131;71584534
2132;71618125
2133;71651717
2134;71685308
2135;71718900
2136;71752491
2137;71786083
2138;71819674
2139;71853266
2140;71886857
2141;71920449
2142;71954040
2143;71987632
2144;72021223
2145;72054815
2146;72088406
2147;72121998
2148;72155589
2149;72189181
2150;72222772
2151;72256364
2152;72289955
2153;72323547
2154;72357138
2155;72390730
2156;72424321
2157;72457913
2158;72491504
2159;72525096
2160;72558687
2161;72592279
2162;72625839
2163;72659398
2164;72692895
2165;72726391
2166;72759855
2167;72793320
2168;72826784
2169;72860249
2170;72893713
2171;72927178
2172;72960642
2173;72994107
2174;73027571
2175;73061036
2176;73094500
2177;73127965
2178;73161429
2179;73194894
2180;73228358
2181;73261823
2182;73295287
2183;73328752
2184;73362216
2185;73395681
2186;73429145
2187;73462610
2188;73496074
2189;73529539
2190;73563003
2191;73596468
2192;73629932
2193;73663397
2194;73696861
2195;73730326
2196;73763790
2197;73797255
2198;73830719
2199;73864184
2200;73897648
2201;73931113
2202;73964577
2203;73998042
2204;74031506
2205;74064971
2206;74098435
2207;74131900
2208;74165364
2209;74198829
2210;74232293
2211;74265758
2212;74299254
2213;74332750
2214;74366310
2215;74399870
2216;74433430
2217;74466989
2218;74500581
2219;74534172
2220;74567764
2221;74601355
2222;74634947
2223;74668538
2224;74702130
2225;74735721
2226;74769313
2227;74802904
2228;74836496
2229;74870087
2230;74903679
2231;74937270
2232;74970862
2233;75004453
2234;75038045
2235;75071636
2236;75105228
2237;75138819
2238;75172411
2239;75206002
2240;75239594
2241;75273185
2242;75306777
2243;75340368
2244;75373960
2245;75407551
2246;75441111
2247;75474671
2248;75508167
2249;75541663
2250;75575128
2251;75608592
2252;75642025
2253;75675458
2254;75708891
2255;75742323
2256;75775756
2257;75809189
2258;75842622
2259;75876054
2260;75909487
2261;75942920
2262;75976353
2263;76009785
2264;76043218
2265;76076651
2266;76110084
2267;76143516
2268;76176949
2269;76210382
2270;76243815
2271;76277247
2272;76310680
2273;76344113
2274;76377546
2275;76410978
2276;76444411
2277;76477844
2278;76511277
2279;76544741
2280;76578206
2281;76611702
2282;76645198
2283;76678726
2284;76712254
2285;76745846
2286;76779437
2287;76813029
2288;76846620
2289;76880212
2290;76913803
2291;76947395
2292;76980986
2293;77014578
2294;77048169
2295;77081761
2296;77115352
2297;77148944
2298;77182535
2299;77216127
2300;77249718
2301;77283310
2302;77316901
2303;77350493
2304;77384084
2305;77417676
2306;77451267
2307;77484859
2308;77518450
2309;77552042
2310;77585633
2311;77619225
2312;77652816
2313;77686408
2314;77719999
2315;77753591
2316;77787182
2317;77820742
2318;77854302
2319;77887798
2320;77921294
2321;77954790
2322;77988287
2323;78021751
2324;78055216
2325;78088680
2326;78122145
2327;78155609
2328;78189074
2329;78222538
2330;78256003
2331;78289467
2332;78322932
2333;78356396
2334;78389861
2335;78423325
2336;78456790
2337;78490254
2338;78523719
2339;78557183
2340;78590648
2341;78624112
2342;78657577
2343;78691041
2344;78724506
2345;78757970
2346;78791435
2347;78824899
2348;78858364
2349;78891828
2350;78925293
2351;78958757
2352;78992222
2353;79025686
2354;79059151
2355;79092615
2356;79126080
2357;79159544
2358;79193009
2359;79226473
2360;79259938
2361;79293402
2362;79326867
2363;79360331
2364;79393796
2365;79427260
2366;79460725
2367;79494221
2368;79527717
2369;79561245
2370;79594773
2371;79628333
2372;79661893
2373;79695484
2374;79729076
2375;79762667
2376;79796259
2377;79829882
2378;79863505
2379;79897128
2380;79930752
2381;79964375
2382;79997998
2383;80031621
2384;80065245
2385;80098868
2386;80132491
2387;80166114
2388;80199738
2389;80233361
2390;80266984
2391;80300607
2392;80334231
2393;80367854
2394;80401477
2395;80435069
2396;80468660
2397;80502188
2398;80535716
2399;80569212
2400;80602709
2401;80636173
2402;80669638
2403;80703102
2404;80736567
2405;80770031
2406;80803496
2407;80836960
2408;80870425
2409;80903889
2410;80937354
2411;80970818
2412;81004283
2413;81037747
2414;81071212
2415;81104676
2416;81138141
2417;81171605
2418;81205070
2419;81238534
2420;81271999
2421;81305463
2422;81338928
2423;81372392
2424;81405857
2425;81439321
2426;81472786
2427;81506250
2428;81539715
2429;81573179
2430;81606644
2431;81640108
2432;81673573
2433;81707037
2434;81740502
2435;81773966
2436;81807431
2437;81840895
2438;81874360
2439;81907824
2440;81941289
2441;81974753
2442;82008218
2443;82041682
2444;82075147
2445;82108611
2446;82142076
2447;82175540
2448;82209036
2449;82242533
2450;82276092
2451;82309652
2452;82343244
2453;82376835
2454;82410458
2455;82444082
2456;82477705
2457;82511328
2458;82544951
2459;82578575
2460;82612198
2461;82645821
2462;82679444
2463;82713068
2464;82746691
2465;82780314
2466;82813937
2467;82847561
2468;82881184
2469;82914807
2470;82948430
2471;82982054
2472;83015677
2473;83049268
2474;83082860
2475;83116388
2476;83149916
2477;83183412
2478;83216908
2479;83250405
2480;83283869
2481;83317334
2482;83350766
2483;83384199
2484;83417600
2485;83451001
2486;83484402
2487;83517803
2488;83551204
2489;83584605
2490;83618006
2491;83651407
2492;83684808
2493;83718209
2494;83751610
2495;83785011
2496;83818412
2497;83851813
2498;83885214
2499;83918615
2500;83952016
2501;83985417
2502;84018818
2503;84052219
2504;84085652
2505;84119085
2506;84152581
2507;84186077
2508;84219605
2509;84253133
2510;84286725
2511;84320316
2512;84353939
2513;84387563
2514;84421186
2515;84454809
2516;84488432
2517;84522056
2518;84555679
2519;84589302
2520;84622925
2521;84656549
2522;84690172
2523;84723795
2524;84757418
2525;84791042
2526;84824665
2527;84858288
2528;84891911
2529;84925535
2530;84959158
2531;84992781
2532;85026404
2533;85060028
2534;85093651
2535;85127274
2536;85160866
2537;85194457
2538;85227985
2539;85261513
2540;85295009
2541;85328506
2542;85361970
2543;85395435
2544;85428899
2545;85462364
2546;85495828
2547;85529293
2548;85562757
2549;85596222
2550;85629686
2551;85663151
2552;85696615
2553;85730080
2554;85763544
2555;85797009
2556;85830473
2557;85863938
2558;85897402
2559;85930867
2560;85964331
2561;85997796
2562;86031260
2563;86064725
2564;86098189
2565;86131654
2566;86165118
2567;86198583
2568;86232047
2569;86265512
2570;86298976
2571;86332441
2572;86365905
2573;86399370
2574;86432834
2575;86466299
2576;86499763
2577;86533228
2578;86566692
2579;86600157
2580;86633621
2581;86667086
2582;86700550
2583;86734015
2584;86767479
2585;86800944
2586;86834408
2587;86867873
2588;86901337
2589;86934802
2590;86968298
2591;87001794
2592;87035322
2593;87068850
2594;87102410
2595;87135970
2596;87169529
2597;87203121
2598;87236712
2599;87270304
2600;87303895
2601;87337487
2602;87371078
2603;87404670
2604;87438261
2605;87471853
2606;87505444
2607;87539036
2608;87572627
2609;87606219
2610;87639810
2611;87673402
2612;87706993
2613;87740585
2614;87774176
2615;87807768
2616;87841359
2617;87874951
2618;87908542
2619;87942134
2620;87975725
2621;88009317
2622;88042908
2623;88076500
2624;88110091
2625;88143683
2626;88177243
2627;88210802
2628;88244299
2629;88277795
2630;88311259
2631;88344724
2632;88378157
2633;88411589
2634;88444990
2635;88478391
2636;88511792
2637;88545193
2638;88578594
2639;88611995
2640;88645396
2641;88678797
2642;88712198
2643;88745599
2644;88779000
2645;88812401
2646;88845802
2647;88879203
2648;88912604
2649;88946005
2650;88979406
2651;89012807
2652;89046208
2653;89079641
2654;89113074
2655;89146570
2656;89180066
2657;89213594
2658;89247122
2659;89280650
2660;89314210
2661;89347770
2662;89381330
2663;89414921
2664;89448513
2665;89482136
2666;89515759
2667;89549382
2668;89583006
2669;89616629
2670;89650252
2671;89683875
2672;89717499
2673;89751122
2674;89784745
2675;89818368
2676;89851992
2677;89885615
2678;89919238
2679;89952861
2680;89986485
2681;90020108
2682;90053731
2683;90087354
2684;90120978
2685;90154601
2686;90188224
2687;90221816
2688;90255407
2689;90288967
2690;90322527
2691;90356023
2692;90389519
2693;90422984
2694;90456448
2695;90489881
2696;90523314
2697;90556746
2698;90590179
2699;90623612
2700;90657045
2701;90690477
2702;90723910
2703;90757343
2704;90790776
2705;90824208
2706;90857641
2707;90891074
2708;90924507
2709;90957939
2710;90991372
2711;91024805
2712;91058238
2713;91091670
2714;91125103
2715;91158536
2716;91191969
2717;91225401
2718;91258834
2719;91292267
2720;91325700
2721;91359132
2722;91392565
2723;91425998
2724;91459431
2725;91492863
2726;91526328
2727;91559792
2728;91593289
2729;91626785
2730;91660313
2731;91693841
2732;91727401
2733;91760960
2734;91794520
2735;91828112
2736;91861703
2737;91895295
2738;91928886
2739;91962478
2740;91996069
2741;92029661
2742;92063252
2743;92096844
2744;92130435
2745;92164027
2746;92197618
2747;92231210
2748;92264801
2749;92298393
2750;92331984
2751;92365576
2752;92399167
2753;92432759
2754;92466350
2755;92499942
2756;92533533
2757;92567125
2758;92600716
2759;92634308
2760;92667899
2761;92701491
2762;92735082
2763;92768674
2764;92802265
2765;92835857
2766;92869448
2767;92903008
2768;92936568
2769;92970064
2770;93003560
2771;93037025
2772;93070489
2773;93103922
2774;93137355
2775;93170787
2776;93204220
2777;93237653
2778;93271086
2779;93304518
2780;93337951
2781;93371384
2782;93404817
2783;93438249
2784;93471682
2785;93505115
2786;93538548
2787;93571980
2788;93605413
2789;93638846
2790;93672279
2791;93705711
2792;93739144
2793;93772577
2794;93806010
2795;93839442
2796;93872875
2797;93906308
2798;93939741
2799;93973173
2800;94006606
2801;94040071
2802;94073535
2803;94107063
2804;94140591
2805;94174151
2806;94207711
2807;94241270
2808;94274862
2809;94308453
2810;94342045
2811;94375668
2812;94409291
2813;94442915
2814;94476538
2815;94510161
2816;94543784
2817;94577408
2818;94611031
2819;94644654
2820;94678277
2821;94711901
2822;94745524
2823;94779147
2824;94812770
2825;94846394
2826;94880017
2827;94913640
2828;94947263
2829;94980887
2830;95014510
2831;95048101
2832;95081693
2833;95115253
2834;95148812
2835;95182309
2836;95215805
2837;95249238
2838;95282670
2839;95316103
2840;95349536
2841;95382969
2842;95416401
2843;95449834
2844;95483267
2845;95516700
2846;95550132
2847;95583565
2848;95616998
2849;95650431
2850;95683863
2851;95717296
2852;95750729
2853;95784162
2854;95817594
2855;95851027
2856;95884460
2857;95917893
2858;95951325
2859;95984758
2860;96018191
2861;96051624
2862;96085056
2863;96118489
2864;96151922
2865;96185355
2866;96218787
2867;96252220
2868;96285653
2869;96319117
2870;96352582
2871;96386110
2872;96419638
2873;96453198
2874;96486757
2875;96520317
2876;96553877
2877;96587437
2878;96621028
2879;96654620
2880;96688211
2881;96721834
2882;96755458
2883;96789081
2884;96822704
2885;96856327
2886;96889951
2887;96923574
2888;96957197
2889;96990820
2890;97024444
2891;97058067
2892;97091690
2893;97125313
2894;97158937
2895;97192560
2896;97226183
2897;97259806
2898;97293430
2899;97327053
2900;97360644
2901;97394236
2902;97427764
2903;97461292
2904;97494788
2905;97528284
2906;97561749
2907;97595213
2908;97628678
2909;97662142
2910;97695575
2911;97729008
2912;97762441
2913;97795873
2914;97829306
2915;97862739
2916;97896172
2917;97929604
2918;97963037
2919;97996470
2920;98029903
2921;98063335
2922;98096768
2923;98130201
2924;98163634
2925;98197066
2926;98230499
2927;98263932
2928;98297365
2929;98330797
2930;98364230
2931;98397663
2932;98431096
2933;98464528
2934;98497961
2935;98531394
2936;98564827
2937;98598259
2938;98631724
2939;98665188
2940;98698685
2941;98732181
2942;98765741
2943;98799300
2944;98832924
2945;98866547
2946;98900170
2947;98933793
2948;98967417
2949;99001040
2950;99034663
2951;99068286
2952;99101910
2953;99135533
2954;99169156
2955;99202779
2956;99236403
2957;99270026
2958;99303649
2959;99337272
2960;99370896
2961;99404519
2962;99438142
2963;99471765
2964;99505389
2965;99539012
2966;99572635
2967;99606227
2968;99639818
2969;99673346
2970;99706874
2971;99740339
2972;99773803
2973;99807268
2974;99840732
2975;100007928
2976;100041360
2977;100074793
2978;100108226
2979;100141659
2980;100175091
2981;100208524
2982;100241957
2983;100275390
2984;100308822
2985;100342255
2986;100375688
2987;100409121
2988;100442553
2989;100475986
2990;100509419
2991;100542852
2992;100576284
2993;100609717
2994;100643150
2995;100676583
2996;100710015
2997;100743448
2998;100776881
2999;100810314
3000;100843778
3001;100877243
3002;100910771
3003;100944299
3004;100977858
3005;101011418
3006;101044978
3007;101078538
3008;101112097
3009;101145657
3010;101179217
3011;101212808
3012;101246400
3013;101279991
3014;101313583
3015;101347174
3016;101380766
3017;101414357
3018;101447949
3019;101481540
3020;101515132
3021;101548723
3022;101582315
3023;101615906
3024;101649498
3025;101683089
3026;101716681
3027;101750272
3028;101783864
3029;101817455
3030;101851047
3031;101884638
3032;101918230
3033;101951821
3034;101985413
3035;102019004
3036;102052596
3037;102086187
3038;102119779
3039;102153339
3040;102186898
3041;102220395
3042;102253891
3043;102287355
3044;102320820
3045;102354253
3046;102387685
3047;102421118
3048;102454551
3049;102487984
3050;102521416
3051;102554849
3052;102588282
3053;102621715
3054;102655147
3055;102688580
3056;102722013
3057;102755446
3058;102788878
3059;102822311
3060;102855744
3061;102889177
3062;102922609
3063;102956042
3064;102989475
3065;103022908
3066;103056340
3067;103089773
3068;103123206
3069;103156639
3070;103190071
3071;103223504
3072;103256937
3073;103290401
3074;103323866
3075;103357362
3076;103390858
3077;103424386
3078;103457914
3079;103491474
3080;103525034
3081;103558594
3082;103592185
3083;103625777
3084;103659368
3085;103692960
3086;103726551
3087;103760143
3088;103793734
3089;103827326
3090;103860917
3091;103894509
3092;103928100
3093;103961692
3094;103995283
3095;104028875
3096;104062466
3097;104096058
3098;104129649
3099;104163241
3100;104196832
3101;104230424
3102;104264015
3103;104297607
3104;104331198
3105;104364790
3106;104398381
3107;104431973
3108;104465564
3109;104499156
3110;104532747
3111;104566339
3112;104599930
3113;104633522
3114;104667113
3115;104700673
3116;104734233
3117;104767761
3118;104801289
3119;104834753
3120;104868218
3121;104901682
3122;104935147
3123;104968611
3124;105002044
3125;105035477
3126;105068909
3127;105102342
3128;105135775
3129;105169208
3130;105202640
3131;105236073
3132;105269506
3133;105302939
3134;105336371
3135;105369804
3136;105403237
3137;105436670
3138;105470102
3139;105503535
3140;105536968
3141;105570401
3142;105603833
3143;105637266
3144;105670699
3145;105704132
3146;105737564
3147;105770997
3148;105804430
3149;105837863
3150;105871295
3151;105904728
3152;105938193
3153;105971657
3154;106005185
3155;106038713
3156;106072273
3157;106105833
3158;106139392
3159;106172984
3160;106206575
3161;106240167
3162;106273790
3163;106307413
3164;106341037
3165;106374660
3166;106408283
3167;106441906
3168;106475530
3169;106509153
3170;106542776
3171;106576399
3172;106610023
3173;106643646
3174;106677269
3175;106710892
3176;106744516
3177;106778139
3178;106811762
3179;106845385
3180;106879009
3181;106912632
3182;106946223
3183;106979815
3184;107013343
3185;107046871
3186;107080335
3187;107113800
3188;107147233
3189;107180665
3190;107214098
3191;107247531
3192;107280964
3193;107314396
3194;107347829
3195;107381262
3196;107414695
3197;107448127
3198;107481560
3199;107514993
3200;107548426
3201;107581858
3202;107615291
3203;107648724
3204;107682157
3205;107715589
3206;107749022
3207;107782455
3208;107815888
3209;107849320
3210;107882753
3211;107916186
3212;107949619
3213;107983051
3214;108016484
3215;108049917
3216;108083350
3217;108116782
3218;108150247
3219;108183711
3220;108217239
3221;108250767
3222;108284327
3223;108317887
3224;108351478
3225;108385070
3226;108418661
3227;108452253
3228;108485844
3229;108519436
3230;108553027
3231;108586619
3232;108620210
3233;108653802
3234;108687393
3235;108720985
3236;108754576
3237;108788168
3238;108821759
3239;108855351
3240;108888942
3241;108922534
3242;108956125
3243;108989717
3244;109023308
3245;109056900
3246;109090491
3247;109124083
3248;109157674
3249;109191266
3250;109224857
3251;109258449
3252;109292040
3253;109325632
3254;109359223
3255;109392783
3256;109426343
3257;109459839
3258;109493335
3259;109526832
3260;109560328
3261;109593792
3262;109627257
3263;109660721
3264;109694186
3265;109727650
3266;109761115
3267;109794579
3268;109828044
3269;109861508
3270;109894973
3271;109928437
3272;109961902
3273;109995366
3274;110028831
3275;110062295
3276;110095760
3277;110129224
3278;110162689
3279;110196153
3280;110229618
3281;110263082
3282;110296547
3283;110330011
3284;110363476
3285;110396940
3286;110430405
3287;110463869
3288;110497334
3289;110530798
3290;110564263
3291;110597727
3292;110631192
3293;110664656
3294;110698121
3295;110731585
3296;110765050
3297;110798514
3298;110831979
3299;110865443
3300;110898908
3301;110932372
3302;110965837
3303;110999301
3304;111032798
3305;111066294
3306;111099822
3307;111133350
3308;111166910
3309;111200469
3310;111234061
3311;111267652
3312;111301244
3313;111334835
3314;111368427
3315;111402018
3316;111435610
3317;111469201
3318;111502793
3319;111536384
3320;111569976
3321;111603567
3322;111637159
3323;111670750
3324;111704342
3325;111737933
3326;111771525
3327;111805116
3328;111838708
3329;111872299
3330;111905891
3331;111939482
3332;111973074
3333;112006665
3334;112040257
3335;112073848
3336;112107440
3337;112141031
3338;112174623
3339;112208183
3340;112241742
3341;112275239
3342;112308735
3343;112342231
3344;112375696
3345;112409160
3346;112442625
3347;112476089
3348;112509554
3349;112543018
3350;112576483
3351;112609947
3352;112643412
3353;112676876
3354;112710341
3355;112743805
3356;112777270
3357;112810734
3358;112844199
3359;112877663
3360;112911128
3361;112944592
3362;112978057
3363;113011521
3364;113044986
3365;113078450
3366;113111915
3367;113145379
3368;113178844
3369;113212308
3370;113245773
3371;113279237
3372;113312702
3373;113346166
3374;113379631
3375;113413095
3376;113446560
3377;113480024
3378;113513489
3379;113546953
3380;113580418
3381;113613882
3382;113647347
3383;113680811
3384;113714276
3385;113747740
3386;113781205
3387;113814669
3388;113848134
3389;113881630
3390;113915126
3391;113948654
3392;113982182
3393;114015742
3394;114049302
3395;114082893
3396;114116485
3397;114150076
3398;114183668
3399;114217259
3400;114250851
3401;114284442
3402;114318034
3403;114351625
3404;114385217
3405;114418808
3406;114452400
3407;114485991
3408;114519583
3409;114553174
3410;114586766
3411;114620357
3412;114653949
3413;114687540
3414;114721132
3415;114754723
3416;114788315
3417;114821906
3418;114855498
3419;114889089
3420;114922681
3421;114956272
3422;114989864
3423;115023455
3424;115057015
3425;115090575
3426;115124071
3427;115157567
3428;115191000
3429;115224433
3430;115257865
3431;115291298
3432;115324731
3433;115358164
3434;115391596
3435;115425029
3436;115458462
3437;115491895
3438;115525327
3439;115558760
3440;115592193
3441;115625626
3442;115659058
3443;115692491
3444;115725924
3445;115759357
3446;115792789
3447;115826222
3448;115859655
3449;115893088
3450;115926520
3451;115959953
3452;115993386
3453;116026819
3454;116060251
3455;116093684
3456;116127117
3457;116160581
3458;116194046
3459;116227574
3460;116261102
3461;116294693
3462;116328285
3463;116361876
3464;116395468
3465;116429059
3466;116462651
3467;116496274
3468;116529897
3469;116563521
3470;116597144
3471;116630767
3472;116664390
3473;116698014
3474;116731637
3475;116765260
3476;116798883
3477;116832507
3478;116866130
3479;116899753
3480;116933376
3481;116967000
3482;117000623
3483;117034246
3484;117067869
3485;117101493
3486;117135084
3487;117168676
3488;117202204
3489;117235732
3490;117269228
3491;117302724
3492;117336157
3493;117369590
3494;117403022
3495;117436455
3496;117469888
3497;117503321
3498;117536753
3499;117570186
3500;117603619
3501;117637052
3502;117670484
3503;117703917
3504;117737350
3505;117770783
3506;117804215
3507;117837648
3508;117871081
3509;117904514
3510;117937946
3511;117971379
3512;118004812
3513;118038245
3514;118071677
3515;118105110
3516;118138543
3517;118171976
3518;118205408
3519;118238841
3520;118272274
3521;118305707
3522;118339171
3523;118372636
3524;118406164
3525;118439692
3526;118473283
3527;118506875
3528;118540466
3529;118574058
3530;118607649
3531;118641241
3532;118674832
3533;118708424
3534;118742015
3535;118775607
3536;118809198
3537;118842790
3538;118876381
3539;118909973
3540;118943564
3541;118977156
3542;119010747
3543;119044339
3544;119077930
3545;119111522
3546;119145113
3547;119178705
3548;119212296
3549;119245888
3550;119279479
3551;119313071
3552;119346662
3553;119380254
3554;119413845
3555;119447437
3556;119481028
3557;119514620
3558;119548179
3559;119581739
3560;119615267
3561;119648795
3562;119682291
3563;119715788
3564;119749252
3565;119782717
3566;119816181
3567;119849646
3568;119883110
3569;119916575
3570;119950039
3571;119983504
3572;120016968
3573;120050433
3574;120083897
3575;120117362
3576;120150826
3577;120184291
3578;120217755
3579;120251220
3580;120284684
3581;120318149
3582;120351613
3583;120385078
3584;120418542
3585;120452007
3586;120485471
3587;120518936
3588;120552400
3589;120585865
3590;120619329
3591;120652794
3592;120686258
3593;120719723
3594;120753187
3595;120786652
3596;120820116
3597;120853581
3598;120887045
3599;120920510
3600;120953974
3601;120987439
3602;121020903
3603;121054368
3604;121087832
3605;121121297
3606;121154761
3607;121188226
3608;121221690
3609;121255155
3610;121288651
3611;121322147
3612;121355675
3613;121389203
3614;121422763
3615;121456323
3616;121489882
3617;121523474
3618;121557065
3619;121590657
3620;121624248
3621;121657840
3622;121691431
3623;121725023
3624;121758614
3625;121792206
3626;121825797
3627;121859389
3628;121892980
3629;121926572
3630;121960163
3631;121993755
3632;122027346
3633;122060938
3634;122094529
3635;122128121
3636;122161712
3637;122195304
3638;122228895
3639;122262487
3640;122296078
3641;122329670
3642;122363261
3643;122396853
3644;122430444
3645;122464036
3646;122497596
3647;122531155
3648;122564683
3649;122598211
3650;122631676
3651;122665140
3652;122698605
3653;122732069
3654;122765534
3655;122798998
3656;122832463
3657;122865927
3658;122899392
3659;122932856
3660;122966321
3661;122999785
3662;123033250
3663;123066714
3664;123100179
3665;123133643
3666;123167108
3667;123200572
3668;123234037
3669;123267501
3670;123300966
3671;123334430
3672;123367895
3673;123401359
3674;123434824
3675;123468288
3676;123501753
3677;123535217
3678;123568682
3679;123602146
3680;123635611
3681;123669075
3682;123702540
3683;123736004
3684;123769469
3685;123802933
3686;123836398
3687;123869862
3688;123903327
3689;123936791
3690;123970256
3691;124003720
3692;124037185
3693;124070649
3694;124104114
3695;124137578
3696;124171043
3697;124204539
3698;124238035
3699;124271595
3700;124305155
3701;124338746
3702;124372338
3703;124405929
3704;124439521
3705;124473112
3706;124506704
3707;124540295
3708;124573887
3709;124607478
3710;124641070
3711;124674661
3712;124708253
3713;124741844
3714;124775436
3715;124809027
3716;124842619
3717;124876210
3718;124909802
3719;124943393
3720;124976985
3721;125010576
3722;125044168
