1;0
2;33369
3;66738
4;100107
5;133477
6;166846
7;200215
8;233584
9;266954
10;300323
11;333692
12;367061
13;400431
14;433800
15;467169
16;500538
17;533908
18;567277
19;600646
20;634015
21;667385
22;700754
23;734123
24;767492
25;800862
26;834231
27;867600
28;900969
29;934339
30;967708
31;1001077
32;1034446
33;1067816
34;1101185
35;1134554
36;1167923
37;1201293
38;1234662
39;1268031
40;1301432
41;1334833
42;1368901
43;1402969
44;1437036
45;1471104
46;1505172
47;1539240
48;1573307
49;1607375
50;1641443
51;1675511
52;1709578
53;1743646
54;1777714
55;1811782
56;1845849
57;1879917
58;1913985
59;1948053
60;1982120
61;2016188
62;2050256
63;2084324
64;2118391
65;2152459
66;2186527
67;2220595
68;2254662
69;2288730
70;2322798
71;2356866
72;2390933
73;2425001
74;2459069
75;2493137
76;2527204
77;2561272
78;2595340
79;2629408
80;2663475
81;2697543
82;2731611
83;2765679
84;2799746
85;2833814
86;2867882
87;2901950
88;2936017
89;2970085
90;3004153
91;3038221
92;3072288
93;3106356
94;3140424
95;3174492
96;3207924
97;3241357
98;3274790
99;3308223
100;3341655
101;3375088
102;3408553
103;3442017
104;3475545
105;3509073
106;3542633
107;3576193
108;3609752
109;3643344
110;3676935
111;3710527
112;3744118
113;3777710
114;3811301
115;3844893
116;3878484
117;3912076
118;3945667
119;3979259
120;4012850
121;4046442
122;4080033
123;4113625
124;4147216
125;4180808
126;4214399
127;4247991
128;4281582
129;4315174
130;4348765
131;4382357
132;4415948
133;4449540
134;4483131
135;4516723
136;4550314
137;4583906
138;4617497
139;4651057
140;4684617
141;4718113
142;4751609
143;4785074
144;4818538
145;4852003
146;4885467
147;4918932
148;4952396
149;4985861
150;5019325
151;5052790
152;5086254
153;5119719
154;5153183
155;5186648
156;5220112
157;5253577
158;5287041
159;5320506
160;5353970
161;5387435
162;5420899
163;5454364
164;5487828
165;5521293
166;5554757
167;5588222
168;5621686
169;5655151
170;5688615
171;5722080
172;5755544
173;5789009
174;5822473
175;5855938
176;5889402
177;5922867
178;5956331
179;5989796
180;6023260
181;6056725
182;6090189
183;6123654
184;6157118
185;6190583
186;6224079
187;6257575
188;6291072
189;6324600
190;6358128
191;6391687
192;6425247
193;6458839
194;6492430
195;6526053
196;6559677
197;6593300
198;6626923
199;6660546
200;6694170
201;6727793
202;6761416
203;6795039
204;6828663
205;6862286
206;6895909
207;6929532
208;6963156
209;6996779
210;7030402
211;7064025
212;7097649
213;7131272
214;7164863
215;7198455
216;7232015
217;7265574
218;7299071
219;7332567
220;7366031
221;7399496
222;7432960
223;7466425
224;7499889
225;7533322
226;7566755
227;7600188
228;7633620
229;7667053
230;7700486
231;7733919
232;7767351
233;7800784
234;7834217
235;7867650
236;7901082
237;7934515
238;7967948
239;8001381
240;8034813
241;8068246
242;8101679
243;8135112
244;8168544
245;8201977
246;8235410
247;8268843
248;8302275
249;8335708
250;8369141
251;8402574
252;8436006
253;8469471
254;8502935
255;8536463
256;8569991
257;8603551
258;8637111
259;8670702
260;8704294
261;8737885
262;8771477
263;8805068
264;8838692
265;8872315
266;8905938
267;8939561
268;8973185
269;9006808
270;9040431
271;9074054
272;9107678
273;9141301
274;9174924
275;9208547
276;9242171
277;9275794
278;9309417
279;9343040
280;9376664
281;9410287
282;9443910
283;9477502
284;9511093
285;9544621
286;9578149
287;9611645
288;9645142
289;9678606
290;9712071
291;9745535
292;9778968
293;9812401
294;9845833
295;9879266
296;9912699
297;9946132
298;9979564
299;10012997
300;10046430
301;10079863
302;10113295
303;10146728
304;10180161
305;10213594
306;10247026
307;10280459
308;10313892
309;10347325
310;10380757
311;10414190
312;10447623
313;10481056
314;10514488
315;10547921
316;10581354
317;10614787
318;10648219
319;10681652
320;10715117
321;10748581
322;10782109
323;10815637
324;10849165
325;10882693
326;10916221
327;10949749
328;10983309
329;11016869
330;11050460
331;11084052
332;11117643
333;11151235
334;11184826
335;11218418
336;11252009
337;11285601
338;11319192
339;11352784
340;11386375
341;11419967
342;11453558
343;11487150
344;11520741
345;11554333
346;11587924
347;11621516
348;11655107
349;11688699
350;11722290
351;11755882
352;11789473
353;11823065
354;11856656
355;11890248
356;11923839
357;11957431
358;11991022
359;12024614
360;12058205
361;12091765
362;12125325
363;12158821
364;12192317
365;12225782
366;12259246
367;12292679
368;12326112
369;12359544
370;12392977
371;12426410
372;12459843
373;12493275
374;12526708
375;12560141
376;12593574
377;12627006
378;12660439
379;12693872
380;12727305
381;12760737
382;12794170
383;12827603
384;12861036
385;12894468
386;12927901
387;12961334
388;12994767
389;13028199
390;13061632
391;13095065
392;13128498
393;13161930
394;13195363
395;13228796
396;13262260
397;13295725
398;13329253
399;13362781
400;13396372
401;13429964
402;13463555
403;13497147
404;13530738
405;13564330
406;13597921
407;13631545
408;13665168
409;13698791
410;13732414
411;13766038
412;13799661
413;13833284
414;13866907
415;13900531
416;13934154
417;13967777
418;14001400
419;14035024
420;14068647
421;14102270
422;14135893
423;14169517
424;14203140
425;14236763
426;14270355
427;14303946
428;14337474
429;14371002
430;14404467
431;14437931
432;14471364
433;14504797
434;14538198
435;14571599
436;14605000
437;14638401
438;14671802
439;14705203
440;14738604
441;14772005
442;14805406
443;14838807
444;14872208
445;14905609
446;14939010
447;14972411
448;15005812
449;15039213
450;15072614
451;15106015
452;15139416
453;15172817
454;15206218
455;15239650
456;15273083
457;15306579
458;15340076
459;15373604
460;15407132
461;15440691
462;15474251
463;15507843
464;15541434
465;15575026
466;15608617
467;15642209
468;15675800
469;15709392
470;15743015
471;15776638
472;15810261
473;15843885
474;15877508
475;15911131
476;15944754
477;15978378
478;16012001
479;16045624
480;16079247
481;16112871
482;16146494
483;16180117
484;16213740
485;16247364
486;16280987
487;16314610
488;16348233
489;16381825
490;16415416
491;16448944
492;16482472
493;16515969
494;16549465
495;16582898
496;16616330
497;16649763
498;16683196
499;16716629
500;16750061
501;16783494
502;16816927
503;16850360
504;16883792
505;16917225
506;16950658
507;16984091
508;17017523
509;17050956
510;17084389
511;17117822
512;17151254
513;17184687
514;17218120
515;17251553
516;17284985
517;17318418
518;17351851
519;17385284
520;17418716
521;17452149
522;17485582
523;17519015
524;17552447
525;17585880
526;17619345
527;17652809
528;17686305
529;17719802
530;17753330
531;17786858
532;17820386
533;17853914
534;17887473
535;17921033
536;17954593
537;17988153
538;18021712
539;18055272
540;18088864
541;18122455
542;18156047
543;18189670
544;18223293
545;18256916
546;18290540
547;18324163
548;18357786
549;18391409
550;18425033
551;18458656
552;18492279
553;18525902
554;18559526
555;18593149
556;18626772
557;18660395
558;18694019
559;18727642
560;18761265
561;18794888
562;18828480
563;18862071
564;18895599
565;18929127
566;18962624
567;18996120
568;19029584
569;19063049
570;19096513
571;19129978
572;19163411
573;19196843
574;19230276
575;19263709
576;19297142
577;19330574
578;19364007
579;19397440
580;19430873
581;19464305
582;19497738
583;19531171
584;19564604
585;19598036
586;19631469
587;19664902
588;19698335
589;19731767
590;19765200
591;19798633
592;19832066
593;19865498
594;19898931
595;19932364
596;19965797
597;19999229
598;20032662
599;20066095
600;20099559
601;20133024
602;20166552
603;20200080
604;20233640
605;20267199
606;20300791
607;20334382
608;20368006
609;20401629
610;20435252
611;20468875
612;20502499
613;20536122
614;20569745
615;20603368
616;20636992
617;20670615
618;20704238
619;20737861
620;20771485
621;20805108
622;20838731
623;20872354
624;20905978
625;20939601
626;20973224
627;21006847
628;21040471
629;21074062
630;21107654
631;21141182
632;21174710
633;21208174
634;21241639
635;21275103
636;21308568
637;21342032
638;21375497
639;21408961
640;21442426
641;21475890
642;21509355
643;21542819
644;21576284
645;21609748
646;21643213
647;21676677
648;21710142
649;21743606
650;21777071
651;21810535
652;21844000
653;21877464
654;21910929
655;21944393
656;21977858
657;22011322
658;22044787
659;22078251
660;22111716
661;22145180
662;22178645
663;22212109
664;22245574
665;22279038
666;22312503
667;22345967
668;22379432
669;22412896
670;22446361
671;22479825
672;22513290
673;22546754
674;22580219
675;22613683
676;22647148
677;22680612
678;22714077
679;22747541
680;22781006
681;22814470
682;22847935
683;22881431
684;22914927
685;22948455
686;22981983
687;23015543
688;23049103
689;23082694
690;23116286
691;23149877
692;23183469
693;23217060
694;23250652
695;23284243
696;23317835
697;23351426
698;23385018
699;23418609
700;23452201
701;23485792
702;23519384
703;23552975
704;23586567
705;23620158
706;23653750
707;23687341
708;23720933
709;23754524
710;23788116
711;23821707
712;23855299
713;23888890
714;23922482
715;23956073
716;23989665
717;24023256
718;24056848
719;24090407
720;24123967
721;24157463
722;24190960
723;24224392
724;24257825
725;24291258
726;24324691
727;24358123
728;24391556
729;24424989
730;24458422
731;24491854
732;24525287
733;24558720
734;24592153
735;24625585
736;24659018
737;24692451
738;24725884
739;24759316
740;24792749
741;24826182
742;24859615
743;24893047
744;24926480
745;24959913
746;24993346
747;25026778
748;25060211
749;25093644
750;25127077
751;25160509
752;25193974
753;25227438
754;25260966
755;25294494
756;25328054
757;25361614
758;25395205
759;25428797
760;25462420
761;25496043
762;25529667
763;25563290
764;25596913
765;25630536
766;25664160
767;25697783
768;25731406
769;25765029
770;25798653
771;25832276
772;25865899
773;25899522
774;25933146
775;25966769
776;26000392
777;26034015
778;26067639
779;26101262
780;26134885
781;26168477
782;26202068
783;26235596
784;26269124
785;26302589
786;26336053
787;26369518
788;26402982
789;26436447
790;26469879
791;26503312
792;26536745
793;26570178
794;26603610
795;26637043
796;26670476
797;26703909
798;26737341
799;26770774
800;26804207
801;26837640
802;26871072
803;26904505
804;26937938
805;26971371
806;27004803
807;27038236
808;27071669
809;27105102
810;27138534
811;27171967
812;27205400
813;27238833
814;27272265
815;27305698
816;27339131
817;27372564
818;27406028
819;27439493
820;27473021
821;27506549
822;27540140
823;27573732
824;27607323
825;27640915
826;27674538
827;27708161
828;27741784
829;27775408
830;27809031
831;27842654
832;27876277
833;27909901
834;27943524
835;27977147
836;28010770
837;28044394
838;28078017
839;28111640
840;28145263
841;28178887
842;28212510
843;28246133
844;28279756
845;28313380
846;28347003
847;28380594
848;28414186
849;28447714
850;28481242
851;28514738
852;28548234
853;28581699
854;28615163
855;28648628
856;28682092
857;28715557
858;28749021
859;28782486
860;28815950
861;28849383
862;28882816
863;28916249
864;28949681
865;28983114
866;29016547
867;29049980
868;29083412
869;29116845
870;29150278
871;29183711
872;29217143
873;29250576
874;29284009
875;29317442
876;29350874
877;29384307
878;29417740
879;29451173
880;29484605
881;29518038
882;29551471
883;29584904
884;29618336
885;29651769
886;29685202
887;29718666
888;29752131
889;29785659
890;29819187
891;29852747
892;29886306
893;29919866
894;29953458
895;29987049
896;30020641
897;30054232
898;30087824
899;30121415
900;30155007
901;30188598
902;30222190
903;30255781
904;30289373
905;30322964
906;30356556
907;30390147
908;30423739
909;30457330
910;30490922
911;30524513
912;30558105
913;30591696
914;30625288
915;30658879
916;30692471
917;30726062
918;30759654
919;30793245
920;30826837
921;30860428
922;30894020
923;30927611
924;30961171
925;30994731
926;31028227
927;31061723
928;31095188
929;31128652
930;31162117
931;31195581
932;31229046
933;31262510
934;31295975
935;31329439
936;31362904
937;31396368
938;31429833
939;31463297
940;31496762
941;31530226
942;31563691
943;31597155
944;31630620
945;31664084
946;31697549
947;31731013
948;31764478
949;31797942
950;31831407
951;31864871
952;31898336
953;31931800
954;31965265
955;31998729
956;32032194
957;32065658
958;32099123
959;32132587
960;32166052
961;32199516
962;32232981
963;32266445
964;32299910
965;32333374
966;32366839
967;32400303
968;32433768
969;32467232
970;32500697
971;32534161
972;32567626
973;32601122
974;32634618
975;32668178
976;32701738
977;32735297
978;32768857
979;32802417
980;32835977
981;32869536
982;32903096
983;32936656
984;32970216
985;33003775
986;33037335
987;33070895
988;33104455
989;33138014
990;33171574
991;33205134
992;33238694
993;33272253
994;33305813
995;33339373
996;33372933
997;33406492
998;33440052
999;33473612
1000;33507172
1001;33540731
1002;33574291
1003;33607851
1004;33641411
1005;33674970
1006;33708530
1007;33742090
1008;33775650
1009;33809209
1010;33842769
1011;33876329
1012;33909889
1013;33943448
1014;33977008
1015;34010568
1016;34044128
1017;34077687
1018;34111247
1019;34144807
1020;34178367
1021;34211926
1022;34245486
1023;34279046
1024;34312606
1025;34346134
1026;34379662
1027;34413190
1028;34446686
1029;34480182
1030;34513678
1031;34547175
1032;34580671
1033;34614167
1034;34647663
1035;34681160
1036;34714656
1037;34748152
1038;34781648
1039;34815145
1040;34848641
1041;34882137
1042;34915633
1043;34949130
1044;34982626
1045;35016122
1046;35049618
1047;35083115
1048;35116611
1049;35150107
1050;35183603
1051;35217100
1052;35250596
1053;35284092
1054;35317588
1055;35351085
1056;35384581
1057;35418077
1058;35451573
1059;35485070
1060;35518566
1061;35552062
1062;35585558
1063;35619055
1064;35652551
1065;35686047
1066;35719543
1067;35753040
1068;35786536
1069;35820032
1070;35853528
1071;35887025
1072;35920521
1073;35954017
1074;35987513
1075;36021010
1076;36054506
1077;36088002
1078;36121498
1079;36154995
1080;36188491
1081;36221987
1082;36255483
1083;36288980
1084;36322476
1085;36355972
1086;36389468
1087;36422965
1088;36456461
1089;36489957
1090;36523453
1091;36556950
1092;36590446
1093;36623942
1094;36657438
1095;36690935
1096;36724431
1097;36757927
1098;36791423
1099;36824920
1100;36858416
1101;36891912
1102;36925408
1103;36958905
1104;36992401
1105;37025897
1106;37059393
1107;37092890
1108;37126386
1109;37159882
1110;37193378
1111;37226875
1112;37260371
1113;37293867
1114;37327363
1115;37360860
1116;37394356
1117;37427852
1118;37461348
1119;37494845
1120;37528341
1121;37561837
1122;37595333
1123;37628830
1124;37662326
1125;37695822
1126;37729318
1127;37762815
1128;37796311
1129;37829807
1130;37863303
1131;37896800
1132;37930296
1133;37963792
1134;37997320
1135;38030848
1136;38064376
1137;38097904
1138;38131464
1139;38165024
1140;38198583
1141;38232175
1142;38265766
1143;38299358
1144;38332949
1145;38366541
1146;38400132
1147;38433724
1148;38467315
1149;38500907
1150;38534498
1151;38568090
1152;38601681
1153;38635273
1154;38668864
1155;38702456
1156;38736047
1157;38769639
1158;38803230
1159;38836822
1160;38870413
1161;38904005
1162;38937596
1163;38971188
1164;39004779
1165;39038371
1166;39071962
1167;39105554
1168;39139114
1169;39172673
1170;39206170
1171;39239666
1172;39273130
1173;39306595
1174;39340028
1175;39373460
1176;39406861
1177;39440262
1178;39473663
1179;39507064
1180;39540465
1181;39573866
1182;39607267
1183;39640668
1184;39674069
1185;39707470
1186;39740871
1187;39774272
1188;39807673
1189;39841074
1190;39874475
1191;39907876
1192;39941277
1193;39974678
1194;40008079
1195;40041480
1196;40074913
1197;40108346
1198;40141842
1199;40175338
1200;40208898
1201;40242458
1202;40276081
1203;40309704
1204;40343328
1205;40376951
1206;40410574
1207;40444197
1208;40477821
1209;40511444
1210;40545067
1211;40578690
1212;40612314
1213;40645937
1214;40679560
1215;40713183
1216;40746807
1217;40780430
1218;40814053
1219;40847676
1220;40881300
1221;40914923
1222;40948546
1223;40982169
1224;41015793
1225;41049416
1226;41083039
1227;41116631
1228;41150222
1229;41183782
1230;41217342
1231;41250870
1232;41284398
1233;41317862
1234;41351327
1235;41384791
1236;41418256
1237;41451720
1238;41485153
1239;41518586
1240;41552018
1241;41585451
1242;41618884
1243;41652317
1244;41685749
1245;41719182
1246;41752615
1247;41786048
1248;41819480
1249;41852913
1250;41886346
1251;42020077
1252;42053510
1253;42086942
1254;42120375
1255;42153808
1256;42187241
1257;42220673
1258;42254106
1259;42287539
1260;42320972
1261;42354404
1262;42387837
1263;42421270
1264;42454703
1265;42488167
1266;42521632
1267;42555160
1268;42588688
1269;42622216
1270;42655775
1271;42689335
1272;42857388
1273;42891011
1274;42924634
1275;42958258
1276;42991881
1277;43025504
1278;43059127
1279;43092751
1280;43328113
1281;43361737
1282;43395360
1283;43428983
1284;43462606
1285;43496198
1286;43529789
1287;43563317
1288;43596845
1289;43630342
1290;43663838
1291;43697302
1292;43730767
1293;43764200
1294;43797632
1295;43831065
1296;43864498
1297;43897931
1298;43931363
1299;43964796
1300;44165393
1301;44198825
1302;44232258
1303;44265691
1304;44299124
1305;44332556
1306;44365989
1307;44399422
1308;44432855
1309;44466287
1310;44499720
1311;44533153
1312;44566586
1313;44600018
1314;44633451
1315;44666916
1316;44700380
1317;44733876
1318;44767373
1319;44800901
1320;44834429
1321;44867988
1322;44901548
1323;44935171
1324;44968795
1325;45002418
1326;45036041
1327;45069664
1328;45103288
1329;45136911
1330;45170534
1331;45204157
1332;45237781
1333;45271404
1334;45305027
1335;45338650
1336;45372274
1337;45405897
1338;45439520
1339;45473143
1340;45506767
1341;45540390
1342;45574013
1343;45607636
1344;45641228
1345;45674819
1346;45708379
1347;45741939
1348;45775467
1349;45808995
1350;45842491
1351;45875987
1352;45909452
1353;45942916
1354;45976381
1355;46009845
1356;46043310
1357;46076774
1358;46110207
1359;46143640
1360;46177073
1361;46210505
1362;46243938
1363;46277371
1364;46310804
1365;46344236
1366;46377669
1367;46411102
1368;46444535
1369;46477967
1370;46511400
1371;46544833
1372;46578266
1373;46611698
1374;46645131
1375;46678564
1376;46711997
1377;46745429
1378;46778862
1379;46812295
1380;46845728
1381;46879160
1382;46912593
1383;46946026
1384;46979459
1385;47012923
1386;47046388
1387;47079916
1388;47113444
1389;47147003
1390;47180563
1391;47214155
1392;47247746
1393;47281338
1394;47314929
1395;47348552
1396;47382176
1397;47415799
1398;47449422
1399;47483045
1400;47516669
1401;47550292
1402;47583915
1403;47617538
1404;47651162
1405;47684785
1406;47718408
1407;47752031
1408;47785655
1409;47819278
1410;47852901
1411;47886524
1412;47920148
1413;47953771
1414;47987362
1415;48020954
1416;48054482
1417;48088010
1418;48121474
1419;48154939
1420;48188403
1421;48221868
1422;48255332
1423;48288797
1424;48322261
1425;48355726
1426;48389190
1427;48422655
1428;48456119
1429;48489584
1430;48523048
1431;48556513
1432;48589977
1433;48623442
1434;48656906
1435;48690371
1436;48723835
1437;48757300
1438;48790764
1439;48824229
1440;48857693
1441;48891158
1442;48924622
1443;48958087
1444;48991551
1445;49025016
1446;49058480
1447;49091945
1448;49125409
1449;49158874
1450;49192338
1451;49225803
1452;49259267
1453;49292732
1454;49326196
1455;49359661
1456;49393125
1457;49426590
1458;49460054
1459;49493519
1460;49526983
1461;49560448
1462;49593912
1463;49627377
1464;49660841
1465;49694306
1466;49727770
1467;49761267
1468;49794763
1469;49828323
1470;49861882
1471;49895442
1472;49929034
1473;49962625
1474;49996217
1475;50029840
1476;50063463
1477;50097086
1478;50130710
1479;50164333
1480;50197956
1481;50231579
1482;50265203
1483;50298826
1484;50332449
1485;50366072
1486;50399696
1487;50433319
1488;50466942
1489;50500565
1490;50534189
1491;50567812
1492;50601435
1493;50635058
1494;50668650
1495;50702241
1496;50735769
1497;50769297
1498;50802794
1499;50836290
1500;50869754
1501;50903219
1502;50936652
1503;50970084
1504;51003517
1505;51036950
1506;51070383
1507;51103815
1508;51137248
1509;51170681
1510;51204114
1511;51237546
1512;51270979
1513;51304412
1514;51337845
1515;51371277
1516;51404710
1517;51438143
1518;51471576
1519;51505008
1520;51538441
1521;51571874
1522;51605307
1523;51638739
1524;51672172
1525;51705605
1526;51739038
1527;51772470
1528;51805903
1529;51839336
1530;51872769
1531;51906233
1532;51939698
1533;51973226
1534;52006754
1535;52040313
1536;52073873
1537;52107465
1538;52141056
1539;52174648
1540;52208239
1541;52241831
1542;52275422
1543;52309014
1544;52342605
1545;52376197
1546;52409788
1547;52443380
1548;52476971
1549;52510563
1550;52544154
1551;52577746
1552;52611337
1553;52644929
1554;52678520
1555;52712112
1556;52745703
1557;52779295
1558;52812886
1559;52846478
1560;52880069
1561;52913661
1562;52947252
1563;52980844
1564;53014435
1565;53048027
1566;53081618
1567;53115210
1568;53148769
1569;53182329
1570;53215825
1571;53249322
1572;53282786
1573;53316251
1574;53349715
1575;53383180
1576;53416644
1577;53450109
1578;53483573
1579;53517038
1580;53550502
1581;53583967
1582;53617431
1583;53650896
1584;53684360
1585;53717825
1586;53751289
1587;53784754
1588;53818218
1589;53851683
1590;53885147
1591;53918612
1592;53952076
1593;53985541
1594;54019005
1595;54052470
1596;54085934
1597;54119399
1598;54152863
1599;54186328
1600;54219792
1601;54253257
1602;54286721
1603;54320186
1604;54353650
1605;54387115
1606;54420579
1607;54454044
1608;54487508
1609;54520973
1610;54554437
1611;54587902
1612;54621366
1613;54654831
1614;54688295
1615;54721760
1616;54755224
1617;54788720
1618;54822217
1619;54855745
1620;54889273
1621;54922832
1622;54956392
1623;54989984
1624;55023575
1625;55057167
1626;55090790
1627;55124413
1628;55158036
1629;55191660
1630;55225283
1631;55258906
1632;55292529
1633;55326153
1634;55359776
1635;55393399
1636;55427022
1637;55460646
1638;55494269
1639;55527892
1640;55561515
1641;55595139
1642;55628762
1643;55662385
1644;55696008
1645;55729600
1646;55763191
1647;55796751
1648;55830311
1649;55863807
1650;55897303
1651;55930736
1652;55964169
1653;55997602
1654;56031034
1655;56064467
1656;56097900
1657;56131333
1658;56164765
1659;56198198
1660;56231631
1661;56265064
1662;56298496
1663;56331929
1664;56365362
1665;56398795
1666;56432227
1667;56465660
1668;56499093
1669;56532526
1670;56565958
1671;56599391
1672;56632824
1673;56666257
1674;56699689
1675;56733122
1676;56766555
1677;56799988
1678;56833420
1679;56866853
1680;56900286
1681;56933719
1682;56967151
1683;57000616
1684;57034080
1685;57067608
1686;57101136
1687;57134696
1688;57168256
1689;57201847
1690;57235439
1691;57269030
1692;57302622
1693;57336213
1694;57369805
1695;57403396
1696;57436988
1697;57470579
1698;57504171
1699;57537762
1700;57571354
1701;57604945
1702;57638537
1703;57672128
1704;57705720
1705;57739311
1706;57772903
1707;57806494
1708;57840086
1709;57873677
1710;57907269
1711;57940860
1712;57974452
1713;58008043
1714;58041635
1715;58075226
1716;58108818
1717;58142409
1718;58176001
1719;58209592
1720;58243184
1721;58276775
1722;58310335
1723;58343895
1724;58377423
1725;58410951
1726;58444415
1727;58477880
1728;58511344
1729;58544809
1730;58578273
1731;58611706
1732;58645139
1733;58678572
1734;58712004
1735;58745437
1736;58778870
1737;58812303
1738;58845735
1739;58879168
1740;58912601
1741;58946034
1742;58979466
1743;59012899
1744;59046332
1745;59079765
1746;59113197
1747;59146630
1748;59180063
1749;59213496
1750;59246928
1751;59280361
1752;59313794
1753;59347227
1754;59380659
1755;59414092
1756;59447525
1757;59480958
1758;59514390
1759;59547855
1760;59581319
1761;59614847
1762;59648375
1763;59681935
1764;59715495
1765;59749055
1766;59782614
1767;59816174
1768;59849766
1769;59883357
1770;59916949
1771;59950572
1772;59984195
1773;60017818
1774;60051442
1775;60085065
1776;60118688
1777;60152311
1778;60185935
1779;60219558
1780;60253181
1781;60286804
1782;60320428
1783;60354051
1784;60387674
1785;60421297
1786;60454921
1787;60488544
1788;60522167
1789;60555790
1790;60589382
1791;60622973
1792;60656501
1793;60690029
1794;60723526
1795;60757022
1796;60790486
1797;60823951
1798;60857415
1799;60890880
1800;60924344
1801;60957809
1802;60991242
1803;61024674
1804;61058107
1805;61091540
1806;61124973
1807;61158405
1808;61191838
1809;61225271
1810;61258704
1811;61292136
1812;61325569
1813;61359002
1814;61392435
1815;61425867
1816;61459300
1817;61492733
1818;61526166
1819;61559598
1820;61593031
1821;61626464
1822;61659897
1823;61693329
1824;61726762
1825;61760195
1826;61793628
1827;61827060
1828;61860525
1829;61893989
1830;61927486
1831;61960982
1832;61994542
1833;62028101
1834;62061661
1835;62095221
1836;62128812
1837;62162404
1838;62195995
1839;62229619
1840;62263242
1841;62296865
1842;62330488
1843;62364112
1844;62397735
1845;62431358
1846;62464981
1847;62498605
1848;62532228
1849;62565851
1850;62599474
1851;62633098
1852;62666721
1853;62700344
1854;62733967
1855;62767591
1856;62801214
1857;62834837
1858;62868460
1859;62902052
1860;62935643
1861;62969171
1862;63002699
1863;63036196
1864;63069692
1865;63103156
1866;63136621
1867;63170085
1868;63203550
1869;63237014
1870;63270479
1871;63303943
1872;63337408
1873;63370872
1874;63404337
1875;63437801
1876;63471266
1877;63504730
1878;63538195
1879;63571659
1880;63605124
1881;63638588
1882;63672053
1883;63705517
1884;63738982
1885;63772446
1886;63805911
1887;63839375
1888;63872840
1889;63906304
1890;63939769
1891;63973233
1892;64006698
1893;64040162
1894;64073627
1895;64107091
1896;64140556
1897;64174020
1898;64207485
1899;64240949
1900;64274414
1901;64307878
1902;64341343
1903;64374807
1904;64408272
1905;64441736
1906;64475201
1907;64508665
1908;64542130
1909;64575594
1910;64609059
1911;64642523
1912;64675988
1913;64709484
1914;64742980
1915;64776508
1916;64810036
1917;64843596
1918;64877156
1919;64910716
1920;64944275
1921;64977867
1922;65011458
1923;65045082
1924;65078705
1925;65112328
1926;65145951
1927;65179575
1928;65213198
1929;65246821
1930;65280444
1931;65314068
1932;65347691
1933;65381314
1934;65414937
1935;65448561
1936;65482184
1937;65515807
1938;65549430
1939;65583054
1940;65616677
1941;65650268
1942;65683860
1943;65717388
1944;65750916
1945;65784412
1946;65817908
1947;65851373
1948;65884837
1949;65918302
1950;65951766
1951;65985231
1952;66018664
1953;66052096
1954;66085529
1955;66118962
1956;66152395
1957;66185827
1958;66219260
1959;66252693
1960;66286126
1961;66319558
1962;66352991
1963;66386424
1964;66419857
1965;66453289
1966;66486722
1967;66520155
1968;66553588
1969;66587020
1970;66620453
1971;66653886
1972;66687319
1973;66720751
1974;66754184
1975;66787617
1976;66821050
1977;66854482
1978;66887915
1979;66921380
1980;66954844
1981;66988372
1982;67021900
1983;67055460
1984;67089020
1985;67122611
1986;67156203
1987;67189794
1988;67223386
1989;67256977
1990;67290569
1991;67324160
1992;67357752
1993;67391343
1994;67424935
1995;67458526
1996;67492118
1997;67525709
1998;67559301
1999;67592892
2000;67626484
2001;67660075
2002;67693667
2003;67727258
2004;67760850
2005;67794441
2006;67828033
2007;67861624
2008;67895216
2009;67928807
2010;67962399
2011;67995990
2012;68029582
2013;68063173
2014;68096765
2015;68130356
2016;68163916
2017;68197476
2018;68230972
2019;68264468
2020;68297901
2021;68331334
2022;68364766
2023;68398199
2024;68431632
2025;68465065
2026;68498497
2027;68531930
2028;68565363
2029;68598796
2030;68632228
2031;68665661
2032;68699094
2033;68732527
2034;68765959
2035;68799392
2036;68832825
2037;68866258
2038;68899690
2039;68933123
2040;68966556
2041;68999989
2042;69033421
2043;69066854
2044;69100287
2045;69133720
2046;69167152
2047;69200585
2048;69234018
2049;69267482
2050;69300947
2051;69334475
2052;69368003
2053;69401563
2054;69435122
2055;69468682
2056;69502242
2057;69535833
2058;69569425
2059;69603048
2060;69636671
2061;69670295
2062;69703918
2063;69737541
2064;69771164
2065;69804788
2066;69838411
2067;69872034
2068;69905657
2069;69939281
2070;69972904
2071;70006527
2072;70040150
2073;70073774
2074;70107397
2075;70141020
2076;70174643
2077;70208267
2078;70241890
2079;70275481
2080;70309073
2081;70342601
2082;70376129
2083;70409593
2084;70443058
2085;70476491
2086;70509923
2087;70543356
2088;70576789
2089;70610222
2090;70643654
2091;70677087
2092;70710520
2093;70743953
2094;70777385
2095;70810818
2096;70844251
2097;70877684
2098;70911116
2099;70944549
2100;70977982
2101;71011415
2102;71044847
2103;71078280
2104;71111713
2105;71145146
2106;71178578
2107;71212011
2108;71245444
2109;71278877
2110;71312309
2111;71345742
2112;71379175
2113;71412608
2114;71446072
2115;71479537
2116;71513065
2117;71546593
2118;71580121
2119;71613680
2120;71647240
2121;71680832
2122;71714423
2123;71748046
2124;71781670
2125;71815293
2126;71848916
2127;71882539
2128;71916163
2129;71949786
2130;71983409
2131;72017032
2132;72050656
2133;72084279
2134;72117902
2135;72151525
2136;72185149
2137;72218772
2138;72252395
2139;72286018
2140;72319642
2141;72353265
2142;72386888
2143;72420511
2144;72454103
2145;72487694
2146;72521222
2147;72554750
2148;72588247
2149;72621743
2150;72655239
2151;72688735
2152;72722232
2153;72755696
2154;72789161
2155;72822625
2156;72856058
2157;72889491
2158;72922923
2159;72956356
2160;72989789
2161;73023222
2162;73056654
2163;73090087
2164;73123520
2165;73156953
2166;73190385
2167;73223818
2168;73257251
2169;73290684
2170;73324116
2171;73357549
2172;73390982
2173;73424415
2174;73457847
2175;73491280
2176;73524713
2177;73558146
2178;73591578
2179;73625011
2180;73658444
2181;73691877
2182;73725309
2183;73758742
2184;73792207
2185;73825671
2186;73859199
2187;73892727
2188;73926287
2189;73959847
2190;73993406
2191;74026998
2192;74060589
2193;74094213
2194;74127836
2195;74161459
2196;74195082
2197;74228706
2198;74262329
2199;74295952
2200;74329575
2201;74363199
2202;74396822
2203;74430445
2204;74464068
2205;74497692
2206;74531315
2207;74564938
2208;74598561
2209;74632185
2210;74665808
2211;74699431
2212;74733054
2213;74766646
2214;74800237
2215;74833765
2216;74867293
2217;74900758
2218;74934222
2219;74967655
2220;75001088
2221;75034489
2222;75067890
2223;75101291
2224;75134692
2225;75168093
2226;75201494
2227;75234895
2228;75268296
2229;75301697
2230;75335098
2231;75368499
2232;75401900
2233;75435301
2234;75468702
2235;75502103
2236;75535504
2237;75568905
2238;75602306
2239;75635707
2240;75669108
2241;75702541
2242;75735973
2243;75769470
2244;75802966
2245;75836494
2246;75870022
2247;75903613
2248;75937205
2249;75970796
2250;76004388
2251;76037979
2252;76071571
2253;76105162
2254;76138754
2255;76172377
2256;76206000
2257;76239624
2258;76273247
2259;76306870
2260;76340493
2261;76374117
2262;76407740
2263;76441363
2264;76474986
2265;76508610
2266;76542233
2267;76575856
2268;76609479
2269;76643103
2270;76676726
2271;76710349
2272;76743972
2273;76777596
2274;76811187
2275;76844779
2276;76878307
2277;76911835
2278;76945331
2279;76978827
2280;77012323
2281;77045820
2282;77079284
2283;77112749
2284;77146181
2285;77179614
2286;77213047
2287;77246480
2288;77279912
2289;77313345
2290;77346778
2291;77380211
2292;77413643
2293;77447076
2294;77480509
2295;77513942
2296;77547374
2297;77580807
2298;77614240
2299;77647673
2300;77681105
2301;77714538
2302;77747971
2303;77781404
2304;77814836
2305;77848269
2306;77881702
2307;77915135
2308;77948567
2309;77982000
2310;78015433
2311;78048866
2312;78082298
2313;78115731
2314;78149196
2315;78182660
2316;78216188
2317;78249716
2318;78283308
2319;78384082
2320;78417674
2321;78451265
2322;78484857
2323;78518448
2324;78552040
2325;78585631
2326;78619223
2327;78652814
2328;78686406
2329;78887955
2330;78921546
2331;78955138
2332;78988729
2333;79022321
2334;79055912
2335;79089504
2336;79123095
2337;79291053
2338;79324644
2339;79358236
2340;79391827
2341;79425387
2342;79592868
2343;79626333
2344;79659797
2345;79693262
2346;79726726
2347;79894049
2348;79927513
2349;79960978
2350;79994442
2351;80027907
2352;80061371
2353;80094836
2354;80128300
2355;80161765
2356;80195229
2357;80228694
2358;80262158
2359;80295623
2360;80329087
2361;80362552
2362;80396016
2363;80429481
2364;80462945
2365;80496410
2366;80529874
2367;80563339
2368;80596803
2369;80630268
2370;80663732
2371;80697197
2372;80730661
2373;80764126
2374;80797590
2375;80831055
2376;80864519
2377;80897984
2378;80931448
2379;80964913
2380;80998377
2381;81031842
2382;81065306
2383;81098771
2384;81132267
2385;81165763
2386;81199323
2387;81232883
2388;81266474
2389;81300066
2390;81333657
2391;81367280
2392;81400904
2393;81434527
2394;81468150
2395;81501773
2396;81535397
2397;81569020
2398;81602643
2399;81636266
2400;81669890
2401;81703513
2402;81737136
2403;81770759
2404;81804383
2405;81838006
2406;81871629
2407;81905252
2408;81938876
2409;81972499
2410;82006090
2411;82039682
2412;82073210
2413;82106738
2414;82140234
2415;82173730
2416;82207195
2417;82240659
2418;82274124
2419;82307588
2420;82341053
2421;82374517
2422;82407982
2423;82441446
2424;82474911
2425;82508375
2426;82541840
2427;82575304
2428;82608769
2429;82642233
2430;82675698
2431;82709162
2432;82742627
2433;82776091
2434;82809556
2435;82843020
2436;82876485
2437;82909949
2438;82943414
2439;82976878
2440;83010343
2441;83043807
2442;83077272
2443;83110736
2444;83144201
2445;83177665
2446;83211130
2447;83244594
2448;83278059
2449;83311523
2450;83344988
2451;83378452
2452;83411917
2453;83445381
2454;83478846
2455;83512310
2456;83545775
2457;83579239
2458;83612704
2459;83646168
2460;83679633
2461;83713097
2462;83746562
2463;83780058
2464;83813554
2465;83847114
2466;83880674
2467;83914234
2468;83947793
2469;83981353
2470;84014913
2471;84048473
2472;84082032
2473;84115592
2474;84149152
2475;84182712
2476;84216271
2477;84249831
2478;84283391
2479;84316951
2480;84350510
2481;84384070
2482;84417630
2483;84451190
2484;84484749
2485;84518309
2486;84551869
2487;84585429
2488;84618988
2489;84652548
2490;84686108
2491;84719668
2492;84753227
2493;84786787
2494;84820347
2495;84853907
2496;84887466
2497;84921026
2498;84954586
2499;84988146
2500;85021705
2501;85055265
2502;85088825
2503;85122385
2504;85155944
2505;85189504
2506;85223064
2507;85256624
2508;85290183
2509;85323743
2510;85357303
2511;85390863
2512;85424422
2513;85457982
2514;85491542
2515;85525102
2516;85558661
2517;85592189
2518;85625717
2519;85659214
2520;85692710
2521;85726174
2522;85759639
2523;85793103
2524;85826568
2525;85860032
2526;85893497
2527;85926961
2528;85960426
2529;85993890
2530;86027355
2531;86060819
2532;86094284
2533;86127748
2534;86161213
2535;86194677
2536;86228142
2537;86261606
2538;86295071
2539;86328535
2540;86362000
2541;86395464
2542;86428929
2543;86462393
2544;86495858
2545;86529322
2546;86562787
2547;86596251
2548;86629716
2549;86663180
2550;86696645
2551;86730109
2552;86763574
2553;86797038
2554;86830503
2555;86863967
2556;86897432
2557;86930896
2558;86964361
2559;86997825
2560;87031290
2561;87064754
2562;87098219
2563;87131683
2564;87165180
2565;87198676
2566;87232236
2567;87265795
2568;87299355
2569;87332915
2570;87366475
2571;87400034
2572;87433594
2573;87467154
2574;87500714
2575;87534273
2576;87567833
2577;87601393
2578;87634953
2579;87668512
2580;87702072
2581;87735632
2582;87769192
2583;87802751
2584;87836311
2585;87869871
2586;87903431
2587;87936990
2588;87970550
2589;88004110
2590;88037670
2591;88071229
2592;88104789
2593;88138349
2594;88171909
2595;88205468
2596;88239028
2597;88272588
2598;88306148
2599;88339707
2600;88373267
2601;88406827
2602;88440387
2603;88473946
2604;88507506
2605;88541066
2606;88574626
2607;88608185
2608;88641745
2609;88675305
2610;88708865
2611;88742424
2612;88775984
2613;88809544
2614;88843104
2615;88876663
2616;88910223
2617;88943783
2618;88977311
2619;89010839
2620;89044303
2621;89077768
2622;89111201
2623;89144633
2624;89178066
2625;89211499
2626;89244932
2627;89278364
2628;89311797
2629;89345230
2630;89378663
2631;89412095
2632;89445528
2633;89478961
2634;89512394
2635;89545826
2636;89579259
2637;89612692
2638;89646125
2639;89679557
2640;89712990
2641;89746423
2642;89779856
2643;89813288
2644;89846721
2645;89880154
2646;89913587
2647;89947019
2648;89980452
2649;90013917
2650;90047381
2651;90080909
2652;90114437
2653;90147997
2654;90181557
2655;90215116
2656;90248708
2657;90282299
2658;90315891
2659;90349482
2660;90383106
2661;90416729
2662;90450352
2663;90483975
2664;90517599
2665;90551222
2666;90584845
2667;90618468
2668;90652092
2669;90685715
2670;90719338
2671;90752961
2672;90786585
2673;90820208
2674;90853831
2675;90887454
2676;90921078
2677;90954701
2678;90988324
2679;91021916
2680;91055507
2681;91089035
2682;91122563
2683;91156028
2684;91189492
2685;91222957
2686;91256421
2687;91289854
2688;91323287
2689;91356719
2690;91390152
2691;91423585
2692;91457018
2693;91490450
2694;91523883
2695;91557316
2696;91590749
2697;91624181
2698;91657614
2699;91691047
2700;91724480
2701;91757912
2702;91791345
2703;91824778
2704;91858211
2705;91891643
2706;91925076
2707;91958509
2708;91991942
2709;92025374
2710;92058807
2711;92092240
2712;92125673
2713;92159105
2714;92192538
2715;92225971
2716;92259435
2717;92292900
2718;92326428
2719;92359956
2720;92393516
2721;92427075
2722;92460667
2723;92494258
2724;92527882
2725;92561505
2726;92595128
2727;92628751
2728;92662375
2729;92695998
2730;92729621
2731;92763244
2732;92796868
2733;92830491
2734;92864114
2735;92897737
2736;92931361
2737;92964984
2738;92998607
2739;93032230
2740;93065854
2741;93099477
2742;93133100
2743;93166723
2744;93200347
2745;93233938
2746;93267530
2747;93301058
2748;93334586
2749;93368082
2750;93401578
2751;93435011
2752;93468444
2753;93501876
2754;93535309
2755;93568742
2756;93602175
2757;93635607
2758;93669040
2759;93702473
2760;93735906
2761;93769338
2762;93802771
2763;93836204
2764;93869637
2765;93903069
2766;93936502
2767;93969935
2768;94003368
2769;94036800
2770;94070233
2771;94103666
2772;94137099
2773;94170531
2774;94203964
2775;94237397
2776;94270830
2777;94304262
2778;94337695
2779;94371128
2780;94404561
2781;94438025
2782;94471490
2783;94504986
2784;94538482
2785;94572042
2786;94605602
2787;94639193
2788;94672785
2789;94706376
2790;94739968
2791;94773559
2792;94807151
2793;94840742
2794;94874334
2795;94907925
2796;94941517
2797;94975108
2798;95008700
2799;95042291
2800;95075883
2801;95109474
2802;95143066
2803;95176657
2804;95210249
2805;95243840
2806;95277432
2807;95311023
2808;95344615
2809;95378206
2810;95411798
2811;95445389
2812;95478981
2813;95512572
2814;95546164
2815;95579755
2816;95613347
2817;95646938
2818;95680530
2819;95714089
2820;95747649
2821;95781145
2822;95814642
2823;95848106
2824;95881571
2825;95915003
2826;95948436
2827;95981869
2828;96015302
2829;96048734
2830;96082167
2831;96115600
2832;96149033
2833;96182465
2834;96215898
2835;96249331
2836;96282764
2837;96316196
2838;96349629
2839;96383062
2840;96416495
2841;96449927
2842;96483360
2843;96516793
2844;96550226
2845;96583658
2846;96617091
2847;96650524
2848;96683957
2849;96717389
2850;96750822
2851;96784255
2852;96817688
2853;96851152
2854;96884617
2855;96918113
2856;96951609
2857;96985169
2858;97018729
2859;97052320
2860;97085912
2861;97119503
2862;97153095
2863;97186686
2864;97220309
2865;97253933
2866;97287556
2867;97321179
2868;97354802
2869;97388426
2870;97422049
2871;97455672
2872;97489295
2873;97522919
2874;97556542
2875;97590165
2876;97623788
2877;97657412
2878;97691035
2879;97724658
2880;97758281
2881;97791905
2882;97825528
2883;97859151
2884;97892743
2885;97926334
2886;97959862
2887;97993390
2888;98026855
2889;98060319
2890;98093752
2891;98127185
2892;98160617
2893;98194018
2894;98227419
2895;98260820
2896;98294221
2897;98327622
2898;98361023
2899;98394424
2900;98427825
2901;98461226
2902;98494627
2903;98528028
2904;98561429
2905;98594830
2906;98628231
2907;98661632
2908;98695033
2909;98728434
2910;98761835
2911;98795236
2912;98828637
2913;98862070
2914;98895503
2915;98928967
2916;98962432
2917;98995960
2918;99029488
2919;99063048
2920;99096607
2921;99130199
2922;99163790
2923;99197414
2924;99231037
2925;99264660
2926;99298283
2927;99331907
2928;99365530
2929;99399153
2930;99432776
2931;99466400
2932;99500023
2933;99533646
2934;99567269
2935;99600893
2936;99634516
2937;99668139
2938;99701762
2939;99735386
2940;99769009
2941;99802632
2942;99836255
2943;99869879
2944;99903502
2945;99937125
2946;99970717
2947;100004308
2948;100037836
2949;100071364
2950;100104860
2951;100138357
2952;100171821
2953;100205286
2954;100238750
2955;100272183
2956;100305616
2957;100339017
2958;100372418
2959;100405819
2960;100439220
2961;100472621
2962;100506022
2963;100539423
2964;100572824
2965;100606225
2966;100639626
2967;100673027
2968;100706428
2969;100739829
2970;100773230
2971;100806631
2972;100840032
2973;100873433
2974;100906834
2975;100940235
2976;100973636
2977;101007068
2978;101040501
2979;101073997
2980;101107494
2981;101141053
2982;101174613
2983;101208173
2984;101241764
2985;101275356
2986;101308979
2987;101342602
2988;101376226
2989;101409849
2990;101443472
2991;101477095
2992;101510719
2993;101544342
2994;101577965
2995;101611588
2996;101645212
2997;101678835
2998;101712458
2999;101746081
3000;101779705
3001;101813328
3002;101846951
3003;101880574
3004;101914198
3005;101947821
3006;101981444
3007;102015067
3008;102048659
3009;102082250
3010;102115778
3011;102149306
3012;102182803
3013;102216299
3014;102249732
3015;102283164
3016;102316565
3017;102349966
3018;102383367
3019;102416768
3020;102450169
3021;102483570
3022;102516971
3023;102550372
3024;102583773
3025;102617174
3026;102650575
3027;102683976
3028;102717377
3029;102750778
3030;102784179
3031;102817580
3032;102850981
3033;102884382
3034;102917783
3035;102951184
3036;102984585
3037;103018018
3038;103051451
3039;103084947
3040;103118443
3041;103151971
3042;103185499
3043;103219091
3044;103252682
3045;103286274
3046;103319865
3047;103353457
3048;103387048
3049;103420640
3050;103454263
3051;103487886
3052;103521510
3053;103555133
3054;103588756
3055;103622379
3056;103656003
3057;103689626
3058;103723249
3059;103756872
3060;103790496
3061;103824119
3062;103857742
3063;103891365
3064;103924989
3065;103958612
3066;103992235
3067;104025858
3068;104059482
3069;104093105
3070;104126696
3071;104160288
3072;104193816
3073;104227344
3074;104260808
3075;104294273
3076;104327706
3077;104361138
3078;104394571
3079;104428004
3080;104461437
3081;104494869
3082;104528302
3083;104561735
3084;104595168
3085;104628600
3086;104662033
3087;104695466
3088;104728899
3089;104762331
3090;104795764
3091;104829197
3092;104862630
3093;104896062
3094;104929495
3095;104962928
3096;104996361
3097;105029793
3098;105063226
3099;105096659
3100;105130092
3101;105163524
3102;105196957
3103;105230390
3104;105263823
3105;105297255
3106;105330720
3107;105364184
3108;105397712
3109;105431240
3110;105464800
3111;105498360
3112;105531920
3113;105565479
3114;105599039
3115;105632599
3116;105666159
3117;105699718
3118;105733278
3119;105766838
3120;105800398
3121;105833957
3122;105867517
3123;105901077
3124;105934637
3125;105968196
3126;106001756
3127;106035316
3128;106068876
3129;106102435
3130;106135995
3131;106169555
3132;106203115
3133;106236674
3134;106270234
3135;106303794
3136;106337354
3137;106370913
3138;106404473
3139;106438033
3140;106471593
3141;106505152
3142;106538712
3143;106572272
3144;106605832
3145;106639391
3146;106672951
3147;106706511
3148;106740071
3149;106773630
3150;106807190
3151;106840750
3152;106874310
3153;106907869
3154;106941429
3155;106974989
3156;107008549
3157;107042108
3158;107075668
3159;107109228
3160;107142788
3161;107176347
3162;107209907
3163;107243467
3164;107277027
3165;107310555
3166;107344083
3167;107377547
3168;107411012
3169;107444476
3170;107477941
3171;107511405
3172;107544870
3173;107578334
3174;107611799
3175;107645263
3176;107678728
3177;107712192
3178;107745657
3179;107779121
3180;107812586
3181;107846050
3182;107879515
3183;107912979
3184;107946444
3185;107979908
3186;108013373
3187;108046837
3188;108080302
3189;108113766
3190;108147231
3191;108180695
3192;108214160
3193;108247624
3194;108281089
3195;108314553
3196;108348018
3197;108381482
3198;108414947
3199;108448411
3200;108481876
3201;108515340
3202;108548805
3203;108582269
3204;108615734
3205;108649198
3206;108682663
3207;108716127
3208;108749592
3209;108783056
3210;108816521
3211;108850017
3212;108883513
3213;108917073
3214;108950633
3215;108984192
3216;109017752
3217;109051344
3218;109084935
3219;109118527
3220;109152118
3221;109185710
3222;109219301
3223;109252893
3224;109286484
3225;109320076
3226;109353667
3227;109387259
3228;109420850
3229;109454442
3230;109488033
3231;109521625
3232;109555216
3233;109588808
3234;109622399
3235;109655991
3236;109689582
3237;109723174
3238;109756765
3239;109790357
3240;109823948
3241;109857540
3242;109891131
3243;109924723
3244;109958314
3245;109991906
3246;110025465
3247;110059025
3248;110092553
3249;110126081
3250;110159577
3251;110193074
3252;110226538
3253;110260003
3254;110293467
3255;110326932
3256;110360396
3257;110393861
3258;110427325
3259;110460790
3260;110494254
3261;110527719
3262;110561183
3263;110594648
3264;110628112
3265;110661577
3266;110695041
3267;110728506
3268;110761970
3269;110795435
3270;110828899
3271;110862364
3272;110895828
3273;111029686
3274;111063151
3275;111096615
3276;111130080
3277;111163544
3278;111197009
3279;111230473
3280;111263938
3281;111297402
3282;111330867
3283;111364331
3284;111397796
3285;111431260
3286;111464725
3287;111498189
3288;111531654
3289;111565118
3290;111598583
3291;111632047
3292;111665512
3293;111698976
3294;111732441
3295;111765937
3296;111799433
3297;111832993
3298;111866553
3299;111900112
3300;111933672
3301;111967232
3302;112000792
3303;112034383
3304;112067975
3305;112101566
3306;112135158
3307;112168749
3308;112202341
3309;112235932
3310;112269524
3311;112303115
3312;112336707
3313;112370298
3314;112403890
3315;112437481
3316;112471073
3317;112504664
3318;112538256
3319;112571847
3320;112605439
3321;112639030
3322;112672622
3323;112706213
3324;112739805
3325;112773396
3326;112806988
3327;112840579
3328;112874171
3329;112907762
3330;112941322
3331;112974882
3332;113008378
3333;113041874
3334;113075339
3335;113108803
3336;113142268
3337;113175732
3338;113209197
3339;113242661
3340;113276126
3341;113309590
3342;113343055
3343;113376519
3344;113409984
3345;113443448
3346;113476913
3347;113510377
3348;113543842
3349;113577306
3350;113610771
3351;113644235
3352;113677700
3353;113711164
3354;113744629
3355;113778093
3356;113811558
3357;113845022
3358;113878487
3359;113911951
3360;113945416
3361;113978880
3362;114012345
3363;114045809
3364;114079274
3365;114112738
3366;114146203
3367;114179667
3368;114213132
3369;114246596
3370;114280061
3371;114313525
3372;114346990
3373;114380454
3374;114413919
3375;114447383
3376;114480848
3377;114514312
3378;114547777
3379;114581273
3380;114715385
3381;114748945
3382;114782504
3383;114816064
3384;114849656
3385;114883247
3386;114916839
3387;114950430
3388;114984022
3389;115017613
3390;115051205
3391;115084796
3392;115118388
3393;115151979
3394;115185571
3395;115219162
3396;115252754
3397;115286345
3398;115319937
3399;115353528
3400;115387120
3401;115420711
3402;115454303
3403;115487894
3404;115521486
3405;115555077
3406;115588669
3407;115622260
3408;115655852
3409;115689443
3410;115723035
3411;115756626
3412;115790186
3413;115823746
3414;115857242
3415;115890738
3416;115924171
3417;115957604
3418;115991036
3419;116024469
3420;116057902
3421;116091335
3422;116124767
3423;116158200
3424;116191633
3425;116225066
3426;116258498
3427;116291931
3428;116325364
3429;116358797
3430;116392229
3431;116425662
3432;116459095
3433;116492528
3434;116525960
3435;116559393
3436;116592826
3437;116626259
3438;116659691
3439;116693124
3440;116726557
3441;116759990
3442;116793422
3443;116826855
3444;116860288
3445;116893752
3446;116927217
3447;116960745
3448;116994273
3449;117027833
3450;117061392
3451;117094984
3452;117128575
3453;117162167
3454;117195758
3455;117229382
3456;117263005
3457;117296660
3458;117330315
3459;117363970
3460;117397625
3461;117431280
3462;117464935
3463;117498590
3464;117532245
3465;117565900
3466;117599555
3467;117633210
3468;117666865
3469;117700520
3470;117734175
3471;117767798
3472;117801421
3473;117834981
3474;117868541
3475;117902037
3476;117935533
3477;117968998
3478;118002462
3479;118035927
3480;118069391
3481;118102856
3482;118136320
3483;118169785
3484;118203249
3485;118236714
3486;118270178
3487;118303643
3488;118337107
3489;118370572
3490;118404036
3491;118437501
3492;118470965
3493;118504430
3494;118537894
3495;118571359
3496;118604823
3497;118638288
3498;118671752
3499;118705217
3500;118738681
3501;118772146
3502;118805610
3503;118839075
3504;118872539
3505;118906004
3506;118939468
3507;118972933
3508;119006397
3509;119039862
3510;119073326
3511;119106791
3512;119140255
3513;119173720
3514;119207184
3515;119240649
3516;119274113
3517;119307578
3518;119341042
3519;119374507
3520;119407971
3521;119441436
3522;119474900
3523;119508365
3524;119541829
3525;119575294
3526;119608758
3527;119642223
3528;119675687
3529;119709184
3530;119742680
3531;119776240
3532;119809799
3533;119843359
3534;119876919
3535;119910479
3536;119944070
3537;119977662
3538;120011253
3539;120044845
3540;120078436
3541;120112028
3542;120145619
3543;120179211
3544;120212802
3545;120246394
3546;120279985
3547;120313577
3548;120347168
3549;120380760
3550;120414351
3551;120447943
3552;120481534
3553;120515126
3554;120548717
3555;120582309
3556;120615900
3557;120649492
3558;120683083
3559;120716675
3560;120750266
3561;120783858
3562;120817449
3563;120851041
3564;120884600
3565;120918160
3566;120951656
3567;120985153
3568;121018585
3569;121052018
3570;121085419
3571;121118820
3572;121152221
3573;121185622
3574;121219023
3575;121252424
3576;121285825
3577;121319226
3578;121352627
3579;121386028
3580;121419429
3581;121452830
3582;121486231
3583;121519632
3584;121553033
3585;121586434
3586;121619835
3587;121653236
3588;121686637
3589;121720038
3590;121753471
3591;121786904
3592;121820400
3593;121853896
3594;121887456
3595;121921016
3596;121954607
3597;121988199
3598;122021790
3599;122055382
3600;122088973
3601;122122565
3602;122156188
3603;122189811
3604;122223434
3605;122257058
3606;122290681
3607;122324304
3608;122357927
3609;122391551
3610;122425174
3611;122458797
3612;122492420
3613;122526044
3614;122559667
3615;122593290
3616;122626913
3617;122660537
3618;122694160
3619;122727783
3620;122761406
3621;122795030
3622;122828621
3623;122862213
3624;122895741
3625;122929269
3626;122962733
3627;122996198
3628;123029662
3629;123063127
3630;123096559
3631;123129992
3632;123163425
3633;123196858
3634;123230290
3635;123263723
3636;123297156
3637;123330589
3638;123364021
3639;123397454
3640;123430887
3641;123464320
3642;123497752
3643;123531185
3644;123564618
3645;123598051
3646;123631483
3647;123664916
3648;123698349
3649;123731782
3650;123765214
3651;123798647
3652;123832080
3653;123865513
3654;123898945
3655;123932378
3656;123965811
3657;123999244
3658;124032708
3659;124066173
3660;124099701
3661;124133229
3662;124166788
3663;124200348
3664;124233908
3665;124267468
3666;124301027
3667;124334619
3668;124368210
3669;124401802
3670;124435393
3671;124468985
3672;124502576
3673;124536168
3674;124569759
3675;124603351
3676;124636942
3677;124670534
3678;124704125
3679;124737717
3680;124771308
3681;124804900
3682;124838491
3683;124872083
3684;124905674
3685;124939266
3686;124972857
3687;125006449
3688;125040040
3689;125073632
3690;125107223
3691;125140815
3692;125174406
3693;125207998
3694;125241589
3695;125275181
3696;125308741
3697;125342300
3698;125375797
3699;125409293
3700;125442726
3701;125476158
3702;125509559
3703;125542960
3704;125576361
3705;125609762
3706;125643163
3707;125676564
3708;125709965
3709;125743366
3710;125776767
3711;125810168
3712;125843569
3713;125876970
3714;125910371
3715;125943772
3716;125977173
3717;126010574
3718;126043975
3719;126077376
3720;126110777
3721;126144178
3722;126177611
3723;126211044
3724;126244540
3725;126278036
3726;126311564
3727;126345092
3728;126378684
3729;126412275
3730;126445867
3731;126479458
3732;126513050
3733;126546641
3734;126580233
3735;126613824
3736;126647416
3737;126681007
3738;126714599
3739;126748190
3740;126781782
3741;126815373
3742;126848965
3743;126882556
3744;126916148
3745;126949739
3746;126983331
3747;127016922
3748;127050514
3749;127084105
3750;127117697
3751;127151288
3752;127184880
3753;127218471
3754;127252063
3755;127285654
3756;127319246
3757;127352837
3758;127386429
3759;127420020
3760;127453612
3761;127487203
3762;127520795
3763;127554355
3764;127587914
3765;127621411
3766;127654907
3767;127688371
3768;127721836
3769;127755269
3770;127788701
3771;127822134
3772;127855567
3773;127889000
3774;127922432
3775;127955865
3776;127989298
3777;128022731
3778;128056163
3779;128089596
3780;128123029
3781;128156462
3782;128189894
3783;128223327
3784;128256760
3785;128290193
3786;128323625
3787;128357058
3788;128390491
3789;128423924
3790;128457356
3791;128490789
3792;128524222
3793;128557655
3794;128591087
3795;128624520
3796;128657953
3797;128691417
3798;128724882
3799;128758410
3800;128791938
3801;128825529
3802;128859121
3803;128892744
3804;128926367
3805;128959991
3806;128993614
3807;129027237
3808;129060860
3809;129094484
3810;129128107
3811;129161730
3812;129195353
3813;129228977
3814;129262600
3815;129296223
3816;129329846
3817;129363470
3818;129397093
3819;129430716
3820;129464339
3821;129497963
3822;129531586
3823;129565209
3824;129598832
3825;129632424
3826;129666015
3827;129699543
3828;129733071
3829;129766568
3830;129800064
3831;129833528
3832;129866993
3833;129900457
3834;129933890
3835;129967323
3836;130000756
3837;130034188
3838;130067621
3839;130101054
3840;130134487
3841;130167919
3842;130201352
3843;130234785
3844;130268218
3845;130301650
3846;130335083
3847;130368516
3848;130401949
3849;130435381
3850;130468814
3851;130502247
3852;130535680
3853;130569112
3854;130602545
3855;130635978
3856;130669411
3857;130702843
3858;130736276
3859;130769709
3860;130803142
3861;130836574
3862;130870007
3863;130903440
3864;130936873
3865;130970337
3866;131003802
3867;131037298
3868;131070794
3869;131104322
3870;131137850
3871;131171410
3872;131204970
3873;131238561
3874;131272153
3875;131305744
3876;131339336
3877;131372927
3878;131406519
3879;131440142
3880;131473765
3881;131507388
3882;131541012
3883;131574635
3884;131608258
3885;131641881
3886;131675505
3887;131709128
3888;131742751
3889;131776374
3890;131809998
3891;131843621
3892;131877244
3893;131910867
3894;131944491
3895;131978114
3896;132011737
3897;132045360
3898;132078984
3899;132112575
3900;132146167
3901;132179695
3902;132213223
3903;132246687
3904;132280152
3905;132313584
3906;132347017
3907;132380450
3908;132413883
3909;132447315
3910;132480748
3911;132514181
3912;132547614
3913;132581046
3914;132614479
3915;132647912
3916;132681345
3917;132714777
3918;132748210
3919;132781643
3920;132815076
3921;132848508
3922;132881941
3923;132915374
3924;132948807
3925;132982239
3926;133015672
3927;133049105
3928;133082538
3929;133115970
3930;133149403
3931;133182836
3932;133216269
3933;133249701
3934;133283134
3935;133316599
3936;133350063
3937;133383591
3938;133417119
3939;133450711
3940;133484302
3941;133517894
3942;133551485
3943;133585077
3944;133618668
3945;133652291
3946;133685915
3947;133719538
3948;133753161
3949;133786784
3950;133820408
3951;133854031
3952;133887654
3953;133921277
3954;133954901
3955;133988524
3956;134022147
3957;134055770
3958;134089394
3959;134123017
3960;134156640
3961;134190263
3962;134223887
3963;134257510
3964;134291101
3965;134324693
3966;134358221
3967;134391749
3968;134425245
3969;134458741
3970;134492174
3971;134525607
3972;134559040
3973;134592472
3974;134625905
3975;134659338
3976;134692771
3977;134726203
3978;134759636
3979;134793069
3980;134826502
3981;134859934
3982;134893367
3983;134926800
3984;134960233
3985;134993665
3986;135027098
3987;135060531
3988;135093964
3989;135127396
3990;135160829
3991;135194262
3992;135227695
3993;135261127
3994;135294560
3995;135327993
3996;135361426
3997;135394858
3998;135428291
3999;135461724
4000;135495188
4001;135528653
4002;135562181
4003;135595709
4004;135629237
4005;135662765
4006;135696293
4007;135729821
4008;135763381
4009;135796940
4010;135830500
4011;135864092
4012;135897683
4013;135931275
4014;135964866
4015;135998458
4016;136032049
4017;136065641
4018;136099232
4019;136132824
4020;136166415
4021;136200007
4022;136233598
4023;136267190
4024;136300781
4025;136334373
4026;136367964
4027;136401556
4028;136435147
4029;136468739
4030;136502330
4031;136535922
4032;136569513
4033;136603105
4034;136636696
4035;136670288
4036;136703879
4037;136737471
4038;136771062
4039;136804654
4040;136838245
4041;136871805
4042;136905365
4043;136938861
4044;136972357
4045;137005822
4046;137039286
4047;137072751
4048;137106215
4049;137139680
4050;137173144
4051;137206609
4052;137240073
4053;137273538
4054;137307002
4055;137340467
4056;137373931
4057;137407396
4058;137440860
4059;137474325
4060;137507789
4061;137541254
4062;137574718
4063;137608183
4064;137641647
4065;137675112
4066;137708576
4067;137742041
4068;137775505
4069;137808970
4070;137842434
4071;137875899
4072;137909363
4073;137942828
4074;137976292
4075;138009757
4076;138043221
4077;138076686
4078;138110150
4079;138143615
4080;138177079
4081;138210544
4082;138244008
4083;138277473
4084;138310937
4085;138344402
4086;138377866
4087;138411331
4088;138444795
4089;138478260
4090;138511724
4091;138545220
4092;138578717
4093;138612245
4094;138645773
4095;138679332
4096;138712892
4097;138746484
4098;138780075
4099;138813698
4100;138847322
4101;138880945
4102;138914568
4103;138948191
4104;138981815
4105;139015438
4106;139049061
4107;139082684
4108;139116308
4109;139149931
4110;139183554
4111;139217177
4112;139250801
4113;139284424
4114;139318047
4115;139351670
4116;139385294
4117;139418917
4118;139452508
4119;139486100
4120;139519660
4121;139553219
4122;139586716
4123;139620212
4124;139653676
4125;139687141
4126;139720605
4127;139754070
4128;139787534
4129;139820967
4130;139854400
4131;139887833
4132;139921265
4133;139954698
4134;139988131
4135;140021564
4136;140054996
4137;140088429
4138;140121862
4139;140155295
4140;140188727
4141;140222160
4142;140255593
4143;140289026
4144;140322458
4145;140355891
4146;140389324
4147;140422757
4148;140456189
4149;140489622
4150;140523055
4151;140556488
4152;140589920
4153;140623353
4154;140656786
4155;140690219
4156;140723651
4157;140757116
4158;140790580
4159;140824108
4160;140857636
4161;140891196
4162;140924756
4163;140958347
4164;140991939
4165;141025530
4166;141059122
4167;141092713
4168;141126305
4169;141159896
4170;141193488
4171;141227079
4172;141260671
4173;141294262
4174;141327854
4175;141361445
4176;141395037
4177;141428628
4178;141462220
4179;141495811
4180;141529403
4181;141562994
4182;141596586
4183;141630177
4184;141663769
4185;141697360
4186;141730952
4187;141764543
4188;141798135
4189;141831726
4190;141865318
4191;141898909
4192;141932501
4193;141966092
4194;141999684
4195;142033244
4196;142066803
4197;142100300
4198;142133796
4199;142167260
4200;142200725
4201;142234158
4202;142267590
4203;142300991
4204;142334392
4205;142367793
4206;142401194
4207;142434595
4208;142467996
4209;142501397
4210;142534798
4211;142568199
4212;142601600
4213;142635001
4214;142668402
4215;142701803
4216;142735204
4217;142768605
4218;142802006
4219;142835407
4220;142868808
4221;142902209
4222;142935642
4223;142969075
4224;143002571
4225;143036067
4226;143069595
4227;143103123
4228;143136683
4229;143170243
4230;143203866
4231;143237489
4232;143271113
4233;143304736
4234;143338359
4235;143371982
4236;143405606
4237;143439229
4238;143472852
4239;143506475
4240;143540099
4241;143573722
4242;143607345
4243;143640968
4244;143674592
4245;143708215
4246;143741838
4247;143775461
4248;143809085
4249;143842708
4250;143876331
4251;143909954
4252;143943578
4253;143977169
4254;144010761
4255;144044289
4256;144077817
4257;144111313
4258;144144809
4259;144178274
4260;144211738
4261;144245203
4262;144278635
4263;144312068
4264;144345501
4265;144378934
4266;144412366
4267;144445799
4268;144479232
4269;144512665
4270;144546097
4271;144579530
4272;144612963
4273;144646396
4274;144679828
4275;144713261
4276;144746694
4277;144780127
4278;144813559
4279;144846992
4280;144880425
4281;144913858
4282;144947290
4283;144980723
4284;145014156
4285;145047589
4286;145081021
4287;145114454
4288;145147887
4289;145181320
4290;145214784
4291;145248249
4292;145281777
4293;145315305
4294;145348864
4295;145382424
4296;145416016
4297;145449607
4298;145483230
4299;145516854
4300;145550477
4301;145584100
4302;145617723
4303;145651347
4304;145684970
4305;145718593
4306;145752216
4307;145785840
4308;145819463
4309;145853086
4310;145886709
4311;145920333
4312;145953956
4313;145987579
4314;146021202
4315;146054826
4316;146088449
4317;146122072
4318;146155695
4319;146189287
4320;146222878
4321;146256406
4322;146289934
4323;146323399
4324;146356863
4325;146390328
4326;146423792
4327;146457257
4328;146490721
4329;146524154
4330;146557587
4331;146591020
4332;146624452
4333;146657885
4334;146691318
4335;146724751
4336;146758183
4337;146791616
4338;146825049
4339;146858482
4340;146891914
4341;146925347
4342;146958780
4343;146992213
4344;147025645
4345;147059078
4346;147092511
4347;147125944
4348;147159376
4349;147192809
4350;147226242
4351;147259675
4352;147293107
4353;147326540
4354;147359973
4355;147393406
4356;147426838
4357;147460303
4358;147493767
4359;147527295
4360;147560823
4361;147594383
4362;147627943
4363;147661534
4364;147695126
4365;147728749
4366;147762372
4367;147796027
4368;147829682
4369;147863337
4370;147896992
4371;147930647
4372;147964302
4373;147997957
4374;148031612
4375;148065267
4376;148098922
4377;148132577
4378;148166232
4379;148199887
4380;148233542
4381;148267197
4382;148300852
4383;148334476
4384;148368099
4385;148401659
4386;148435218
4387;148468746
4388;148502274
4389;148535739
4390;148569203
4391;148602668
4392;148636101
4393;148669533
4394;148702966
4395;148736399
4396;148769832
4397;148803264
4398;148836697
4399;148870130
4400;148903563
4401;148936995
4402;148970428
4403;149003861
4404;149037294
4405;149070726
4406;149104159
4407;149137592
4408;149171025
4409;149204457
4410;149237890
4411;149271323
4412;149471919
4413;149505352
4414;149538785
4415;149572218
4416;149605650
4417;149639083
4418;149672516
4419;149705949
4420;149739413
4421;149772878
4422;149806374
4423;149940486
4424;149974046
4425;150007669
4426;150041292
4427;150074915
4428;150108539
4429;150142162
4430;150175785
4431;150209408
4432;150243032
4433;150276655
4434;150310278
4435;150343901
4436;150377525
4437;150411148
4438;150444771
4439;150478394
4440;150512018
4441;150545641
4442;150579264
4443;150612887
4444;150646511
4445;150680134
4446;150713757
4447;150747380
4448;150780972
4449;150814563
4450;150848091
4451;150881619
4452;150915084
4453;150948548
4454;150982013
4455;151015477
4456;151048942
4457;151082406
4458;151115871
4459;151149335
4460;151182800
4461;151216264
4462;151249729
4463;151283193
4464;151316658
4465;151350122
4466;151383587
4467;151417051
4468;151550909
4469;151584374
4470;151617838
4471;151651303
4472;151684767
4473;151718232
4474;151751696
4475;151785161
4476;151818625
4477;151852090
4478;151885554
4479;151919019
4480;151952483
4481;151985948
4482;152019412
4483;152052877
4484;152086341
4485;152119806
4486;152153270
4487;152186735
4488;152220199
4489;152253664
4490;152287128
4491;152320593
4492;152354057
4493;152387522
4494;152420986
4495;152454451
4496;152487915
4497;152521380
4498;152554876
4499;152588372
4500;152621932
4501;152655492
4502;152689083
4503;152722675
4504;152756298
4505;152789921
4506;152823545
4507;152857168
4508;152890791
4509;152924414
4510;152958038
4511;152991661
4512;153025284
4513;153058907
4514;153092531
4515;153126154
4516;153159777
4517;153193400
4518;153227024
4519;153260647
4520;153294270
4521;153327893
4522;153361517
4523;153395140
4524;153428731
4525;153462323
4526;153495851
4527;153529379
4528;153562875
4529;153596371
4530;153629836
4531;153663300
4532;153696733
4533;153730166
4534;153763599
4535;153797031
4536;153830464
4537;153863897
4538;153897330
4539;153930762
4540;153964195
4541;153997628
4542;154031061
4543;154064493
4544;154097926
4545;154131359
4546;154164792
4547;154198224
4548;154231657
4549;154265090
4550;154298523
4551;154331955
4552;154365388
4553;154398821
4554;154432254
4555;154465686
4556;154499119
4557;154532552
4558;154565985
4559;154599417
4560;154632850
4561;154666283
4562;154699747
4563;154733212
4564;154766740
4565;154800268
4566;154833828
4567;154867387
4568;154900979
4569;154934570
4570;154968194
4571;155001817
4572;155035472
4573;155069127
4574;155102782
4575;155136437
4576;155170092
4577;155203747
4578;155237402
4579;155271057
4580;155304712
4581;155338367
