1;0
2;33369
3;66738
4;100107
5;133477
6;166846
7;200215
8;233584
9;266954
10;300323
11;333692
12;367061
13;400431
14;433800
15;467169
16;500538
17;533908
18;567277
19;600646
20;634015
21;667385
22;700754
23;734123
24;767492
25;800862
26;834231
27;867600
28;900969
29;934339
30;967708
31;1001077
32;1034446
33;1067816
34;1101185
35;1134554
36;1167923
37;1201293
38;1234662
39;1268031
40;1301432
41;1334833
42;1368298
43;1401762
44;1435290
45;1468818
46;1502346
47;1535874
48;1569402
49;1602930
50;1636458
51;1669986
52;1703514
53;1737042
54;1770570
55;1804098
56;1837626
57;1871154
58;1904682
59;1938210
60;1971738
61;2005266
62;2038794
63;2072322
64;2105850
65;2139378
66;2172906
67;2206434
68;2239962
69;2273490
70;2307018
71;2340546
72;2374074
73;2407602
74;2441130
75;2474658
76;2508186
77;2541714
78;2575242
79;2608770
80;2642298
81;2675826
82;2709354
83;2742882
84;2776410
85;2809938
86;2843466
87;2876994
88;2910522
89;2944050
90;2977578
91;3011106
92;3044634
93;3078162
94;3111690
95;3145218
96;3178746
97;3212274
98;3245802
99;3279330
100;3312858
101;3346386
102;3379914
103;3413442
104;3446970
105;3480498
106;3514026
107;3547554
108;3581082
109;3614610
110;3648138
111;3681666
112;3715194
113;3748722
114;3782250
115;3815778
116;3849306
117;3882834
118;3916362
119;3949890
120;3983418
121;4016946
122;4050474
123;4084002
124;4117530
125;4151058
126;4184586
127;4218114
128;4251642
129;4285170
130;4318698
131;4352226
132;4385754
133;4419282
134;4452810
135;4486338
136;4519866
137;4553394
138;4586922
139;4620450
140;4653978
141;4687506
142;4721034
143;4754562
144;4788090
145;4821618
146;4855146
147;4888674
148;4922202
149;4955730
150;4989258
151;5022786
152;5056314
153;5089842
154;5123370
155;5156898
156;5190426
157;5223954
158;5257482
159;5291010
160;5324538
161;5358066
162;5391594
163;5425122
164;5458650
165;5492178
166;5525706
167;5559234
168;5592762
169;5626290
170;5659818
171;5693346
172;5726874
173;5760402
174;5793930
175;5827458
176;5860986
177;5894514
178;5928042
179;5961570
180;5995098
181;6028626
182;6062154
183;6095682
184;6129210
185;6162738
186;6196266
187;6229794
188;6263322
189;6296850
190;6330378
191;6363906
192;6397434
193;6430962
194;6464490
195;6498018
196;6531546
197;6565074
198;6598602
199;6632130
200;6665658
201;6699186
202;6732682
203;6766179
204;6799675
205;6833171
206;6866667
207;6900164
208;6933660
209;6967156
210;7000652
211;7034149
212;7067645
213;7101141
214;7134637
215;7168134
216;7201630
217;7235126
218;7268622
219;7302119
220;7335615
221;7369111
222;7402607
223;7436104
224;7469600
225;7503096
226;7536592
227;7570089
228;7603585
229;7637081
230;7670577
231;7704074
232;7737570
233;7771066
234;7804562
235;7838059
236;7871555
237;7905051
238;7938547
239;7972044
240;8005540
241;8039036
242;8072532
243;8106029
244;8139525
245;8173021
246;8206517
247;8240014
248;8273510
249;8307006
250;8340502
251;8373999
252;8407495
253;8440991
254;8474487
255;8507984
256;8541480
257;8574976
258;8608472
259;8641969
260;8675465
261;8708961
262;8742457
263;8775954
264;8809450
265;8842946
266;8876442
267;8909939
268;8943435
269;8976931
270;9010427
271;9043924
272;9077420
273;9110916
274;9144412
275;9177909
276;9211405
277;9244901
278;9278397
279;9311894
280;9345390
281;9378886
282;9412382
283;9445879
284;9479375
285;9512871
286;9546367
287;9579864
288;9613360
289;9646856
290;9680352
291;9713849
292;9747345
293;9780841
294;9814337
295;9847834
296;9881330
297;9914826
298;9948322
299;9981819
300;10015315
301;10048811
302;10082307
303;10115804
304;10149300
305;10182796
306;10216292
307;10249789
308;10283285
309;10316781
310;10350309
311;10383837
312;10417397
313;10450957
314;10484548
315;10518140
316;10551731
317;10585323
318;10618914
319;10652506
320;10686097
321;10719689
322;10753280
323;10786872
324;10820463
325;10854055
326;10887646
327;10921238
328;10954829
329;10988421
330;11022012
331;11055604
332;11089195
333;11122787
334;11156378
335;11189970
336;11223561
337;11257153
338;11290744
339;11324336
340;11357927
341;11391519
342;11425078
343;11458638
344;11492134
345;11525631
346;11559127
347;11592591
348;11626056
349;11659520
350;11692985
351;11726449
352;11759914
353;11793378
354;11826843
355;11860307
356;11893772
357;11927236
358;11960701
359;11994165
360;12027630
361;12061094
362;12094559
363;12128023
364;12161488
365;12194952
366;12228417
367;12261881
368;12295346
369;12328810
370;12362275
371;12395739
372;12429204
373;12462668
374;12496133
375;12529597
376;12563062
377;12596526
378;12629991
379;12663455
380;12696920
381;12730384
382;12763849
383;12797313
384;12830778
385;12864242
386;12897707
387;12931171
388;12964636
389;12998100
390;13031565
391;13065029
392;13098526
393;13132022
394;13165550
395;13199078
396;13232638
397;13266197
398;13299757
399;13333317
400;13366877
401;13400468
402;13434060
403;13467651
404;13501243
405;13534834
406;13568426
407;13602017
408;13635609
409;13669200
410;13702792
411;13736383
412;13769975
413;13803566
414;13837158
415;13870749
416;13904341
417;13937932
418;13971524
419;14005115
420;14038707
421;14072298
422;14105890
423;14139481
424;14173073
425;14206664
426;14240256
427;14273847
428;14307439
429;14340998
430;14374558
431;14408054
432;14441551
433;14475015
434;14508480
435;14541944
436;14575409
437;14608873
438;14642338
439;14675802
440;14709267
441;14742731
442;14776196
443;14809660
444;14843125
445;14876589
446;14910054
447;14943518
448;14976983
449;15010447
450;15043912
451;15077376
452;15110841
453;15144305
454;15177770
455;15211234
456;15244699
457;15278163
458;15311628
459;15345092
460;15378557
461;15412021
462;15445486
463;15478950
464;15512415
465;15545879
466;15579344
467;15612808
468;15646273
469;15679737
470;15713202
471;15746666
472;15780131
473;15813595
474;15847060
475;15880524
476;15913989
477;15947453
478;15980918
479;16014414
480;16047910
481;16081438
482;16114966
483;16148558
484;16182149
485;16215741
486;16249332
487;16282924
488;16316515
489;16350107
490;16383698
491;16417290
492;16450881
493;16484473
494;16518064
495;16551656
496;16585247
497;16618839
498;16652430
499;16686022
500;16719613
501;16753205
502;16786796
503;16820388
504;16853979
505;16887571
506;16921162
507;16954754
508;16988345
509;17021937
510;17055528
511;17089120
512;17122711
513;17156303
514;17189862
515;17223422
516;17256918
517;17290415
518;17323879
519;17357344
520;17390808
521;17424273
522;17457737
523;17491202
524;17524666
525;17558131
526;17591595
527;17625060
528;17658524
529;17691989
530;17725453
531;17758918
532;17792382
533;17825847
534;17859311
535;17892776
536;17926240
537;17959705
538;17993169
539;18026634
540;18060098
541;18093563
542;18127027
543;18160492
544;18193956
545;18227421
546;18260885
547;18294350
548;18327814
549;18361279
550;18394743
551;18428208
552;18461672
553;18495137
554;18528601
555;18562066
556;18595530
557;18628995
558;18662459
559;18695924
560;18729388
561;18762853
562;18796317
563;18829813
564;18863310
565;18896838
566;18930366
567;18963925
568;18997485
569;19031077
570;19064668
571;19098260
572;19131851
573;19165443
574;19199034
575;19232626
576;19266217
577;19299809
578;19333400
579;19366992
580;19400583
581;19434175
582;19467766
583;19501358
584;19534949
585;19568541
586;19602132
587;19635724
588;19669315
589;19702907
590;19736498
591;19770090
592;19803681
593;19837273
594;19870864
595;19904456
596;19938047
597;19971607
598;20005167
599;20038663
600;20072159
601;20105624
602;20139088
603;20172521
604;20205954
605;20239386
606;20272819
607;20306252
608;20339685
609;20373117
610;20406550
611;20439983
612;20473416
613;20506848
614;20540281
615;20573714
616;20607147
617;20640579
618;20674012
619;20707445
620;20740878
621;20774310
622;20807743
623;20841176
624;20874609
625;20908041
626;20941474
627;20974907
628;21008340
629;21041772
630;21075205
631;21108670
632;21142134
633;21175662
634;21209190
635;21242750
636;21276310
637;21309901
638;21343493
639;21377084
640;21410676
641;21444267
642;21477859
643;21511450
644;21545042
645;21578633
646;21612225
647;21645816
648;21679408
649;21712999
650;21746591
651;21780182
652;21813774
653;21847365
654;21880957
655;21914548
656;21948140
657;21981731
658;22015323
659;22048914
660;22082506
661;22116097
662;22149689
663;22183280
664;22216872
665;22250463
666;22284055
667;22317646
668;22351238
669;22384797
670;22418357
671;22451853
672;22485350
673;22518814
674;22552279
675;22585743
676;22619208
677;22652672
678;22686137
679;22719601
680;22753066
681;22786530
682;22819995
683;22853459
684;22886924
685;22920388
686;22953853
687;22987317
688;23020782
689;23054246
690;23087711
691;23121175
692;23154640
693;23188104
694;23221569
695;23255033
696;23288498
697;23321962
698;23355427
699;23388891
700;23422356
701;23455820
702;23489285
703;23522749
704;23556214
705;23589678
706;23623143
707;23656607
708;23690072
709;23723536
710;23757001
711;23790465
712;23823930
713;23857394
714;23890859
715;23924323
716;23957788
717;23991252
718;24024748
719;24058245
720;24091804
721;24125364
722;24158924
723;24192515
724;24226107
725;24259698
726;24293290
727;24326881
728;24360473
729;24394064
730;24427656
731;24461247
732;24494839
733;24528430
734;24562022
735;24595613
736;24629205
737;24662796
738;24696388
739;24729979
740;24864345
741;24897937
742;24931528
743;24965120
744;24998711
745;25032303
746;25065894
747;25099486
748;25133077
749;25166669
750;25200229
751;25233788
752;25267285
753;25300781
754;25334245
755;25367710
756;25401174
757;25434639
758;25568497
759;25601961
760;25635426
761;25668890
762;25702355
763;25735819
764;25769284
765;25802748
766;25836213
767;25869677
768;26003535
769;26037000
770;26070464
771;26103929
772;26137393
773;26170858
774;26204322
775;26338180
776;26371645
777;26405109
778;26438574
779;26472038
780;26505503
781;26538967
782;26572432
783;26605896
784;26639361
785;26672825
786;26706290
787;26739754
788;26773219
789;26806683
790;26840148
791;26873644
792;27007851
793;27041443
794;27075034
795;27108626
796;27142217
797;27175809
798;27209400
799;27242992
800;27276583
801;27310175
802;27343766
803;27377358
804;27410949
805;27444541
806;27478132
807;27511724
808;27545315
809;27578907
810;27713273
811;27746864
812;27780456
813;27814047
814;27847639
815;27881230
816;27914822
817;27948413
818;27981973
819;28015533
820;28049029
821;28082525
822;28115958
823;28149391
824;28182824
825;28216225
826;28249626
827;28283027
828;28316428
829;28349829
830;28383230
831;28416631
832;28450032
833;28483433
834;28516834
835;28550235
836;28583636
837;28617037
838;28650438
839;28683839
840;28717240
841;28750641
842;28784042
843;28817443
844;28850844
845;28884276
846;28917709
847;28951174
848;28984638
849;29018166
850;29051694
851;29085254
852;29118814
853;29152373
854;29185933
855;29219493
856;29253084
857;29286676
858;29320267
859;29353859
860;29387450
861;29421074
862;29454697
863;29488320
864;29521943
865;29555567
866;29589190
867;29622813
868;29656436
869;29690060
870;29723683
871;29757306
872;29790929
873;29824553
874;29858176
875;29891799
876;29925422
877;29959046
878;29992669
879;30026292
880;30059915
881;30093539
882;30127130
883;30160722
884;30194250
885;30227778
886;30261242
887;30294707
888;30328171
889;30361636
890;30395068
891;30428501
892;30461934
893;30495367
894;30528799
895;30562232
896;30595665
897;30629098
898;30662530
899;30695963
900;30729396
901;30762829
902;30796261
903;30829694
904;30863127
905;30896560
906;30929992
907;30963425
908;30996858
909;31030291
910;31063723
911;31097156
912;31130589
913;31164022
914;31197454
915;31230887
916;31264320
917;31297753
918;31331185
919;31364650
920;31398114
921;31431642
922;31465170
923;31498730
924;31532290
925;31565881
926;31599473
927;31633064
928;31666656
929;31700247
930;31733839
931;31767430
932;31801022
933;31834613
934;31868205
935;31901796
936;31935388
937;31968979
938;32002571
939;32036162
940;32069754
941;32103345
942;32136937
943;32170528
944;32204120
945;32237711
946;32271303
947;32304894
948;32338486
949;32372077
950;32405669
951;32439260
952;32472852
953;32506443
954;32540035
955;32573626
956;32607186
957;32640746
958;32674274
959;32707802
960;32741266
961;32774731
962;32808164
963;32841596
964;32875029
965;32908462
966;32941895
967;32975327
968;33008760
969;33042193
970;33075626
971;33109058
972;33142491
973;33175924
974;33209357
975;33242789
976;33276222
977;33309655
978;33343088
979;33376520
980;33409953
981;33443386
982;33476819
983;33510251
984;33543684
985;33577117
986;33610550
987;33643982
988;33677415
989;33710848
990;33744312
991;33777777
992;33811305
993;33844833
994;33878424
995;33912016
996;33945607
997;33979199
998;34012822
999;34046445
1000;34080069
1001;34113692
1002;34147315
1003;34180938
1004;34214562
1005;34248185
1006;34281808
1007;34315431
1008;34349055
1009;34382678
1010;34416301
1011;34449924
1012;34483548
1013;34517171
1014;34550794
1015;34584417
1016;34618041
1017;34651664
1018;34685255
1019;34718847
1020;34752375
1021;34785903
1022;34819367
1023;34852832
1024;34886265
1025;34919697
1026;34953130
1027;34986563
1028;35019996
1029;35053428
1030;35086861
1031;35120294
1032;35153727
1033;35187159
1034;35220592
1035;35254025
1036;35287458
1037;35320890
1038;35354323
1039;35387756
1040;35421189
1041;35454621
1042;35488054
1043;35521487
1044;35554920
1045;35588352
1046;35621785
1047;35655218
1048;35688651
1049;35722083
1050;35755516
1051;35788949
1052;35822382
1053;35855846
1054;35889311
1055;35922839
1056;35956367
1057;35989958
1058;36023550
1059;36057141
1060;36090733
1061;36124356
1062;36157979
1063;36191602
1064;36225226
1065;36258849
1066;36292472
1067;36326095
1068;36359719
1069;36393342
1070;36426965
1071;36460588
1072;36494212
1073;36527835
1074;36561458
1075;36595081
1076;36628705
1077;36662328
1078;36695951
1079;36729574
1080;36763198
1081;36796789
1082;36830381
1083;36863909
1084;36897437
1085;36930933
1086;36964429
1087;36997894
1088;37031358
1089;37064791
1090;37098224
1091;37131625
1092;37165026
1093;37198427
1094;37231828
1095;37265229
1096;37298630
1097;37332031
1098;37365432
1099;37398833
1100;37432234
1101;37465635
1102;37499036
1103;37532437
1104;37565838
1105;37599239
1106;37632640
1107;37666041
1108;37699442
1109;37732843
1110;37766244
1111;37799645
1112;37833077
1113;37866510
1114;37900006
1115;37933503
1116;37967062
1117;38000622
1118;38034214
1119;38067805
1120;38101397
1121;38134988
1122;38168580
1123;38202171
1124;38235763
1125;38269354
1126;38302977
1127;38336601
1128;38370224
1129;38403847
1130;38437470
1131;38471094
1132;38504717
1133;38538340
1134;38571963
1135;38605587
1136;38639210
1137;38672833
1138;38706456
1139;38740080
1140;38773703
1141;38807326
1142;38840949
1143;38874573
1144;38908196
1145;38941787
1146;38975379
1147;39008907
1148;39042435
1149;39075931
1150;39109427
1151;39142892
1152;39176356
1153;39209789
1154;39243222
1155;39276655
1156;39310087
1157;39343520
1158;39376953
1159;39410386
1160;39443818
1161;39477251
1162;39510684
1163;39544117
1164;39577549
1165;39610982
1166;39644415
1167;39677848
1168;39711280
1169;39744713
1170;39778146
1171;39811579
1172;39845011
1173;39878444
1174;39911877
1175;39945310
1176;39978742
1177;40012175
1178;40045608
1179;40079041
1180;40112473
1181;40145906
1182;40179371
1183;40212835
1184;40246331
1185;40279828
1186;40313356
1187;40346884
1188;40380443
1189;40414003
1190;40447563
1191;40481123
1192;40514714
1193;40548306
1194;40581897
1195;40615489
1196;40649080
1197;40682672
1198;40716263
1199;40749855
1200;40783446
1201;40817038
1202;40850629
1203;40884221
1204;40917812
1205;40951404
1206;40984995
1207;41018587
1208;41052178
1209;41085770
1210;41119361
1211;41152953
1212;41186544
1213;41220136
1214;41253727
1215;41287319
1216;41320910
1217;41354502
1218;41388093
1219;41421685
1220;41455276
1221;41488868
1222;41522459
1223;41556019
1224;41589579
1225;41623075
1226;41656571
1227;41690036
1228;41723500
1229;41756933
1230;41790366
1231;41823798
1232;41857231
1233;41890664
1234;41924097
1235;41957529
1236;41990962
1237;42024395
1238;42057828
1239;42091260
1240;42124693
1241;42158126
1242;42191559
1243;42224991
1244;42258424
1245;42291857
1246;42325290
1247;42358722
1248;42392155
1249;42425588
1250;42459021
1251;42492453
1252;42525886
1253;42559319
1254;42592752
1255;42626184
1256;42659617
1257;42693082
1258;42726546
1259;42760042
1260;42793539
1261;42827067
1262;42860595
1263;42894186
1264;42927778
1265;42961401
1266;42995024
1267;43028647
1268;43062271
1269;43095894
1270;43129517
1271;43163140
1272;43196764
1273;43230387
1274;43264010
1275;43297633
1276;43331257
1277;43364880
1278;43398503
1279;43432126
1280;43465750
1281;43499373
1282;43532996
1283;43566619
1284;43600243
1285;43633866
1286;43667489
1287;43701081
1288;43734672
1289;43768200
1290;43801728
1291;43835224
1292;43868721
1293;43902217
1294;43935713
1295;43969209
1296;44002674
1297;44036138
1298;44069571
1299;44103004
1300;44136437
1301;44169869
1302;44203302
1303;44236735
1304;44270168
1305;44303600
1306;44337033
1307;44370466
1308;44403899
1309;44437331
1310;44470764
1311;44504197
1312;44537630
1313;44571062
1314;44604495
1315;44637928
1316;44671361
1317;44704793
1318;44738226
1319;44771659
1320;44805092
1321;44838524
1322;44871957
1323;44905390
1324;44938823
1325;44972255
1326;45005688
1327;45039153
1328;45072617
1329;45106113
1330;45139610
1331;45173169
1332;45206729
1333;45240321
1334;45273912
1335;45307535
1336;45341159
1337;45374782
1338;45408405
1339;45442028
1340;45475652
1341;45509275
1342;45542898
1343;45576521
1344;45610145
1345;45643768
1346;45677391
1347;45711014
1348;45744638
1349;45778261
1350;45811884
1351;45845507
1352;45879131
1353;45912754
1354;45946377
1355;45980000
1356;46013624
1357;46047215
1358;46080807
1359;46114335
1360;46147863
1361;46181327
1362;46214792
1363;46248256
1364;46281721
1365;46315185
1366;46348650
1367;46382082
1368;46415515
1369;46448948
1370;46482381
1371;46515813
1372;46549246
1373;46582679
1374;46616112
1375;46649544
1376;46682977
1377;46716410
1378;46749843
1379;46783275
1380;46816708
1381;46850141
1382;46883574
1383;46917006
1384;46950439
1385;46983872
1386;47017305
1387;47050737
1388;47084170
1389;47117603
1390;47151036
1391;47184468
1392;47217901
1393;47251334
1394;47284767
1395;47318231
1396;47351696
1397;47385192
1398;47418688
1399;47452216
1400;47485744
1401;47519304
1402;47552864
1403;47586455
1404;47620047
1405;47653670
1406;47687293
1407;47720916
1408;47754540
1409;47788163
1410;47821786
1411;47855409
1412;47889033
1413;47922656
1414;47956279
1415;47989902
1416;48023526
1417;48057149
1418;48090772
1419;48124395
1420;48158019
1421;48191642
1422;48225265
1423;48258888
1424;48292512
1425;48326135
1426;48359758
1427;48393350
1428;48426941
1429;48460469
1430;48493997
1431;48527493
1432;48560990
1433;48594454
1434;48627919
1435;48661383
1436;48694848
1437;48728312
1438;48761745
1439;48795178
1440;48828579
1441;48861980
1442;48895381
1443;48928782
1444;48962183
1445;48995584
1446;49028985
1447;49062386
1448;49095787
1449;49129188
1450;49162589
1451;49195990
1452;49229391
1453;49262792
1454;49296193
1455;49329594
1456;49362995
1457;49396396
1458;49429797
1459;49463229
1460;49496662
1461;49530127
1462;49563591
1463;49597087
1464;49630584
1465;49664143
1466;49697703
1467;49731295
1468;49764886
1469;49798478
1470;49832069
1471;49865661
1472;49899252
1473;49932844
1474;49966435
1475;50000027
1476;50033618
1477;50067210
1478;50100801
1479;50134393
1480;50167984
1481;50201576
1482;50235167
1483;50268759
1484;50302350
1485;50335942
1486;50369533
1487;50403125
1488;50436716
1489;50470308
1490;50503899
1491;50537491
1492;50571082
1493;50604674
1494;50638265
1495;50671857
1496;50705448
1497;50739040
1498;50772631
1499;50806223
1500;50839814
1501;50873406
1502;50906965
1503;50940525
1504;50974021
1505;51007518
1506;51040982
1507;51074447
1508;51107911
1509;51141376
1510;51174840
1511;51208273
1512;51241706
1513;51275138
1514;51308571
1515;51342004
1516;51375437
1517;51408869
1518;51442302
1519;51475735
1520;51509168
1521;51542600
1522;51576033
1523;51609466
1524;51642899
1525;51676331
1526;51709764
1527;51743197
1528;51776630
1529;51810062
1530;51843495
1531;51876928
1532;51910361
1533;51943793
1534;51977226
1535;52010659
1536;52044092
1537;52077556
1538;52111021
1539;52144517
1540;52178013
1541;52211541
1542;52245069
1543;52278629
1544;52312189
1545;52345748
1546;52379308
1547;52412900
1548;52446491
1549;52480114
1550;52513738
1551;52547361
1552;52580984
1553;52614607
1554;52648231
1555;52681854
1556;52715477
1557;52749100
1558;52782724
1559;52816347
1560;52849970
1561;52883593
1562;52917217
1563;52950840
1564;52984463
1565;53018086
1566;53051710
1567;53085333
1568;53118956
1569;53152548
1570;53186139
1571;53219667
1572;53253195
