1;0
2;33369
3;66738
4;100107
5;133477
6;166846
7;200215
8;233584
9;266954
10;300323
11;333692
12;367061
13;400431
14;433800
15;467169
16;500538
17;533908
18;567277
19;600646
20;634015
21;667385
22;700754
23;734123
24;767492
25;800862
26;834231
27;867600
28;900969
29;934339
30;967708
31;1001077
32;1034446
33;1067816
34;1101185
35;1134554
36;1167923
37;1201293
38;1234662
39;1268031
40;1301432
41;1334833
42;1368298
43;1401762
44;1435290
45;1468818
46;1503013
47;1537208
48;1570736
49;1604264
50;1637728
51;1671193
52;1704657
53;1738122
54;1771586
55;1805051
56;1838483
57;1871916
58;1905349
59;1938782
60;1972214
61;2005647
62;2039080
63;2072513
64;2105914
65;2139315
66;2172716
67;2206117
68;2239518
69;2272919
70;2306320
71;2339721
72;2373122
73;2406523
74;2439924
75;2473325
76;2506726
77;2540127
78;2573528
79;2606929
80;2640330
81;2673731
82;2707132
83;2740533
84;2773934
85;2807335
86;2840736
87;2874137
88;2907538
89;2940970
90;2974403
91;3007899
92;3041396
93;3074955
94;3108515
95;3142075
96;3175635
97;3209194
98;3242786
99;3276377
100;3309969
101;3343560
102;3377152
103;3410743
104;3444335
105;3477926
106;3511518
107;3545109
108;3578701
109;3612292
110;3645884
111;3679475
112;3713067
113;3746658
114;3780250
115;3813841
116;3847433
117;3881024
118;3914616
119;3948207
120;3981799
121;4015390
122;4048982
123;4082573
124;4116165
125;4149756
126;4183348
127;4216939
128;4250531
129;4284122
130;4317714
131;4351305
132;4384865
133;4418425
134;4451921
135;4485417
136;4518850
137;4552283
138;4585716
139;4619148
140;4652581
141;4686014
142;4719447
143;4752879
144;4786312
145;4819745
146;4853178
147;4886610
148;4920043
149;4953476
150;4986909
151;5020341
152;5053774
153;5087207
154;5120640
155;5154072
156;5187505
157;5220938
158;5254371
159;5287803
160;5321236
161;5354669
162;5388102
163;5421534
164;5454967
165;5488400
166;5521864
167;5555329
168;5588857
169;5622385
170;5655945
171;5689504
172;5723096
173;5756687
174;5790279
175;5823870
176;5857462
177;5891053
178;5924645
179;5958236
180;5991828
181;6025419
182;6059011
183;6092602
184;6126194
185;6159785
186;6193377
187;6226968
188;6260560
189;6294151
190;6327743
191;6361334
192;6394926
193;6428517
194;6462109
195;6495700
196;6529292
197;6562883
198;6596475
199;6630066
200;6663658
201;6697249
202;6730841
203;6764401
204;6797960
205;6831457
206;6864953
207;6898417
208;6931882
209;6965315
210;6998747
211;7032180
212;7065613
213;7099046
214;7132478
215;7165911
216;7199344
217;7232777
218;7266209
219;7299642
220;7333075
221;7366508
222;7399940
223;7433373
224;7466806
225;7500239
226;7533671
227;7567104
228;7600537
229;7633970
230;7667402
231;7700835
232;7734268
233;7767701
234;7801133
235;7834566
236;7868031
237;7901495
238;7935023
239;7968551
240;8002111
241;8035671
242;8069262
243;8102854
244;8136477
245;8170100
246;8203755
247;8237410
248;8271065
249;8304720
250;8338375
251;8372030
252;8405685
253;8439340
254;8472995
255;8506650
256;8540305
257;8573960
258;8607615
259;8641270
260;8674925
261;8708548
262;8742172
263;8775731
264;8809291
265;8842787
266;8876284
267;8909748
268;8943213
269;8976677
270;9010110
271;9043543
272;9076975
273;9110408
274;9143841
275;9177274
276;9210706
277;9244139
278;9277572
279;9311005
280;9344437
281;9377870
282;9411303
283;9444736
284;9478168
285;9511601
286;9545034
287;9578467
288;9611899
289;9645332
290;9678765
291;9712198
292;9745630
293;9779063
294;9812496
295;9845929
296;9879361
297;9912794
298;9946227
299;9979660
300;10013092
301;10046557
302;10080021
303;10113549
304;10147077
305;10180637
306;10214197
307;10247788
308;10281380
309;10314971
310;10348563
311;10382154
312;10415746
313;10449337
314;10482929
315;10516520
316;10550112
317;10583703
318;10617295
319;10650886
320;10684478
321;10718069
322;10751661
323;10785252
324;10818844
325;10852435
326;10886027
327;10919618
328;10953210
329;10986801
330;11020393
331;11053984
332;11087576
333;11121167
334;11154759
335;11188350
336;11221942
337;11255533
338;11289093
339;11322653
340;11356181
341;11389709
342;11423205
343;11456701
344;11490166
345;11523630
346;11557063
347;11590496
348;11623929
349;11657361
350;11690794
351;11724227
352;11757660
353;11791092
354;11824525
355;11857958
356;11891391
357;11924823
358;11958256
359;11991689
360;12025122
361;12058554
362;12091987
363;12125420
364;12158853
365;12192285
366;12225718
367;12259151
368;12292584
369;12326016
370;12359449
371;12392882
372;12426315
373;12459747
374;12493212
375;12526676
376;12560204
377;12593732
378;12627292
379;12660852
380;12694475
381;12728098
382;12761722
383;12795345
384;12828968
385;12862591
386;12896215
387;12929838
388;12963461
389;12997084
390;13030708
391;13064331
392;13097954
393;13131577
394;13165201
395;13198824
396;13232447
397;13266070
398;13299694
399;13333317
400;13366940
401;13400563
402;13434187
403;13467778
404;13501370
405;13534929
406;13568489
407;13601985
408;13635482
409;13668914
410;13702347
411;13735780
412;13769213
413;13802645
414;13836078
415;13869511
416;13902944
417;13936376
418;13969809
419;14003242
420;14036675
421;14070107
422;14103540
423;14136973
424;14170406
425;14203838
426;14237271
427;14270704
428;14304137
429;14337569
430;14371002
431;14404435
432;14437868
433;14471300
434;14504733
435;14538166
436;14571599
437;14605031
438;14638464
439;14671897
440;14705330
441;14738794
442;14772259
443;14805787
444;14839315
445;14872906
446;14906498
447;14940121
448;14973744
449;15007367
450;15040991
451;15074614
452;15108237
453;15141860
454;15175484
455;15209107
456;15242730
457;15276353
458;15309977
459;15343600
460;15377223
461;15410846
462;15444470
463;15478093
464;15511716
465;15545339
466;15578963
467;15612586
468;15646209
469;15679801
470;15713392
471;15746920
472;15780448
473;15813913
474;15847377
475;15880810
476;15914243
477;15947675
478;15981076
479;16014477
480;16047878
481;16081279
482;16114680
483;16148081
484;16181482
485;16214883
486;16248284
487;16281685
488;16315086
489;16348487
490;16381888
491;16415289
492;16448690
493;16482091
494;16515492
495;16548893
496;16582294
497;16615695
498;16649128
499;16682561
500;16716025
501;16749490
502;16783018
503;16816546
504;16850106
505;16883665
506;16917257
507;16950848
508;16984472
509;17018095
510;17051718
511;17085341
512;17118965
513;17152588
514;17186211
515;17219834
516;17253458
517;17287081
518;17320704
519;17354327
520;17387951
521;17421574
522;17455197
523;17488820
524;17522444
525;17556067
526;17589690
527;17623313
528;17656937
529;17690560
530;17724183
531;17757775
532;17791366
533;17824894
534;17858422
535;17891887
536;17925351
537;17958784
538;17992217
539;18025649
540;18059082
541;18092515
542;18125948
543;18159380
544;18192813
545;18226246
546;18259679
547;18293111
548;18326544
549;18359977
550;18393410
551;18426842
552;18460275
553;18493708
554;18527141
555;18560573
556;18594006
557;18627439
558;18660872
559;18694304
560;18727737
561;18761170
562;18794603
563;18828035
564;18861468
565;18894901
566;18928334
567;18961798
568;18995263
569;19028791
570;19062319
571;19095910
572;19129502
573;19163125
574;19196748
575;19230371
576;19263995
577;19297618
578;19331241
579;19364864
580;19398488
581;19432111
582;19465734
583;19499357
584;19532981
585;19566604
586;19600227
587;19633850
588;19667474
589;19701097
590;19734720
591;19768343
592;19801967
593;19835590
594;19869213
595;19902805
596;19936396
597;19969924
598;20003452
599;20036948
600;20070445
601;20103941
602;20137437
603;20170933
604;20204398
605;20237862
606;20271327
607;20304791
608;20338256
609;20371720
610;20405185
611;20438649
612;20472114
613;20505578
614;20539043
615;20572507
616;20605972
617;20639436
618;20672901
619;20706365
620;20739830
621;20773294
622;20806759
623;20840223
624;20873688
625;20907152
626;20940617
627;20974081
628;21007546
629;21041010
630;21074475
631;21107939
632;21141404
633;21174868
634;21208333
635;21241797
636;21275262
637;21308726
638;21342191
639;21375655
640;21409120
641;21442584
642;21476049
643;21509513
644;21542978
645;21576442
646;21609907
647;21643371
648;21676836
649;21710300
650;21743765
651;21777261
652;21810757
653;21844285
654;21877813
655;21911373
656;21944933
657;21978493
658;22012052
659;22045644
660;22079235
661;22112827
662;22146418
663;22180010
664;22213601
665;22247193
666;22280784
667;22314376
668;22347967
669;22381559
670;22415150
671;22448742
672;22482333
673;22515925
674;22549516
675;22583108
676;22616699
677;22650291
678;22683882
679;22717474
680;22751065
681;22784657
682;22818248
683;22851840
684;22885431
685;22919023
686;22952614
687;22986174
688;23019734
689;23053230
690;23086726
691;23120223
692;23153719
693;23187215
694;23220711
695;23254208
696;23287672
697;23321137
698;23354601
699;23388066
700;23421530
701;23454995
702;23488459
703;23521924
704;23555388
705;23588853
706;23622317
707;23655782
708;23689246
709;23722711
710;23756175
711;23789640
712;23823104
713;23856569
714;23890033
715;23923498
716;23956962
717;23990427
718;24023891
719;24057356
720;24090820
721;24124285
722;24157749
723;24191214
724;24224678
725;24258143
726;24291607
727;24325072
728;24358536
729;24392001
730;24425465
731;24458930
732;24492394
733;24525859
734;24559323
735;24592788
736;24626252
737;24659717
738;24693181
739;24726646
740;24760142
741;24793638
742;24827198
743;24860758
744;24894317
745;24927877
746;24961437
747;24994997
748;25028556
749;25062148
750;25095739
751;25129331
752;25162922
753;25196514
754;25230105
755;25263697
756;25297288
757;25330880
758;25364471
759;25398063
760;25431654
761;25465246
762;25498837
763;25532429
764;25566020
765;25599612
766;25633203
767;25666795
768;25700386
769;25733978
770;25767569
771;25801161
772;25834752
773;25868344
774;25901935
775;25935527
776;25969087
777;26002646
778;26036206
779;26069734
780;26103262
781;26136727
782;26170191
783;26203656
784;26237120
785;26270585
786;26304049
787;26337514
788;26370978
789;26404443
790;26437907
791;26471372
792;26504836
793;26538301
794;26571765
795;26605230
796;26638694
797;26672159
798;26705623
799;26739088
800;26772552
801;26806017
802;26839481
803;26872946
804;26906410
805;26939875
806;26973339
807;27006804
808;27040268
809;27073733
810;27107197
811;27140662
812;27174126
813;27207591
814;27241055
815;27274520
816;27307984
817;27341449
818;27374913
819;27408378
820;27441842
821;27475307
822;27508771
823;27542236
824;27575700
825;27609165
826;27642629
827;27676094
828;27709590
829;27743086
830;27776646
831;27810206
832;27843797
833;27877389
834;27910980
835;27944603
836;27978227
837;28011850
838;28045473
839;28079096
840;28112720
841;28146343
842;28179966
843;28213589
844;28247213
845;28280836
846;28314459
847;28348082
848;28381706
849;28415329
850;28448952
851;28482575
852;28516199
853;28549822
854;28583413
855;28617005
856;28650533
857;28684061
858;28717557
859;28751053
860;28784518
861;28817982
862;28851415
863;28884848
864;28918281
865;28951713
866;28985146
867;29018579
868;29052012
869;29085444
870;29118877
871;29152310
872;29185743
873;29219175
874;29252608
875;29286041
876;29319474
877;29352906
878;29386339
879;29419772
880;29453205
881;29486637
882;29520070
883;29553503
884;29586936
885;29620368
886;29653801
887;29687234
888;29720667
889;29754099
890;29787532
891;29820997
892;29854461
893;29887989
894;29921517
895;29955077
896;29988637
897;30022228
898;30055820
899;30089411
900;30123034
901;30156658
902;30190281
903;30223904
904;30257527
905;30291151
906;30324774
907;30358397
908;30392020
909;30425644
910;30459267
911;30492890
912;30526513
913;30560137
914;30593760
915;30627383
916;30661006
917;30694630
918;30728253
919;30761876
920;30795468
921;30829059
922;30862619
923;30896179
924;30929675
925;30963171
926;30996667
927;31030164
928;31063660
929;31097124
930;31130589
931;31164053
932;31197518
933;31230982
934;31264447
935;31297911
936;31331376
937;31364840
938;31398305
939;31431769
940;31465234
941;31498698
942;31532163
943;31565627
944;31599092
945;31632556
946;31666021
947;31699485
948;31732950
949;31766414
950;31799879
951;31833343
952;31866808
953;31900272
954;31933737
955;31967201
956;32000666
957;32034130
958;32067595
959;32101059
960;32134524
961;32167988
962;32201453
963;32234917
964;32268382
965;32301846
966;32335311
967;32368775
968;32402240
969;32435704
970;32469169
971;32502633
972;32536098
973;32569562
974;32603027
975;32636491
976;32669956
977;32703452
978;32736948
979;32770508
980;32804068
981;32837628
982;32871187
983;32904747
984;32938307
985;32971867
986;33005458
987;33039050
988;33072641
989;33106233
990;33139824
991;33173416
992;33207007
993;33240599
994;33274190
995;33307782
996;33341373
997;33374965
998;33408556
999;33442148
1000;33475739
1001;33509331
1002;33542922
1003;33576514
1004;33610105
1005;33643697
1006;33677288
1007;33710880
1008;33744471
1009;33778063
1010;33811654
1011;33845246
1012;33878837
1013;33912397
1014;33945957
1015;33979453
1016;34012949
1017;34046445
1018;34079942
1019;34113438
1020;34146902
1021;34180367
1022;34213831
1023;34247296
1024;34280760
1025;34314225
1026;34347689
1027;34381154
1028;34414618
1029;34448083
1030;34481547
1031;34515012
1032;34548476
1033;34581941
1034;34615405
1035;34648870
1036;34682334
1037;34715799
1038;34749263
1039;34782728
1040;34816192
1041;34849657
1042;34883121
1043;34916586
1044;34950050
1045;34983515
1046;35016979
1047;35050444
1048;35083908
1049;35117373
1050;35150837
1051;35184302
1052;35217766
1053;35251231
1054;35284695
1055;35318160
1056;35351624
1057;35385089
1058;35418553
1059;35452018
1060;35485482
1061;35518947
1062;35552411
1063;35585876
1064;35619340
1065;35652837
1066;35686333
1067;35719861
1068;35753389
1069;35786980
1070;35820572
1071;35854163
1072;35887755
1073;35921346
1074;35954938
1075;35988529
1076;36022121
1077;36055712
1078;36089304
1079;36122895
1080;36156487
1081;36190078
1082;36223670
1083;36257261
1084;36290853
1085;36324444
1086;36358036
1087;36391627
1088;36425219
1089;36458810
1090;36492402
1091;36525993
1092;36559585
1093;36593176
1094;36626768
1095;36660359
1096;36693951
1097;36727542
1098;36761134
1099;36794725
1100;36828285
1101;36861845
1102;36895341
1103;36928837
1104;36962270
1105;36995703
1106;37029136
1107;37062568
1108;37096001
1109;37129434
1110;37162867
1111;37196299
1112;37229732
1113;37263165
1114;37296598
1115;37330030
1116;37363463
1117;37396896
1118;37430329
1119;37463761
1120;37497194
1121;37530627
1122;37564060
1123;37597492
1124;37630925
1125;37664358
1126;37697791
1127;37731223
1128;37764656
1129;37798089
1130;37831522
1131;37864954
1132;37898387
1133;37931852
1134;37965316
1135;37998812
1136;38032309
1137;38065868
1138;38099428
1139;38133020
1140;38166611
1141;38200203
1142;38233794
1143;38267386
1144;38300977
1145;38334569
1146;38368160
1147;38401752
1148;38435343
1149;38468935
1150;38502526
1151;38536118
1152;38569709
1153;38603301
1154;38636892
1155;38670484
1156;38704075
1157;38737667
1158;38771258
1159;38804850
1160;38838441
1161;38872033
1162;38905624
1163;38939216
1164;38972807
1165;39006399
1166;39039990
1167;39073582
1168;39107173
1169;39140765
1170;39174356
1171;39207948
1172;39241507
1173;39275067
1174;39308595
1175;39342123
1176;39375619
1177;39409116
1178;39442580
1179;39476045
1180;39509509
1181;39542942
1182;39576375
1183;39609807
1184;39643240
1185;39676673
1186;39710106
1187;39743538
1188;39776971
1189;39810404
1190;39843837
1191;39877269
1192;39910702
1193;39944135
1194;39977568
1195;40011000
1196;40044433
1197;40077866
1198;40111299
1199;40144731
1200;40178164
1201;40211597
1202;40245030
1203;40278462
1204;40311895
1205;40345328
1206;40378761
1207;40412193
1208;40445626
1209;40479091
1210;40512555
1211;40546083
1212;40579611
1213;40613139
1214;40646667
1215;40680195
1216;40713723
1217;40747283
1218;40780843
1219;40814434
1220;40848026
1221;40881617
1222;40915209
1223;40948800
1224;40982392
1225;41015983
1226;41049575
1227;41083166
1228;41116758
1229;41150349
1230;41183941
1231;41217532
1232;41251124
1233;41284715
1234;41318307
1235;41351898
1236;41385490
1237;41419081
1238;41452673
1239;41486264
1240;41519856
1241;41553447
1242;41587039
1243;41620630
1244;41654222
1245;41687813
1246;41721405
1247;41754996
1248;41788588
1249;41822179
1250;41855739
1251;41889299
1252;41922827
1253;41956355
1254;41989819
1255;42023284
1256;42056716
1257;42090149
1258;42123582
1259;42157015
1260;42190447
1261;42223880
1262;42257313
1263;42290746
1264;42324178
1265;42357611
1266;42391044
1267;42424477
1268;42457909
1269;42491342
1270;42524775
1271;42558208
1272;42591640
1273;42625073
1274;42658506
1275;42691939
1276;42725371
1277;42758804
1278;42792237
1279;42825670
1280;42859102
1281;42892535
1282;42925968
1283;42959401
1284;42992833
1285;43026298
1286;43059762
1287;43093259
1288;43126755
1289;43160283
1290;43193811
1291;43227402
1292;43260994
1293;43294585
1294;43328177
1295;43361768
1296;43395360
1297;43428951
1298;43462543
1299;43496134
1300;43529726
1301;43563317
1302;43596909
1303;43630500
1304;43664092
1305;43697683
1306;43731275
1307;43764866
1308;43798458
1309;43832049
1310;43865641
1311;43899232
1312;43932824
1313;43966415
1314;44000007
1315;44033598
1316;44067190
1317;44100781
1318;44134373
1319;44167964
1320;44201556
1321;44235147
1322;44268739
1323;44302330
1324;44335890
1325;44369450
1326;44402946
1327;44436442
1328;44469907
1329;44503371
1330;44536804
1331;44570237
1332;44603670
1333;44637102
1334;44670535
1335;44703968
1336;44737401
1337;44770833
1338;44804266
1339;44837699
1340;44871132
1341;44904564
1342;44937997
1343;44971430
1344;45004863
1345;45038295
1346;45071728
1347;45105161
1348;45138594
1349;45172026
1350;45205459
1351;45238892
1352;45272325
1353;45305757
1354;45339190
1355;45372623
1356;45406056
1357;45439488
1358;45472953
1359;45506417
1360;45539945
1361;45573473
1362;45607033
1363;45640593
1364;45674153
1365;45707744
1366;45741336
1367;45774927
1368;45808519
1369;45842142
1370;45875765
1371;45909388
1372;45943012
1373;45976635
1374;46010258
1375;46043881
1376;46077505
1377;46111128
1378;46144751
1379;46178374
1380;46211998
1381;46245621
1382;46279244
1383;46312867
1384;46346491
1385;46380114
1386;46413737
1387;46447360
1388;46480952
1389;46514543
1390;46548071
1391;46581599
1392;46615096
1393;46648592
1394;46682088
1395;46715584
1396;46749049
1397;46782513
1398;46815946
1399;46849379
1400;46882812
1401;46916244
1402;46949677
1403;46983110
1404;47016543
1405;47049975
1406;47083408
1407;47116841
1408;47150274
1409;47183706
1410;47217139
1411;47250572
1412;47284005
1413;47317437
1414;47350870
1415;47384303
1416;47417736
1417;47451168
1418;47484601
1419;47518034
1420;47551467
1421;47584899
1422;47618332
1423;47651765
1424;47685198
1425;47718630
1426;47752095
1427;47785559
1428;47819087
1429;47852615
1430;47886175
1431;47919735
1432;47953295
1433;47986886
1434;48020478
1435;48054069
1436;48087661
1437;48121252
1438;48154844
1439;48188435
1440;48222027
1441;48255618
1442;48289210
1443;48322801
1444;48356393
1445;48389984
1446;48423576
1447;48457167
1448;48490759
1449;48524350
1450;48557942
1451;48591533
1452;48625125
1453;48658716
1454;48692308
1455;48725899
1456;48759491
1457;48793082
1458;48826674
1459;48860265
1460;48893857
1461;48927448
1462;48961040
1463;48994599
1464;49028159
1465;49061687
1466;49095215
1467;49128680
1468;49162144
1469;49195577
1470;49229010
1471;49262442
1472;49295875
1473;49329308
1474;49362741
1475;49396173
1476;49429606
1477;49463039
1478;49496472
1479;49529904
1480;49563337
1481;49596770
1482;49630203
1483;49663635
1484;49697068
1485;49730501
1486;49763934
1487;49797366
1488;49830799
1489;49864232
1490;49897665
1491;49931097
1492;49964530
1493;49997963
1494;50031396
1495;50064828
1496;50098261
1497;50131726
1498;50165190
1499;50198718
1500;50232246
1501;50265806
1502;50299366
1503;50332925
1504;50366485
1505;50400077
1506;50433668
1507;50467260
1508;50500851
1509;50534443
1510;50568034
1511;50601626
1512;50635217
1513;50668809
1514;50702400
1515;50735992
1516;50769583
1517;50803175
1518;50836766
1519;50870358
1520;50903949
1521;50937541
1522;50971132
1523;51004724
1524;51038315
1525;51071907
1526;51105498
1527;51139090
1528;51172681
1529;51206273
1530;51239864
1531;51273456
1532;51307047
1533;51340639
1534;51374198
1535;51407758
1536;51441254
1537;51474751
1538;51508215
1539;51541680
1540;51575144
1541;51608577
1542;51642010
1543;51675442
1544;51708875
1545;51742308
1546;51775741
1547;51809173
1548;51842606
1549;51876039
1550;51909472
1551;51942904
1552;51976337
1553;52009770
1554;52043203
1555;52076635
1556;52110068
1557;52143501
1558;52176934
1559;52210366
1560;52243799
1561;52277232
1562;52310665
1563;52344097
1564;52377530
1565;52410963
1566;52444396
1567;52477860
1568;52511325
1569;52544853
1570;52578381
1571;52611940
1572;52645500
1573;52679092
1574;52712683
1575;52746275
1576;52779866
1577;52813458
1578;52847049
1579;52880641
1580;52914232
1581;52947824
1582;52981415
1583;53015007
1584;53048598
1585;53082190
1586;53115781
1587;53149373
1588;53182964
1589;53216556
1590;53250147
1591;53283739
1592;53317330
1593;53350922
1594;53384513
1595;53418105
1596;53451696
1597;53485288
1598;53518879
1599;53552471
1600;53586062
1601;53619654
1602;53653245
1603;53686837
1604;53720396
1605;53753956
1606;53787452
1607;53820949
1608;53854413
1609;53887878
1610;53921342
1611;53954807
1612;53988271
1613;54021736
1614;54055200
1615;54088665
1616;54122129
1617;54155594
1618;54189058
1619;54222523
1620;54255987
1621;54289452
1622;54322916
1623;54356381
1624;54389845
1625;54423310
1626;54456774
1627;54490239
1628;54523703
1629;54557168
1630;54590632
1631;54624097
1632;54657561
1633;54691026
1634;54724490
1635;54757955
1636;54791419
1637;54824884
1638;54858348
1639;54891813
1640;54925277
1641;54958742
1642;54992206
1643;55025671
1644;55059135
1645;55092600
1646;55126064
1647;55159529
1648;55192993
1649;55226458
1650;55259922
1651;55293387
1652;55326851
1653;55360316
1654;55393780
1655;55427276
1656;55460773
1657;55494301
1658;55527829
1659;55561357
1660;55594885
1661;55628413
1662;55661941
1663;55695500
1664;55729060
1665;55762652
1666;55796243
1667;55829866
1668;55863490
1669;55897113
1670;55930736
1671;55964359
1672;55997983
1673;56031606
1674;56065229
1675;56098852
1676;56132476
1677;56166099
1678;56199722
1679;56233345
1680;56266969
1681;56300592
1682;56334215
1683;56367838
1684;56401462
1685;56435085
1686;56468676
1687;56502268
1688;56535796
1689;56569324
1690;56602820
1691;56636316
1692;56669813
1693;56703277
1694;56736742
1695;56770174
1696;56803607
1697;56837040
1698;56870473
1699;56903905
1700;56937338
1701;56970771
1702;57004204
1703;57037636
1704;57071069
1705;57104502
1706;57137935
1707;57171367
1708;57204800
1709;57238233
1710;57271666
1711;57305098
1712;57338531
1713;57371964
1714;57405397
1715;57438829
1716;57472262
1717;57505695
1718;57539128
1719;57572560
1720;57605993
1721;57639426
1722;57672859
1723;57706323
1724;57739788
1725;57773316
1726;57806844
1727;57840403
1728;57873963
1729;57907523
1730;57941114
1731;57974706
1732;58008297
1733;58041889
1734;58075480
1735;58109072
1736;58142663
1737;58176255
1738;58209846
1739;58243438
1740;58277029
1741;58310621
1742;58344212
1743;58377804
1744;58411395
1745;58444987
1746;58478578
1747;58512170
1748;58545761
1749;58579353
1750;58612944
1751;58646536
1752;58680127
1753;58713719
1754;58747310
1755;58780902
1756;58814493
1757;58848085
1758;58881676
1759;58915268
1760;58948859
1761;58982419
1762;59015979
1763;59049475
1764;59082971
1765;59116468
1766;59149932
1767;59183397
1768;59216829
1769;59250262
1770;59283695
1771;59317128
1772;59350560
1773;59383993
1774;59417426
1775;59450859
1776;59484291
1777;59517724
1778;59551157
1779;59584590
1780;59618022
1781;59651455
1782;59684888
1783;59718321
1784;59751753
1785;59785186
1786;59818619
1787;59852052
1788;59885484
1789;59918917
1790;59952350
1791;59985783
1792;60019215
1793;60052648
1794;60086081
1795;60119514
1796;60152978
1797;60186443
1798;60219971
1799;60253499
1800;60287027
1801;60320586
1802;60354146
1803;60387738
1804;60421329
1805;60454921
1806;60488512
1807;60522104
1808;60555695
1809;60589287
1810;60622878
1811;60656470
1812;60690061
1813;60723653
1814;60757244
1815;60790836
1816;60824427
1817;60858019
1818;60891610
1819;60925202
1820;60958793
1821;60992385
1822;61025976
1823;61059568
1824;61093159
1825;61126751
1826;61160342
1827;61193934
1828;61227525
1829;61261117
1830;61294708
1831;61328300
1832;61361891
1833;61395483
1834;61429042
1835;61462602
1836;61496098
1837;61529595
1838;61563059
1839;61596524
1840;61629956
1841;61663389
1842;61696822
1843;61730255
1844;61763687
1845;61797120
1846;61830553
1847;61863986
1848;61897418
1849;61930851
1850;61964284
1851;61997717
1852;62031149
1853;62064582
1854;62098015
1855;62131448
1856;62164880
1857;62198313
1858;62231746
1859;62265179
1860;62298611
1861;62332044
1862;62365477
1863;62398910
1864;62432342
1865;62465775
1866;62499208
1867;62532641
1868;62566105
1869;62599570
1870;62633098
1871;62666626
1872;62700185
1873;62733745
1874;62767337
1875;62800928
1876;62834551
1877;62868175
1878;62901798
1879;62935421
1880;62969044
1881;63002668
1882;63036291
1883;63069914
1884;63103537
1885;63137161
1886;63170784
1887;63204407
1888;63238030
1889;63271654
1890;63305277
1891;63338900
1892;63372523
1893;63406147
1894;63439770
1895;63473393
1896;63507016
1897;63540608
1898;63574199
1899;63607727
1900;63641255
1901;63674752
1902;63708248
1903;63741712
1904;63775177
1905;63808641
1906;63842106
1907;63875570
1908;63909035
1909;63942499
1910;63975964
1911;64009428
1912;64042893
1913;64076357
1914;64109822
1915;64143286
1916;64176751
1917;64210215
1918;64243680
1919;64277144
1920;64310609
1921;64344073
1922;64377538
1923;64411002
1924;64444467
1925;64477931
1926;64511396
1927;64544860
1928;64578325
1929;64611789
1930;64645254
1931;64678718
1932;64712183
1933;64745647
1934;64779112
1935;64812576
1936;64846041
1937;64879505
1938;64912970
1939;64946434
1940;64979899
1941;65013363
1942;65046828
1943;65080292
1944;65113757
1945;65147221
1946;65180686
1947;65214150
1948;65247615
1949;65281079
1950;65314544
1951;65348008
1952;65381505
1953;65415001
1954;65448529
1955;65482057
1956;65515648
1957;65549240
1958;65582831
1959;65616455
1960;65650078
1961;65683701
1962;65717324
1963;65750948
1964;65784571
1965;65818194
1966;65851817
1967;65885441
1968;65919064
1969;65952687
1970;65986310
1971;66019934
1972;66053557
1973;66087180
1974;66120803
1975;66154427
1976;66188050
1977;66221673
1978;66255296
1979;66288888
1980;66322479
1981;66356007
1982;66389535
1983;66423032
1984;66456528
1985;66556890
1986;66590322
1987;66623755
1988;66657188
1989;66690621
1990;66724053
1991;66891217
1992;66924650
1993;66958083
1994;66991515
1995;67024948
1996;67058381
1997;67091814
1998;67125246
1999;67158679
2000;67192112
2001;67225545
2002;67258977
2003;67292410
2004;67325843
2005;67359276
2006;67392708
2007;67426141
2008;67459574
2009;67493007
2010;67526471
2011;67559936
2012;67593464
2013;67626992
2014;67660583
2015;67694175
2016;67727766
2017;67761358
2018;67794949
2019;67828541
2020;67862132
2021;67895724
2022;67929315
2023;67962907
2024;67996498
2025;68030090
2026;68063681
2027;68097273
2028;68130864
2029;68164456
2030;68198047
2031;68231639
2032;68265230
2033;68298822
2034;68332413
2035;68366005
2036;68399596
2037;68433188
2038;68466779
2039;68500371
2040;68533962
2041;68567554
2042;68601145
2043;68634737
2044;68668328
2045;68701920
2046;68735511
2047;68769071
2048;68802631
2049;68836159
2050;68869687
2051;68903183
2052;68936679
2053;68970144
2054;69003608
2055;69037041
2056;69070474
2057;69103906
2058;69137339
2059;69170772
2060;69204205
2061;69237637
2062;69271070
2063;69304503
2064;69337936
2065;69371368
2066;69404801
2067;69438234
2068;69471667
2069;69505099
2070;69538532
2071;69571965
2072;69605398
2073;69638830
2074;69672263
2075;69705696
2076;69739129
2077;69772561
2078;69805994
2079;69839427
2080;69872860
2081;69906292
2082;69939725
2083;69973190
2084;70006654
2085;70040182
2086;70073710
2087;70107270
2088;70140830
2089;70174421
2090;70208013
2091;70241636
2092;70275259
2093;70308882
2094;70342506
2095;70376129
2096;70409752
2097;70443375
2098;70476999
2099;70510622
2100;70544245
2101;70577868
2102;70611492
2103;70645115
2104;70678738
2105;70712361
2106;70745985
2107;70779608
2108;70813231
2109;70846854
2110;70880478
2111;70914101
2112;70947692
2113;70981284
2114;71014812
2115;71048340
2116;71081804
2117;71115269
2118;71148702
2119;71182134
2120;71215535
2121;71248936
2122;71282337
2123;71315738
2124;71349139
2125;71382540
2126;71415941
2127;71449342
2128;71482743
2129;71516144
2130;71549545
2131;71582946
2132;71616347
2133;71649748
2134;71683149
2135;71716550
2136;71749951
2137;71783352
2138;71816753
2139;71850154
2140;71883555
2141;71916988
2142;71950421
2143;71983917
2144;72017413
2145;72050973
2146;72084533
2147;72118124
2148;72151716
2149;72185307
2150;72218899
2151;72252490
2152;72286082
2153;72319673
2154;72353297
2155;72386920
2156;72420543
2157;72454166
2158;72487790
2159;72521413
2160;72555036
2161;72588659
2162;72622283
2163;72655906
2164;72689529
2165;72723152
2166;72756776
2167;72790399
2168;72824022
2169;72857645
2170;72891269
2171;72924892
2172;72958515
2173;72992107
2174;73025698
2175;73059226
2176;73092754
2177;73126250
2178;73159747
2179;73193243
2180;73226739
2181;73260204
2182;73293668
2183;73327101
2184;73360534
2185;73393966
2186;73427399
2187;73460832
2188;73494265
2189;73527697
2190;73561130
2191;73594563
2192;73627996
2193;73661428
2194;73694861
2195;73728294
2196;73761727
2197;73795159
2198;73828592
2199;73862025
2200;73895458
2201;73928890
2202;73962323
2203;73995756
2204;74029189
2205;74062621
2206;74096054
2207;74129487
2208;74162920
2209;74196352
2210;74229785
2211;74263218
2212;74296651
2213;74330115
2214;74363580
2215;74397108
2216;74430636
2217;74464227
2218;74497819
2219;74531410
2220;74565002
2221;74598593
2222;74632216
2223;74665840
2224;74699463
2225;74733086
2226;74766709
2227;74800333
2228;74833956
2229;74867579
2230;74901202
2231;74934826
2232;74968449
2233;75002072
2234;75035695
2235;75069319
2236;75102942
2237;75136565
2238;75170188
2239;75203812
2240;75237435
2241;75271058
2242;75304681
2243;75338273
2244;75371864
2245;75405392
2246;75438920
2247;75472417
2248;75505913
2249;75539377
2250;75572842
2251;75606306
2252;75639739
2253;75673172
2254;75706605
2255;75740037
2256;75773470
2257;75806903
2258;75840336
2259;75873768
2260;75907201
2261;75940634
2262;75974067
2263;76007499
2264;76040932
2265;76074365
2266;76107798
2267;76141230
2268;76174663
2269;76208096
2270;76241529
2271;76274961
2272;76308394
2273;76341827
2274;76375260
2275;76408692
2276;76442125
2277;76475558
2278;76508991
2279;76542423
2280;76575856
2281;76609321
2282;76642785
2283;76676313
2284;76709841
2285;76743401
2286;76776961
2287;76810520
2288;76844080
2289;76877672
2290;76911263
2291;76944855
2292;76978478
2293;77012101
2294;77045724
2295;77079348
2296;77112971
2297;77146594
2298;77180217
2299;77213841
2300;77247464
2301;77281087
2302;77314710
2303;77348334
2304;77381957
2305;77415580
2306;77449203
2307;77482827
2308;77516450
2309;77550073
2310;77583696
2311;77617288
2312;77650879
2313;77684407
2314;77717935
2315;77751400
2316;77784864
2317;77818297
2318;77851730
2319;77885163
2320;77918595
2321;77952028
2322;77985461
2323;78018894
2324;78052326
2325;78085759
2326;78119192
2327;78152625
2328;78186057
2329;78219490
2330;78252923
2331;78286356
2332;78319788
2333;78353221
2334;78386654
2335;78420087
2336;78453519
2337;78486952
2338;78520385
2339;78553818
2340;78587250
2341;78620683
2342;78654116
2343;78687549
2344;78720981
2345;78754414
2346;78787879
2347;78821343
2348;78854871
2349;78888399
2350;78921959
2351;78955519
2352;78989110
2353;79022702
2354;79056293
2355;79089885
2356;79123508
2357;79157131
2358;79190754
2359;79224378
2360;79258001
2361;79291624
2362;79325247
2363;79358871
2364;79392494
2365;79426117
2366;79459740
2367;79493364
2368;79526987
2369;79560610
2370;79594233
2371;79627857
2372;79661480
2373;79695103
2374;79728726
2375;79762318
2376;79795909
2377;79829437
2378;79862965
2379;79896430
2380;79929894
2381;79963327
2382;79996760
2383;80030161
2384;80063562
2385;80096963
2386;80130364
2387;80163765
2388;80197166
2389;80230567
2390;80263968
2391;80297369
2392;80330770
2393;80364171
2394;80397572
2395;80430973
2396;80464374
2397;80497775
2398;80531176
2399;80564577
2400;80597978
2401;80631379
2402;80664780
2403;80698181
2404;80731614
2405;80765046
2406;80798511
2407;80831975
2408;80865472
2409;80898968
2410;80932496
2411;80966024
2412;80999584
2413;81033143
2414;81066735
2415;81100326
2416;81133918
2417;81167509
2418;81201101
2419;81234692
2420;81268284
2421;81301875
2422;81335467
2423;81369058
2424;81402682
2425;81436305
2426;81469928
2427;81503551
2428;81537175
2429;81570798
2430;81604421
2431;81638044
2432;81671668
2433;81705291
2434;81738914
2435;81772537
2436;81806161
2437;81839784
2438;81873407
2439;81907030
2440;81940654
2441;81974277
2442;82007900
2443;82041492
2444;82075083
2445;82108611
2446;82142139
2447;82175635
2448;82209132
2449;82242596
2450;82276061
2451;82309493
2452;82342926
2453;82376359
2454;82409792
2455;82443224
2456;82476657
2457;82510090
2458;82543523
2459;82576955
2460;82610388
2461;82643821
2462;82677254
2463;82710686
2464;82744119
2465;82777552
2466;82810985
2467;82844417
2468;82877850
2469;82911283
2470;82944716
2471;82978148
2472;83011581
2473;83045014
2474;83078447
2475;83111879
2476;83145312
2477;83178745
2478;83212178
2479;83245610
2480;83279043
2481;83312508
2482;83345972
2483;83379500
2484;83413028
2485;83446556
2486;83480084
2487;83513612
2488;83547140
2489;83580700
2490;83614260
2491;83647851
2492;83681443
2493;83715034
2494;83748626
2495;83782217
2496;83815809
2497;83849400
2498;83882992
2499;83916583
2500;83950175
2501;83983766
2502;84017358
2503;84050949
2504;84084541
2505;84118132
2506;84151724
2507;84185315
2508;84218907
2509;84252498
2510;84286090
2511;84319681
2512;84353273
2513;84386864
2514;84420456
2515;84454047
2516;84487639
2517;84521230
2518;84554822
2519;84588413
2520;84622005
2521;84655596
2522;84689156
2523;84722716
2524;84756212
2525;84789708
2526;84823173
2527;84856637
2528;84890070
2529;84923503
2530;84956935
2531;84990368
2532;85023801
2533;85057234
2534;85090666
2535;85124099
2536;85157532
2537;85190965
2538;85224397
2539;85257830
2540;85291263
2541;85324696
2542;85358128
2543;85391561
2544;85424994
2545;85458427
2546;85491859
2547;85525292
2548;85558725
2549;85592158
2550;85625590
2551;85659023
2552;85692456
2553;85725889
2554;85759321
2555;85792754
2556;85826219
2557;85859683
2558;85893211
2559;85926739
2560;85960299
2561;85993859
2562;86027450
2563;86061042
2564;86094665
2565;86128288
2566;86161911
2567;86195566
2568;86229221
2569;86262876
2570;86296531
2571;86330186
2572;86363841
2573;86397496
2574;86431151
2575;86464806
2576;86498461
2577;86532116
2578;86565771
2579;86599426
2580;86633081
2581;86666705
2582;86700328
2583;86733888
2584;86767447
2585;86800975
2586;86834503
2587;86867968
2588;86901432
2589;86934897
2590;86968361
2591;87001794
2592;87035227
2593;87068660
2594;87102092
2595;87135525
2596;87168958
2597;87202391
2598;87235823
2599;87269256
2600;87302689
2601;87336122
2602;87369554
2603;87402987
2604;87436420
2605;87469853
2606;87503285
2607;87536718
2608;87570151
2609;87603584
2610;87637016
2611;87670449
2612;87703882
2613;87737315
2614;87770747
2615;87804180
2616;87837613
2617;87871046
2618;87904478
2619;87937911
2620;87971344
2621;88004777
2622;88038241
2623;88071706
2624;88105234
2625;88138762
2626;88172321
2627;88205881
2628;88239441
2629;88273001
2630;88306560
2631;88340120
2632;88373680
2633;88407271
2634;88440863
2635;88474454
2636;88508046
2637;88541637
2638;88575229
2639;88608820
2640;88642412
2641;88676003
2642;88709595
2643;88743186
2644;88776778
2645;88810369
2646;88843961
2647;88877552
2648;88911144
2649;88944735
2650;88978327
2651;89011918
2652;89045510
2653;89079101
2654;89112693
2655;89146284
2656;89179876
2657;89213467
2658;89247059
2659;89280650
2660;89314242
2661;89347833
2662;89381393
2663;89414953
2664;89448481
2665;89482009
2666;89515473
2667;89548938
2668;89582402
2669;89615867
2670;89649331
2671;89682796
2672;89716260
2673;89749725
2674;89783189
2675;89816654
2676;89850118
2677;89883583
2678;89917047
2679;89950512
2680;89983976
2681;90017441
2682;90050905
2683;90084370
2684;90117834
2685;90151299
2686;90184763
2687;90218228
2688;90251692
2689;90285157
2690;90318621
2691;90352086
2692;90385550
2693;90419015
2694;90452479
2695;90485944
2696;90519408
2697;90552873
2698;90586337
2699;90619802
2700;90653266
2701;90686731
2702;90720195
2703;90753660
2704;90787124
2705;90820589
2706;90854053
2707;90887518
2708;90920982
2709;90954447
2710;90987911
2711;91021376
2712;91054872
2713;91088368
2714;91121928
2715;91155488
2716;91189111
2717;91222734
2718;91256358
2719;91289981
2720;91323604
2721;91357227
2722;91390851
2723;91424474
2724;91458097
2725;91491720
2726;91525344
2727;91558967
2728;91592590
2729;91626213
2730;91659837
2731;91693460
2732;91727083
2733;91760706
2734;91794330
2735;91827953
2736;91861576
2737;91895168
2738;91928759
2739;91962287
2740;91995815
2741;92029280
2742;92062744
2743;92096177
2744;92129610
2745;92163042
2746;92196443
2747;92229844
2748;92263245
2749;92296646
2750;92330047
2751;92363448
2752;92396849
2753;92430250
2754;92463651
2755;92497052
2756;92530453
2757;92563854
2758;92597255
2759;92630656
2760;92664057
2761;92697458
2762;92730859
2763;92764260
2764;92797661
2765;92831062
2766;92864495
2767;92897928
2768;92931424
2769;92964920
2770;92998480
2771;93032040
2772;93065600
2773;93099191
2774;93132783
2775;93166406
2776;93200029
2777;93233652
2778;93267276
2779;93300899
2780;93334522
2781;93368145
2782;93401769
2783;93435392
2784;93469015
2785;93502638
2786;93536262
2787;93569885
2788;93603508
2789;93637131
2790;93670755
2791;93704378
2792;93738001
2793;93771624
2794;93805248
2795;93838871
2796;93872494
2797;93906086
2798;93939677
2799;93973237
2800;94006797
2801;94040293
2802;94073789
2803;94107254
2804;94140718
2805;94174183
2806;94207647
2807;94241112
2808;94274544
2809;94307977
2810;94341410
2811;94374843
2812;94408275
2813;94441708
2814;94475141
2815;94508574
2816;94542006
2817;94575439
2818;94608872
2819;94642305
2820;94675737
2821;94709170
2822;94742603
2823;94776036
2824;94809468
2825;94842901
2826;94876334
2827;94909767
2828;94943199
2829;94976632
2830;95010065
2831;95043498
2832;95076930
2833;95110363
2834;95143796
2835;95177229
2836;95210693
2837;95244158
2838;95277686
2839;95311214
2840;95344773
2841;95378333
2842;95411893
2843;95445453
2844;95479012
2845;95512604
2846;95546195
2847;95579787
2848;95613410
2849;95647033
2850;95680657
2851;95714280
2852;95747903
2853;95781526
2854;95815150
2855;95848773
2856;95882396
2857;95916019
2858;95949643
2859;95983266
2860;96016889
2861;96050512
2862;96084136
2863;96117759
2864;96151382
2865;96185005
2866;96218629
2867;96252220
2868;96285812
2869;96319340
2870;96352868
2871;96386364
2872;96419860
2873;96453293
2874;96486726
2875;96520158
2876;96553591
2877;96587024
2878;96620457
2879;96653889
2880;96687322
2881;96720755
2882;96754188
2883;96787620
2884;96821053
2885;96854486
2886;96887919
2887;96921351
2888;96954784
2889;96988217
2890;97021650
2891;97055082
2892;97088515
2893;97121948
2894;97155381
2895;97188813
2896;97222246
2897;97255679
2898;97289112
2899;97322544
2900;97355977
2901;97389410
2902;97422843
2903;97456307
2904;97489772
2905;97523300
2906;97556828
2907;97590387
2908;97623947
2909;97657539
2910;97691130
2911;97724753
2912;97758377
2913;97792032
2914;97825687
2915;97859342
2916;97892997
2917;97926652
2918;97960307
2919;97993962
2920;98027617
2921;98061272
2922;98094927
2923;98128582
2924;98162237
2925;98195892
2926;98229547
2927;98263202
2928;98296825
2929;98330448
2930;98364008
2931;98397568
2932;98431064
2933;98464560
2934;98498025
2935;98531489
2936;98564954
2937;98598418
2938;98631851
2939;98665284
2940;98698716
2941;98732149
2942;98765582
2943;98799015
2944;98832447
2945;98865880
2946;98899313
2947;98932746
2948;98966178
2949;98999611
2950;99033044
2951;99066477
2952;99099909
2953;99133342
2954;99166775
2955;99200208
2956;99233640
2957;99267073
2958;99300506
2959;99333939
2960;99367371
2961;99400804
2962;99434237
2963;99467670
2964;99501102
2965;99534535
2966;99567968
2967;99601401
2968;99634865
2969;99668330
2970;99701858
2971;99735386
2972;99768945
2973;99802505
2974;99836065
2975;99869625
2976;99903184
2977;99936776
2978;99970367
2979;100003991
2980;100037614
2981;100071237
2982;100104860
2983;100138484
2984;100172107
2985;100205730
2986;100239353
2987;100272977
2988;100306600
2989;100340223
2990;100373846
2991;100407470
2992;100441093
2993;100474716
2994;100508339
2995;100541963
2996;100575586
2997;100609209
2998;100642801
2999;100676392
3000;100709920
3001;100743448
3002;100776944
3003;100810441
3004;100843905
3005;100877370
3006;100910834
3007;100944299
3008;100977731
3009;101011164
3010;101044597
3011;101078030
3012;101111462
3013;101144895
3014;101178328
3015;101211761
3016;101245193
3017;101278626
3018;101312059
3019;101345492
3020;101378924
3021;101412357
3022;101445790
3023;101479223
3024;101512655
3025;101546088
3026;101579521
3027;101612954
3028;101646386
3029;101679819
3030;101713252
3031;101746685
3032;101780117
3033;101813550
3034;101846983
3035;101880416
3036;101913880
3037;101947345
3038;101980873
3039;102014401
3040;102047960
3041;102081520
3042;102115112
3043;102148703
3044;102182295
3045;102215886
3046;102249478
3047;102283069
3048;102316661
3049;102350252
3050;102383844
3051;102417435
3052;102451027
3053;102484618
3054;102518210
3055;102551801
3056;102585393
3057;102618984
3058;102652576
3059;102686167
3060;102719759
3061;102753350
3062;102786942
3063;102820533
3064;102854125
3065;102887716
3066;102921308
3067;102954899
3068;102988491
3069;103022082
3070;103055674
3071;103089265
3072;103122857
3073;103156448
3074;103190008
3075;103223568
3076;103257064
3077;103290560
3078;103324025
3079;103357489
3080;103390922
3081;103424355
3082;103457787
3083;103491220
3084;103524653
3085;103624951
3086;103658384
3087;103691817
3088;103725249
3089;103758682
3090;103792115
3091;103825548
3092;103858980
3093;103892413
3094;103925846
3095;103959279
3096;103992711
3097;104026144
3098;104059577
3099;104093010
3100;104126442
3101;104159875
3102;104193308
3103;104226741
3104;104260173
3105;104293606
3106;104327039
3107;104360503
3108;104393968
3109;104427464
3110;104460960
3111;104494488
3112;104528016
3113;104561576
3114;104595136
3115;104628727
3116;104662319
3117;104695942
3118;104729565
3119;104763189
3120;104796812
3121;104830435
3122;104864058
3123;104897682
3124;104931305
3125;104964928
3126;104998551
3127;105032175
3128;105065798
3129;105099421
3130;105133044
3131;105166668
3132;105200291
3133;105233914
3134;105267537
3135;105301161
3136;105334784
3137;105368407
3138;105402030
3139;105435622
3140;105469213
3141;105502741
3142;105536269
3143;105569766
3144;105603262
3145;105636726
3146;105670191
3147;105703655
3148;105737120
3149;105770584
3150;105804017
3151;105837450
3152;105870883
3153;105904315
3154;105937748
3155;105971181
3156;106004614
3157;106038046
3158;106071479
3159;106104912
3160;106138345
3161;106171777
3162;106205210
3163;106238643
3164;106272076
3165;106305508
3166;106338941
3167;106372374
3168;106405807
3169;106439239
3170;106472672
3171;106506105
3172;106539538
3173;106572970
3174;106606403
3175;106639836
3176;106673269
3177;106706701
3178;106740166
3179;106773630
3180;106807158
3181;106840686
3182;106874246
3183;106907806
3184;106941397
3185;106974989
3186;107008612
3187;107042235
3188;107075859
3189;107109482
3190;107143105
3191;107176728
3192;107210352
3193;107243975
3194;107277598
3195;107311221
3196;107344845
3197;107378468
3198;107412091
3199;107445714
3200;107479338
3201;107512961
3202;107546584
3203;107647454
3204;107681077
3205;107714700
3206;107748292
3207;107781883
3208;107815411
3209;107848939
3210;107882436
3211;107915932
3212;107949428
3213;107982893
3214;108016357
3215;108049822
3216;108083286
3217;108116751
3218;108150215
3219;108183680
3220;108217144
3221;108250609
3222;108284073
3223;108317538
3224;108351002
3225;108384467
3226;108417931
3227;108451396
3228;108484860
3229;108518325
3230;108551789
3231;108585254
3232;108618718
3233;108652183
3234;108685647
3235;108719112
3236;108752576
3237;108786041
3238;108819505
3239;108852970
3240;108886434
3241;108919899
3242;108953363
3243;108986828
3244;109020292
3245;109053757
3246;109087221
3247;109120686
3248;109154150
3249;109187615
3250;109221079
3251;109254544
3252;109288008
3253;109321473
3254;109354937
3255;109388402
3256;109421866
3257;109455331
3258;109488795
3259;109522260
3260;109555724
3261;109589189
3262;109622685
3263;109656181
3264;109689709
3265;109723237
3266;109756829
3267;109790420
3268;109824043
3269;109857667
3270;109891290
3271;109924913
3272;109958536
3273;109992160
3274;110025783
3275;110059406
3276;110093029
3277;110126653
3278;110160276
3279;110193899
3280;110227522
3281;110261146
3282;110294769
3283;110328392
3284;110362015
3285;110395639
3286;110429262
3287;110462885
3288;110496477
3289;110530068
3290;110563596
3291;110597124
3292;110630620
3293;110664117
3294;110697581
3295;110731046
3296;110764478
3297;110797911
3298;110831344
3299;110864777
3300;110898209
3301;110931642
3302;110965075
3303;110998508
3304;111031940
3305;111065373
3306;111098806
3307;111132239
3308;111165671
3309;111199104
3310;111232537
3311;111265970
3312;111299402
3313;111332835
3314;111366268
3315;111399701
3316;111433133
3317;111466566
3318;111499999
3319;111533432
3320;111566864
3321;111600297
3322;111633730
3323;111667163
3324;111700595
3325;111734060
3326;111767524
3327;111801052
3328;111834580
3329;111868108
3330;111901668
3331;111935228
3332;111968819
3333;112002411
3334;112036002
3335;112069594
3336;112103185
3337;112136777
3338;112170368
3339;112203960
3340;112237551
3341;112271143
3342;112304734
3343;112338326
3344;112371917
3345;112405509
3346;112439100
3347;112472692
3348;112506283
3349;112539875
3350;112573466
3351;112607058
3352;112640649
3353;112674241
3354;112707832
3355;112741424
3356;112775015
3357;112808607
3358;112842198
3359;112875790
3360;112909381
3361;112942973
3362;112976564
3363;113010156
3364;113043716
3365;113077275
3366;113110803
3367;113144331
3368;113177796
3369;113211260
3370;113244725
3371;113278189
3372;113311654
3373;113345087
3374;113378519
3375;113411952
3376;113445385
3377;113478818
3378;113512250
3379;113545683
3380;113579116
3381;113612549
3382;113645981
3383;113679414
3384;113712847
3385;113746280
3386;113779712
3387;113813145
3388;113846578
3389;113880011
3390;113913443
3391;113946876
3392;113980309
3393;114013742
3394;114047174
3395;114080607
3396;114114040
3397;114147473
3398;114180905
3399;114214338
3400;114247803
3401;114281267
3402;114314795
3403;114348323
3404;114381883
3405;114415443
3406;114449034
3407;114482626
3408;114516217
3409;114549809
3410;114583400
3411;114616992
3412;114650583
3413;114684175
3414;114717766
3415;114751358
3416;114784949
3417;114818541
3418;114852132
3419;114885724
3420;114919315
3421;114952907
3422;114986498
3423;115020090
3424;115053681
3425;115087273
3426;115120864
3427;115154456
3428;115188047
3429;115221639
3430;115255230
3431;115288822
3432;115322413
3433;115356005
3434;115389596
3435;115423188
3436;115456779
3437;115490339
3438;115523899
3439;115557395
3440;115590891
3441;115624356
3442;115657820
3443;115691285
3444;115724749
3445;115758214
3446;115791678
3447;115825143
3448;115858607
3449;115892072
3450;115925536
3451;115959001
3452;115992465
3453;116025930
3454;116059394
3455;116092859
3456;116126323
3457;116159788
3458;116193252
3459;116226717
3460;116260181
3461;116293646
3462;116327110
3463;116360575
3464;116394039
3465;116427504
3466;116460968
3467;116494433
3468;116527897
3469;116561362
3470;116594826
3471;116628291
3472;116661755
3473;116695220
3474;116728684
3475;116762149
3476;116795613
3477;116829078
3478;116862542
3479;116896007
3480;116929471
3481;116962936
3482;116996400
3483;117029865
3484;117063329
3485;117096794
3486;117130258
3487;117163754
3488;117197251
3489;117230779
3490;117264307
3491;117297866
3492;117331426
3493;117364986
3494;117398546
3495;117432105
3496;117465697
3497;117499288
3498;117532912
3499;117566535
3500;117600158
3501;117633781
3502;117667405
3503;117701028
3504;117734651
3505;117768274
3506;117801898
3507;117835521
3508;117869144
3509;117902767
3510;117936391
3511;117970014
3512;118003637
3513;118037260
3514;118070884
3515;118104507
3516;118138130
3517;118171722
3518;118205313
3519;118238841
3520;118272369
3521;118305865
3522;118339362
3523;118372826
3524;118406291
3525;118439723
3526;118473156
3527;118506589
3528;118540022
3529;118573454
3530;118606887
3531;118640320
3532;118673753
3533;118707185
3534;118740618
3535;118774051
3536;118807484
3537;118840916
3538;118874349
3539;118907782
3540;118941215
3541;118974647
3542;119008080
3543;119041513
3544;119074946
3545;119108378
3546;119141811
3547;119175244
3548;119208677
3549;119242109
3550;119275542
3551;119308975
3552;119342408
3553;119375840
3554;119409305
3555;119442769
3556;119476297
3557;119509825
3558;119543353
3559;119576881
3560;119610409
3561;119643969
3562;119677529
3563;119711089
3564;119744680
3565;119778272
3566;119811895
3567;119845518
3568;119879141
3569;119912765
3570;119946388
3571;119980011
3572;120013634
3573;120047258
3574;120080881
3575;120114504
3576;120148127
3577;120181751
3578;120215374
3579;120248997
3580;120282620
3581;120316244
3582;120349867
3583;120383490
3584;120417113
3585;120450737
3586;120484328
3587;120517920
3588;120551448
3589;120584976
3590;120618472
3591;120651968
3592;120685433
3593;120718897
3594;120752330
3595;120785763
3596;120819195
3597;120852628
3598;120886061
3599;120919494
3600;120952926
3601;120986359
3602;121019792
3603;121053225
3604;121086657
3605;121120090
3606;121153523
3607;121186956
3608;121220388
3609;121253821
3610;121287254
3611;121320687
3612;121354119
3613;121387552
3614;121420985
3615;121454418
3616;121487850
3617;121521283
3618;121554716
3619;121588149
3620;121621581
3621;121655014
3622;121688447
3623;121721880
3624;121755344
3625;121788809
3626;121822337
3627;121855865
3628;121889393
3629;121922921
3630;121956480
3631;121990040
3632;122023600
3633;122057160
3634;122090751
3635;122124343
3636;122157934
3637;122191526
3638;122225117
3639;122258709
3640;122292300
3641;122325892
3642;122359483
3643;122393075
3644;122426666
3645;122460258
3646;122493849
3647;122527441
3648;122561032
3649;122594624
3650;122628215
3651;122661807
3652;122695398
3653;122728990
3654;122762581
3655;122796173
3656;122829764
3657;122863356
3658;122896947
3659;122930539
3660;122964130
3661;122997722
3662;123031313
3663;123064905
3664;123098464
3665;123132024
3666;123165520
3667;123199017
3668;123232449
3669;123265882
3670;123299315
3671;123332748
3672;123366180
3673;123399613
3674;123433046
3675;123466479
3676;123499911
3677;123533344
3678;123566777
3679;123600210
3680;123633642
3681;123667075
3682;123700508
3683;123733941
3684;123767373
3685;123800806
3686;123834239
3687;123867672
3688;123901104
3689;123934537
3690;123967970
3691;124001403
3692;124034835
3693;124068268
3694;124101701
3695;124135134
3696;124168566
3697;124202031
3698;124235495
3699;124269023
3700;124302551
3701;124336111
3702;124369671
3703;124403262
3704;124436854
3705;124470477
3706;124504100
3707;124537724
3708;124571347
3709;124604970
3710;124638593
3711;124672217
3712;124705840
3713;124739463
3714;124773086
3715;124806710
3716;124840333
3717;124873956
3718;124907579
3719;124941203
3720;124974826
3721;125008449
3722;125042072
3723;125075696
3724;125109319
3725;125142942
3726;125176534
3727;125210125
3728;125243653
3729;125277181
3730;125310677
3731;125344174
3732;125377638
3733;125411103
3734;125444567
3735;125478032
3736;125511496
3737;125544961
3738;125578425
3739;125611890
3740;125645354
3741;125678819
3742;125712283
3743;125745748
3744;125779212
3745;125812677
3746;125846141
3747;125879606
3748;125913070
3749;125946535
3750;125979999
3751;126013464
3752;126046928
3753;126080393
3754;126113857
3755;126147322
3756;126180786
3757;126214251
3758;126247715
3759;126281180
3760;126314644
3761;126348109
3762;126381573
3763;126415038
3764;126448502
3765;126481967
3766;126515431
3767;126548896
3768;126582360
3769;126615825
3770;126649289
3771;126682754
3772;126716218
3773;126749683
3774;126783147
3775;126816612
3776;126850076
3777;126883541
3778;126917005
3779;126950470
3780;126983966
3781;127017462
3782;127050990
3783;127084518
3784;127118078
3785;127151638
3786;127185229
3787;127218821
3788;127252412
3789;127286004
3790;127319595
3791;127353187
3792;127386778
3793;127420370
3794;127453961
3795;127487553
3796;127521144
3797;127554736
3798;127588327
3799;127621919
3800;127655510
3801;127689102
3802;127722693
3803;127756285
3804;127789876
3805;127823468
3806;127857059
3807;127890651
3808;127924242
3809;127957834
3810;127991425
3811;128025017
3812;128058608
3813;128092200
3814;128125791
3815;128159351
3816;128192911
3817;128226439
3818;128259967
3819;128293431
3820;128326896
3821;128360328
3822;128393761
3823;128427162
3824;128460563
3825;128493964
3826;128527365
3827;128560766
3828;128594167
3829;128627568
3830;128660969
3831;128694370
3832;128727771
3833;128761172
3834;128794573
3835;128827974
