1;0
2;33369
3;66738
4;100107
5;133477
6;166846
7;200215
8;233584
9;266954
10;300323
11;333692
12;367061
13;400431
14;433800
15;467169
16;500538
17;533908
18;567277
19;600646
20;634015
21;667385
22;700754
23;734123
24;767492
25;800862
26;834231
27;867600
28;900969
29;934339
30;967708
31;1001077
32;1034446
33;1067816
34;1101185
35;1134554
36;1167923
37;1201293
38;1234662
39;1268031
40;1301432
41;1334833
42;1368298
43;1401762
44;1435290
45;1468818
46;1503013
47;1537208
48;1571402
49;1605597
50;1639792
51;1673987
52;1708181
53;1742376
54;1776571
55;1810766
56;1844960
57;1879155
58;1913350
59;1947545
60;1981739
61;2015934
62;2050129
63;2084324
64;2118518
65;2152713
66;2186908
67;2221103
68;2255297
69;2289492
70;2323687
71;2357882
72;2392076
73;2426271
74;2460466
75;2494661
76;2528855
77;2563050
78;2597245
79;2631440
80;2665634
81;2699829
82;2734024
83;2768219
84;2802413
85;2836608
86;2870803
87;2904998
88;2939192
89;2973387
90;3007582
91;3041142
92;3074701
93;3108261
94;3141821
95;3175381
96;3208940
97;3242500
98;3276060
99;3309620
100;3343179
101;3376739
102;3410299
103;3443859
104;3477418
105;3510978
106;3544538
107;3578098
108;3611657
109;3645217
110;3678777
111;3712337
112;3745896
113;3779456
114;3813016
115;3846576
116;3880135
117;3913695
118;3947255
119;3980815
120;4014374
121;4047934
122;4081494
123;4115022
124;4148550
125;4182046
126;4215542
127;4248975
128;4282408
129;4315841
130;4349273
131;4382706
132;4416139
133;4449572
134;4483004
135;4516437
136;4549870
137;4583303
138;4616735
139;4650168
140;4683601
141;4717034
142;4750466
143;4783899
144;4817332
145;4850765
146;4884197
147;4917630
148;4951063
149;4984496
150;5017928
151;5051361
152;5084794
153;5118227
154;5151691
155;5185156
156;5218684
157;5252212
158;5285771
159;5319331
160;5352891
161;5386451
162;5420042
163;5453634
164;5487257
165;5520880
166;5554503
167;5588127
168;5621750
169;5655373
170;5688996
171;5722620
172;5756243
173;5789866
174;5823489
175;5857113
176;5890736
177;5924359
178;5957982
179;5991606
180;6025229
181;6058852
182;6092475
183;6126099
184;6159690
185;6193282
186;6226810
187;6260338
188;6293802
189;6327267
190;6360731
191;6394196
192;6427660
193;6461125
194;6494589
195;6528054
196;6561518
197;6594983
198;6628447
199;6661912
200;6695376
201;6728841
202;6762305
203;6795770
204;6829234
205;6862699
206;6896163
207;6929628
208;6963092
209;6996557
210;7030021
211;7063486
212;7096950
213;7130415
214;7163879
215;7197344
216;7230808
217;7264273
218;7297737
219;7331202
220;7364666
221;7398131
222;7431595
223;7465060
224;7498524
225;7531989
226;7565453
227;7598918
228;7632382
229;7665847
230;7699311
231;7732776
232;7766240
233;7799705
234;7833169
235;7866634
236;7900098
237;7933594
238;7967091
239;8000619
240;8034147
241;8067706
242;8101266
243;8134826
244;8168386
245;8201977
246;8235569
247;8269160
248;8302752
249;8336343
250;8369935
251;8403526
252;8437118
253;8470709
254;8504301
255;8537892
256;8571484
257;8605075
258;8638667
259;8672258
260;8705850
261;8739441
262;8773033
263;8806624
264;8840216
265;8873807
266;8907399
267;8940990
268;8974582
269;9008173
270;9041765
271;9075356
272;9108948
273;9142507
274;9176067
275;9209563
276;9243060
277;9276524
278;9309989
279;9343421
280;9376854
281;9410255
282;9443656
283;9477057
284;9510458
285;9543859
286;9577260
287;9610661
288;9644062
289;9677463
290;9710864
291;9744265
292;9777666
293;9811067
294;9844468
295;9877869
296;9911270
297;9944671
298;9978072
299;10011473
300;10044906
301;10078339
302;10111835
303;10145331
304;10178859
305;10212387
306;10245947
307;10279507
308;10313098
309;10346690
310;10380281
311;10413873
312;10447464
313;10481056
314;10514647
315;10548239
316;10581830
317;10615422
318;10649013
319;10682605
320;10716196
321;10749788
322;10783379
323;10816971
324;10850562
325;10884154
326;10917745
327;10951337
328;10984928
329;11018520
330;11052111
331;11085703
332;11119294
333;11152886
334;11186477
335;11220069
336;11253660
337;11287252
338;11320843
339;11354435
340;11388026
341;11421618
342;11455177
343;11488737
344;11522265
345;11555793
346;11589289
347;11622786
348;11656282
349;11689778
350;11723243
351;11756707
352;11790140
353;11823573
354;11857005
355;11890438
356;11923871
357;11957304
358;11990736
359;12024169
360;12057602
361;12091035
362;12124467
363;12157900
364;12191333
365;12224766
366;12258198
367;12291631
368;12325064
369;12358497
370;12391929
371;12425362
372;12458795
373;12492228
374;12525660
375;12559093
376;12592526
377;12625959
378;12659391
379;12692856
380;12726320
381;12759848
382;12793376
383;12826904
384;12860432
385;12893992
386;12927552
387;12961143
388;12994735
389;13028358
390;13061981
391;13095605
392;13129228
393;13162851
394;13196474
395;13230098
396;13263721
397;13297344
398;13330967
399;13364591
400;13398214
401;13431837
402;13465460
403;13499084
404;13532707
405;13566330
406;13599953
407;13633577
408;13667200
409;13700791
410;13734383
411;13767911
412;13801439
413;13834935
414;13868431
415;13901896
416;13935360
417;13968793
418;14002226
419;14035659
420;14069091
421;14102524
422;14135957
423;14169390
424;14202822
425;14236255
426;14269688
427;14303121
428;14336553
429;14369986
430;14403419
431;14436852
432;14470284
433;14503717
434;14537150
435;14570583
436;14604015
437;14637448
438;14670881
439;14704314
440;14737746
441;14771179
442;14804612
443;14838045
444;14871477
445;14904910
446;14938343
447;14971807
448;15005272
449;15038768
450;15072264
451;15105824
452;15139384
453;15172975
454;15206567
455;15240158
456;15273750
457;15307341
458;15340933
459;15374556
460;15408179
461;15441803
462;15475426
463;15509049
464;15542672
465;15576296
466;15609919
467;15643542
468;15677165
469;15710789
470;15744412
471;15778035
472;15811658
473;15845282
474;15878905
475;15912528
476;15946151
477;15979775
478;16013366
479;16046958
480;16080486
481;16114014
482;16147510
483;16181006
484;16214471
485;16247935
486;16281368
487;16314801
488;16348233
489;16381666
490;16415099
491;16448532
492;16481964
493;16515397
494;16548830
495;16582263
496;16615695
497;16649128
498;16682561
499;16715994
500;16749426
501;16782859
502;16816292
503;16849725
504;16883157
505;16916590
506;16950023
507;16983456
508;17016888
509;17050321
510;17083754
511;17117187
512;17150619
513;17184052
514;17217485
515;17250949
516;17284414
517;17317942
518;17351470
519;17385030
520;17418589
521;17452181
522;17485772
523;17519396
524;17553019
525;17586642
526;17620265
527;17653889
528;17687512
529;17721135
530;17754758
531;17788382
532;17822005
533;17855628
534;17889251
535;17922875
536;17956498
537;17990121
538;18023744
539;18057368
540;18090991
541;18124614
542;18158237
543;18191861
544;18225452
545;18259044
546;18292572
547;18326100
548;18359596
549;18393092
550;18426557
551;18460021
552;18493486
553;18526950
554;18560415
555;18593879
556;18627344
557;18660808
558;18694273
559;18727737
560;18761202
561;18794666
562;18828131
563;18861595
564;18895060
565;18928524
566;18961989
567;18995453
568;19028918
569;19062382
570;19095847
571;19129311
572;19162776
573;19196240
574;19229705
575;19263169
576;19296634
577;19330098
578;19363563
579;19397027
580;19430492
581;19463956
582;19497421
583;19530885
584;19564350
585;19597814
586;19631279
587;19664743
588;19698208
589;19731672
590;19765137
591;19798601
592;19832066
593;19865530
594;19898995
595;19932459
596;19965924
597;19999388
598;20032884
599;20066381
600;20099909
601;20133437
602;20167028
603;20200620
604;20234211
605;20267803
606;20301394
607;20334986
608;20368577
609;20402169
610;20435760
611;20469352
612;20502943
613;20536535
614;20570126
615;20603718
616;20637309
617;20670901
618;20704492
619;20738084
620;20771675
621;20805267
622;20838858
623;20872450
624;20906041
625;20939633
626;20973224
627;21006816
628;21040407
629;21073999
630;21107590
631;21141182
632;21174773
633;21208333
634;21241893
635;21275389
636;21308885
637;21342350
638;21375814
639;21409279
640;21442743
641;21476208
642;21509672
643;21543137
644;21576601
645;21610066
646;21643530
647;21676995
648;21710459
649;21743924
650;21777388
651;21810853
652;21844317
653;21877782
654;21911246
655;21944711
656;21978175
657;22011640
658;22045104
659;22078569
660;22112033
661;22145498
662;22178962
663;22212427
664;22245891
665;22279356
666;22312820
667;22346285
668;22379749
669;22413214
670;22446678
671;22480143
672;22513607
673;22547072
674;22580536
675;22614001
676;22647465
677;22680930
678;22714394
679;22747859
680;22781323
681;22814788
682;22848252
683;22881748
684;22915245
685;22948804
686;22982364
687;23015956
688;23049547
689;23083139
690;23116730
691;23150322
692;23183913
693;23217505
694;23251096
695;23284688
696;23318279
697;23351871
698;23385462
699;23419054
700;23452645
701;23486237
702;23519828
703;23553420
704;23587011
705;23620603
706;23654194
707;23687786
708;23721377
709;23754969
710;23788560
711;23822152
712;23855743
713;23889335
714;23922926
715;23956518
716;23990077
717;24023637
718;24057133
719;24090630
720;24124094
721;24157559
722;24191023
723;24224488
724;24257952
725;24291417
726;24324881
727;24358346
728;24391810
729;24425275
730;24458739
731;24492204
732;24525668
733;24559133
734;24592597
735;24626062
736;24659526
737;24692991
738;24726455
739;24759920
740;24793384
741;24826849
742;24860313
743;24893778
744;24927242
745;24960707
746;24994171
747;25027636
748;25061100
749;25094565
750;25128029
751;25161494
752;25194958
753;25228423
754;25261887
755;25295352
756;25328816
757;25362281
758;25395745
759;25429210
760;25462674
761;25496139
762;25529603
763;25563068
764;25596564
765;25630060
766;25663588
767;25697116
768;25730708
769;25764299
770;25797891
771;25831482
772;25865105
773;25898729
774;25932352
775;25965975
776;25999598
777;26033222
778;26066845
779;26100468
780;26134091
781;26167715
782;26201338
783;26234961
784;26268584
785;26302208
786;26335831
787;26369454
788;26403077
789;26436701
790;26470324
791;26503915
792;26537507
793;26571035
794;26604563
795;26638059
796;26671555
797;26705020
798;26738484
799;26771917
800;26805350
801;26838783
802;26872215
803;26905648
804;26939081
805;26972514
806;27005946
807;27039379
808;27072812
809;27106245
810;27139677
811;27173110
812;27206543
813;27239976
814;27273408
815;27306841
816;27340274
817;27373707
818;27407139
819;27440572
820;27474005
821;27507438
822;27540870
823;27574303
824;27607736
825;27641169
826;27674601
827;27708034
828;27741467
829;27774931
830;27808396
831;27841924
832;27875452
833;27909012
834;27942571
835;27976163
836;28009754
837;28043346
838;28076937
839;28110529
840;28144120
841;28177712
842;28211303
843;28244895
844;28278486
845;28312078
846;28345669
847;28379261
848;28412852
849;28446444
850;28480035
851;28614401
852;28647993
853;28681584
854;28715176
855;28748767
856;28782359
857;28815950
858;28849542
859;28883133
860;28916725
861;28950316
862;28983908
863;29017499
864;29051059
865;29084619
866;29118115
867;29151611
868;29185076
869;29218540
870;29252005
871;29285469
872;29318934
873;29352398
874;29385863
875;29419327
876;29452792
877;29486256
878;29519721
879;29553185
880;29586650
881;29620114
882;29653579
883;29687043
884;29720508
885;29753972
886;29787437
887;29820901
888;29854366
889;29887830
890;29921295
891;29954759
892;29988224
893;30021688
894;30055153
895;30088617
896;30122082
897;30155546
898;30189011
899;30222475
900;30255940
901;30289404
902;30322869
903;30356333
904;30389798
905;30423262
906;30456727
907;30490191
908;30523656
909;30557120
910;30590585
911;30624049
912;30657514
913;30690978
914;30724475
915;30757971
916;30791499
917;30825027
918;30858587
919;30892146
920;30925706
921;30959298
922;30992889
923;31026481
924;31060072
925;31093664
926;31127255
927;31160847
928;31194438
929;31228030
930;31261621
931;31295213
932;31328804
933;31362396
934;31395987
935;31429579
936;31463170
937;31496762
938;31530353
939;31563945
940;31597536
941;31631128
942;31664719
943;31698311
944;31731902
945;31765494
946;31799085
947;31832677
948;31866268
949;31899860
950;31933419
951;31966979
952;32000507
953;32034035
954;32067531
955;32101028
956;32134492
957;32167957
958;32201421
959;32234886
960;32268350
961;32301815
962;32335279
963;32368744
964;32402208
965;32435673
966;32469137
967;32502602
968;32536066
969;32569531
970;32602995
971;32636460
972;32669924
973;32703389
974;32736853
975;32770318
976;32803782
977;32837247
978;32870711
979;32904176
980;32937640
981;32971105
982;33004569
983;33038034
984;33071498
985;33104963
986;33138427
987;33171892
988;33205356
989;33238821
990;33272285
991;33305750
992;33339214
993;33372679
994;33406143
995;33439608
996;33473072
997;33506537
998;33540001
999;33573466
1000;33606930
1001;33640395
1002;33673891
1003;33707387
1004;33740915
1005;33774443
1006;33808003
1007;33841563
1008;33875154
1009;33908746
1010;33942369
1011;33975992
1012;34009615
1013;34043239
1014;34076862
1015;34211355
1016;34244978
1017;34278601
1018;34312225
1019;34345848
1020;34379471
1021;34413094
1022;34446718
1023;34480341
1024;34513964
1025;34547587
1026;34581179
1027;34614770
1028;34648298
1029;34681826
1030;34715323
1031;34748819
1032;34782283
1033;34815748
1034;34849212
1035;34882677
1036;34916141
1037;34949606
1038;34983070
1039;35016535
1040;35049999
1041;35083464
1042;35116928
1043;35150393
1044;35183857
1045;35217322
1046;35250786
1047;35284251
1048;35317715
1049;35351180
1050;35384644
1051;35418109
1052;35451573
1053;35485038
1054;35518502
1055;35551967
1056;35585431
1057;35618896
1058;35652360
1059;35685825
1060;35719289
1061;35752754
1062;35786218
1063;35819683
1064;35853147
1065;35886612
1066;35920076
1067;35953541
1068;35987005
1069;36020470
1070;36053934
1071;36087399
1072;36120863
1073;36154328
1074;36187792
1075;36221257
1076;36254721
1077;36288186
1078;36321650
1079;36355147
1080;36388643
1081;36422203
1082;36455762
1083;36489354
1084;36522945
1085;36556569
1086;36590192
1087;36623815
1088;36657438
1089;36691062
1090;36724685
1091;36758308
1092;36791931
1093;36825555
1094;36859178
1095;36892801
1096;37027294
1097;37060917
1098;37094541
1099;37128164
1100;37161787
1101;37195410
1102;37229002
1103;37262593
1104;37296121
1105;37329649
1106;37363146
1107;37396642
1108;37430106
1109;37463571
1110;37497004
1111;37530436
1112;37563837
1113;37597238
1114;37630639
1115;37664040
1116;37697441
1117;37730842
1118;37764243
1119;37797644
1120;37831045
1121;37864446
1122;37897847
1123;37931248
1124;37964649
1125;37998050
1126;38031451
1127;38064852
1128;38098253
1129;38131654
1130;38165055
1131;38198456
1132;38231889
1133;38265322
1134;38298818
1135;38332314
1136;38365874
1137;38399434
1138;38433025
1139;38466617
1140;38500208
1141;38533800
1142;38567391
1143;38600983
1144;38634574
1145;38668166
1146;38701757
1147;38735349
1148;38768940
1149;38802532
1150;38836123
1151;38869715
1152;38903306
1153;38936898
1154;38970489
1155;39004081
1156;39037672
1157;39071264
1158;39104855
1159;39138447
1160;39172038
1161;39205630
1162;39239221
1163;39272813
1164;39306404
1165;39339996
1166;39373587
1167;39407179
1168;39440770
1169;39474362
1170;39507953
1171;39541545
1172;39575105
1173;39608664
1174;39642161
1175;39675657
1176;39709121
1177;39742586
1178;39776050
1179;39809483
1180;39842916
1181;39876349
1182;39909781
1183;39943214
1184;39976647
1185;40010080
1186;40043512
1187;40076945
1188;40110378
1189;40143811
1190;40177243
1191;40210676
1192;40244109
1193;40277542
1194;40310974
1195;40344407
1196;40377840
1197;40411273
1198;40444705
1199;40478138
1200;40511571
1201;40545004
1202;40578436
1203;40611869
1204;40645302
1205;40678735
1206;40712167
1207;40745632
1208;40779096
1209;40812624
1210;40846152
1211;40879712
1212;40913272
1213;40946863
1214;40980455
1215;41014078
1216;41047701
1217;41081325
1218;41114948
1219;41148571
1220;41182194
1221;41215818
1222;41249441
1223;41283064
1224;41316687
1225;41350311
1226;41383934
1227;41417557
1228;41451180
1229;41484804
1230;41518427
1231;41552050
1232;41585673
1233;41619297
1234;41652920
1235;41686543
1236;41720135
1237;41753726
1238;41787254
1239;41820782
1240;41854278
1241;41887775
1242;41921239
1243;41954704
1244;41988168
1245;42021633
1246;42055097
1247;42088562
1248;42122026
1249;42155491
1250;42188955
1251;42222420
1252;42255884
1253;42289349
1254;42322813
1255;42356278
1256;42389742
1257;42423207
1258;42456671
1259;42490136
1260;42523600
1261;42557065
1262;42590529
1263;42623994
1264;42657458
1265;42690923
1266;42724387
1267;42757852
1268;42791316
1269;42824781
1270;42858245
1271;42891710
1272;42925174
1273;42958639
1274;42992103
1275;43025568
1276;43059032
1277;43092497
1278;43125961
1279;43159426
1280;43192890
1281;43226355
1282;43259819
1283;43293284
1284;43326748
1285;43360213
1286;43393677
1287;43427142
1288;43460606
1289;43494102
1290;43527599
1291;43561127
1292;43594655
1293;43628214
1294;43661774
1295;43695334
1296;43728894
1297;43762485
1298;43796077
1299;43829700
1300;43863323
1301;43896946
1302;43930570
1303;43964193
1304;43997816
1305;44031439
1306;44065063
1307;44098686
1308;44132309
1309;44165932
1310;44199556
1311;44233179
1312;44266802
1313;44300425
1314;44334049
1315;44367672
1316;44401295
1317;44434918
1318;44468510
1319;44502101
1320;44535629
1321;44569157
1322;44602622
1323;44636086
1324;44669551
1325;44703015
1326;44736480
1327;44769944
1328;44803409
1329;44836873
1330;44870338
1331;44903802
1332;44937267
1333;44970731
1334;45004196
1335;45037660
1336;45071125
1337;45104589
1338;45138054
1339;45171518
1340;45204983
1341;45238447
1342;45271912
1343;45305376
1344;45338841
1345;45372305
1346;45405770
1347;45439234
1348;45472699
1349;45506163
1350;45539628
1351;45573092
1352;45606557
1353;45640021
1354;45673486
1355;45706950
1356;45740415
1357;45773879
1358;45807344
1359;45840808
1360;45874273
1361;45907737
1362;45941202
1363;45974666
1364;46008131
1365;46041595
1366;46075060
1367;46108524
1368;46141989
1369;46175453
1370;46208918
1371;46242414
1372;46275910
1373;46309438
1374;46342966
1375;46376526
1376;46410086
1377;46443646
1378;46477205
1379;46510765
1380;46544325
1381;46577885
1382;46611444
1383;46645004
1384;46678564
1385;46712124
1386;46745683
1387;46779243
1388;46812803
1389;46846363
1390;46879922
1391;46913482
1392;46947042
1393;46980602
1394;47014161
1395;47047721
1396;47081281
1397;47114841
1398;47148400
1399;47181960
1400;47215520
1401;47249080
1402;47282639
1403;47316199
1404;47349759
1405;47383319
1406;47416878
1407;47450438
1408;47483998
1409;47517558
1410;47551117
1411;47584677
1412;47618237
1413;47651797
1414;47685356
1415;47718916
1416;47752476
1417;47786036
1418;47819595
1419;47853155
1420;47886715
1421;47920275
1422;47953834
1423;47987394
1424;48020954
1425;48054514
1426;48088073
1427;48121601
1428;48155129
1429;48188626
1430;48222122
1431;48255586
1432;48289051
1433;48322515
1434;48355980
1435;48389444
1436;48422909
1437;48456373
1438;48489838
1439;48523302
1440;48556767
1441;48590231
1442;48623696
1443;48657160
1444;48690625
1445;48724089
1446;48757554
1447;48791018
1448;48824483
1449;48857947
1450;48891412
1451;48924876
1452;48958341
1453;48991805
1454;49025270
1455;49058734
1456;49092199
1457;49125663
1458;49159128
1459;49192592
1460;49226057
1461;49259521
1462;49292986
1463;49326450
1464;49359915
1465;49393379
1466;49426844
1467;49460308
1468;49493773
1469;49527237
1470;49560702
1471;49594166
1472;49627631
1473;49661095
1474;49694560
1475;49728056
1476;49761552
1477;49795080
1478;49828608
1479;49862168
1480;49895728
1481;49929319
1482;49962911
1483;49996502
1484;50030094
1485;50063685
1486;50097277
1487;50130868
1488;50164460
1489;50198051
1490;50231643
1491;50265234
1492;50298826
1493;50332417
1494;50366009
1495;50399600
1496;50433192
1497;50466783
1498;50500375
1499;50533966
1500;50567558
1501;50601149
1502;50634741
1503;50668332
1504;50701924
1505;50735515
1506;50769107
1507;50802698
1508;50836290
1509;50869881
1510;50903441
1511;50937001
1512;50970497
1513;51003993
1514;51037458
1515;51070922
1516;51104387
1517;51137820
1518;51171252
1519;51204685
1520;51238118
1521;51271551
1522;51304983
1523;51338416
1524;51371849
1525;51405282
1526;51438714
1527;51472147
1528;51505580
1529;51539013
1530;51572445
1531;51605878
1532;51639311
1533;51672744
1534;51706176
1535;51739609
1536;51773042
1537;51806475
1538;51839907
1539;51873340
1540;51906773
1541;51940206
1542;51973638
1543;52007071
1544;52040536
1545;52074000
1546;52107496
1547;52140993
1548;52174552
1549;52208112
1550;52241672
1551;52275263
1552;52308855
1553;52342446
1554;52376070
1555;52409693
1556;52443316
1557;52476939
1558;52510563
1559;52544186
1560;52577809
1561;52611432
1562;52645056
1563;52678679
1564;52712302
1565;52745925
1566;52779549
1567;52813172
1568;52846795
1569;52880418
1570;52914042
1571;52947665
1572;52981288
1573;53014911
1574;53048503
1575;53082094
1576;53115622
1577;53149150
1578;53182647
1579;53216143
1580;53249576
1581;53283008
1582;53316441
1583;53349874
1584;53383307
1585;53416739
1586;53450172
1587;53483605
1588;53517038
1589;53550470
1590;53583903
1591;53617336
1592;53650769
1593;53684201
1594;53717634
1595;53751067
1596;53784500
1597;53817932
1598;53851365
1599;53884798
1600;53918231
1601;53951663
1602;53985096
1603;54018529
1604;54051962
1605;54085394
1606;54118827
1607;54152260
1608;54185693
1609;54219125
1610;54252590
1611;54286054
1612;54319551
1613;54353047
1614;54386575
1615;54420103
1616;54453663
1617;54487222
1618;54520782
1619;54554342
1620;54587933
1621;54621525
1622;54655116
1623;54688708
1624;54722299
1625;54755891
1626;54789482
1627;54823074
1628;54856665
1629;54890257
1630;54923848
1631;54957440
1632;54991031
1633;55024623
1634;55058214
1635;55091806
1636;55125397
1637;55158989
1638;55192580
1639;55226172
1640;55259763
1641;55293355
1642;55326946
1643;55360538
1644;55394129
1645;55427721
1646;55461312
1647;55494904
1648;55528495
1649;55562087
1650;55595678
1651;55629238
1652;55662798
1653;55696326
1654;55729854
1655;55763318
1656;55796783
1657;55830247
1658;55863712
1659;55897145
1660;55930577
1661;55964010
1662;55997443
1663;56030876
1664;56064308
1665;56097741
1666;56131174
1667;56164607
1668;56198039
1669;56231472
1670;56264905
1671;56298338
1672;56331770
1673;56365203
1674;56398636
1675;56432069
1676;56465501
1677;56498934
1678;56532367
1679;56565800
1680;56599232
1681;56632665
1682;56666098
1683;56699531
1684;56732963
1685;56766396
1686;56799829
1687;56833293
1688;56866758
1689;56900286
1690;56933814
1691;56967342
1692;57000870
1693;57034430
1694;57067989
1695;57101549
1696;57135109
1697;57168669
1698;57202228
1699;57235788
1700;57269348
1701;57302939
1702;57336531
1703;57370122
1704;57403714
1705;57437305
1706;57470897
1707;57504488
1708;57538080
1709;57571671
1710;57605263
1711;57638854
1712;57672446
1713;57706037
1714;57739629
1715;57773220
1716;57806812
1717;57840403
1718;57873995
1719;57907586
1720;57941178
1721;57974769
1722;58008361
1723;58041952
1724;58075544
1725;58109135
1726;58142727
1727;58176318
1728;58209910
1729;58243470
1730;58277029
1731;58310526
1732;58344022
1733;58377486
1734;58410951
1735;58444415
1736;58477880
1737;58511344
1738;58544777
1739;58578210
1740;58611643
1741;58645075
1742;58678508
1743;58711941
1744;58745374
1745;58778806
1746;58812239
1747;58845672
1748;58879105
1749;58912537
1750;58945970
1751;58979403
1752;59012836
1753;59046268
1754;59079701
1755;59113134
1756;59146567
1757;59179999
1758;59213432
1759;59246865
1760;59280298
1761;59313730
1762;59347163
1763;59380596
1764;59414060
1765;59447525
1766;59481053
1767;59514581
1768;59548141
1769;59581700
1770;59615292
1771;59648883
1772;59682475
1773;59716066
1774;59749658
1775;59783281
1776;59816904
1777;59850528
1778;59884151
1779;59917774
1780;59951397
1781;59985021
1782;60018644
1783;60052267
1784;60085890
1785;60119514
1786;60153137
1787;60186760
1788;60220383
1789;60254007
1790;60287630
1791;60321253
1792;60354876
1793;60388500
1794;60422091
1795;60455683
1796;60489211
1797;60522739
1798;60556235
1799;60589731
1800;60623164
1801;60656597
1802;60690029
1803;60723462
1804;60756895
1805;60790328
1806;60823760
1807;60857193
1808;60890626
1809;60924059
1810;60957491
1811;60990924
1812;61024357
1813;61057790
1814;61091222
1815;61124655
1816;61158088
1817;61191521
1818;61224953
1819;61258386
1820;61291819
1821;61325252
1822;61358684
1823;61392117
1824;61425550
1825;61458983
1826;61492415
1827;61525848
1828;61559281
1829;61592714
1830;61626146
1831;61659611
1832;61693075
1833;61726603
1834;61760131
1835;61793691
1836;61827251
1837;61860842
1838;61894434
1839;61928057
1840;61961680
1841;61995304
1842;62028927
1843;62062550
1844;62096173
1845;62129797
1846;62163420
1847;62197043
1848;62230666
1849;62264290
1850;62297913
1851;62331536
1852;62365159
1853;62398783
1854;62432406
1855;62466029
1856;62499652
1857;62533276
1858;62566899
1859;62600522
1860;62634114
1861;62667705
1862;62701233
1863;62734761
1864;62768226
1865;62801690
1866;62835123
1867;62868556
1868;62901957
1869;62935358
1870;62968759
1871;63002160
1872;63035561
1873;63068962
1874;63102363
1875;63135764
1876;63169165
1877;63202566
1878;63235967
1879;63269368
1880;63302769
1881;63336170
1882;63369571
1883;63402972
1884;63436373
1885;63469774
1886;63503175
1887;63536576
1888;63569977
1889;63603409
1890;63636842
1891;63670307
1892;63703771
1893;63737299
1894;63770827
1895;63804387
1896;63837947
1897;63871506
1898;63905066
1899;63938626
1900;63972186
1901;64005745
1902;64039305
1903;64072865
1904;64106425
1905;64140016
1906;64173608
1907;64207199
1908;64240791
1909;64274382
1910;64307974
1911;64341565
1912;64375157
1913;64408748
1914;64442340
1915;64475931
1916;64509523
1917;64543114
1918;64576706
1919;64610297
1920;64643889
1921;64677480
1922;64711072
1923;64744663
1924;64778255
1925;64811846
1926;64845438
1927;64879029
1928;64912621
1929;64946212
1930;64979804
1931;65013395
1932;65046987
1933;65080578
1934;65114170
1935;65147761
1936;65181321
1937;65214881
1938;65248377
1939;65281873
1940;65315306
1941;65348739
1942;65382171
1943;65415604
1944;65449037
1945;65482470
1946;65515902
1947;65549335
1948;65582768
1949;65616201
1950;65649633
1951;65683066
1952;65716499
1953;65749932
1954;65783364
1955;65816797
1956;65850230
1957;65883663
1958;65917095
1959;65950528
1960;65983961
1961;66017394
1962;66050826
1963;66084259
1964;66117692
1965;66151125
1966;66184557
1967;66217990
1968;66251423
1969;66284856
1970;66318320
1971;66351785
1972;66385313
1973;66418841
1974;66452369
1975;66485928
1976;66519488
1977;66553080
1978;66586671
1979;66620294
1980;66653918
1981;66687541
1982;66721164
1983;66754787
1984;66788411
1985;66822034
1986;66855657
1987;66889280
1988;66922904
1989;66956527
1990;66990150
1991;67023773
1992;67057397
1993;67091020
1994;67124643
1995;67158266
1996;67191890
1997;67225513
1998;67259136
1999;67292759
2000;67326383
2001;67359974
2002;67393566
2003;67427094
2004;67460622
2005;67494118
2006;67527614
2007;67561110
2008;67594575
2009;67628039
2010;67661472
2011;67694905
2012;67728306
2013;67761707
2014;67795108
2015;67828509
2016;67861910
2017;67895311
2018;67928712
2019;67962113
2020;67995514
2021;68028915
2022;68062316
2023;68095717
2024;68129118
2025;68162519
2026;68195920
2027;68229321
2028;68262722
2029;68296123
2030;68329524
2031;68362925
2032;68396358
2033;68429790
2034;68463287
2035;68496783
2036;68530311
2037;68563839
2038;68597399
2039;68630958
2040;68664582
2041;68698205
2042;68731828
2043;68765451
2044;68799075
2045;68832698
2046;68866321
2047;68899944
2048;68933568
2049;68967191
2050;69000814
2051;69034437
2052;69068061
2053;69101684
2054;69135307
2055;69168930
2056;69202554
2057;69236177
2058;69269800
2059;69303423
2060;69337047
2061;69370670
2062;69404293
2063;69437885
2064;69471476
2065;69505004
2066;69538532
2067;69571997
2068;69605461
2069;69638926
2070;69672390
2071;69705855
2072;69739319
2073;69772784
2074;69806248
2075;69839713
2076;69873177
2077;69906642
2078;69940106
2079;69973571
2080;70007035
2081;70040500
2082;70073964
2083;70107429
2084;70140893
2085;70174358
2086;70207822
2087;70241287
2088;70274751
2089;70308216
2090;70341680
2091;70375145
2092;70408609
2093;70442074
2094;70475538
2095;70509003
2096;70542467
2097;70575932
2098;70609396
2099;70642861
2100;70676325
2101;70709790
2102;70743254
2103;70776719
2104;70810183
2105;70843648
2106;70877112
2107;70910577
2108;70944041
2109;70977506
2110;71010970
2111;71044435
2112;71077899
2113;71111364
2114;71144828
2115;71178293
2116;71211789
2117;71245285
2118;71278845
2119;71312405
2120;71345964
2121;71379524
2122;71413084
2123;71446644
2124;71480203
2125;71513763
2126;71547323
2127;71580883
2128;71614442
2129;71648002
2130;71681562
2131;71715122
2132;71748681
2133;71782241
2134;71815801
2135;71849361
2136;71882920
2137;71916480
2138;71950040
2139;71983600
2140;72017159
2141;72050719
2142;72084279
2143;72117839
2144;72151398
2145;72184958
2146;72218518
2147;72252078
2148;72285637
2149;72319197
2150;72352757
2151;72386317
2152;72419876
2153;72453436
2154;72486996
2155;72520556
2156;72554115
2157;72587675
2158;72621235
2159;72654795
2160;72688354
2161;72721914
2162;72755474
2163;72789034
2164;72822593
2165;72856153
2166;72889713
2167;72923273
2168;72956832
2169;72990392
2170;73023952
2171;73057480
2172;73091008
2173;73124504
2174;73158000
2175;73191433
2176;73224866
2177;73258299
2178;73291731
2179;73325164
2180;73358597
2181;73392030
2182;73425462
2183;73458895
2184;73492328
2185;73525761
2186;73559193
2187;73592626
2188;73626059
2189;73659492
2190;73692924
2191;73726357
2192;73759790
2193;73793223
2194;73826655
2195;73860088
2196;73893521
2197;73926954
2198;73960386
2199;73993819
2200;74027252
2201;74060685
2202;74094117
2203;74127550
2204;74161015
2205;74194479
2206;74228007
2207;74261535
2208;74295095
2209;74328655
2210;74362214
2211;74395774
2212;74429366
2213;74462957
2214;74496549
2215;74530140
2216;74563732
2217;74597323
2218;74630915
2219;74664506
2220;74698098
2221;74731689
2222;74765281
2223;74798872
2224;74832464
2225;74866055
2226;74899647
2227;74933238
2228;74966830
2229;75000421
2230;75034013
2231;75067604
2232;75101196
2233;75134787
2234;75168379
2235;75201970
2236;75235562
2237;75269153
2238;75302745
2239;75336336
2240;75369928
2241;75403519
2242;75437079
2243;75470639
2244;75504167
2245;75537695
2246;75571159
2247;75604624
2248;75638056
2249;75671489
2250;75704922
2251;75738355
2252;75771787
2253;75805220
2254;75838653
2255;75872086
2256;75905518
2257;75938951
2258;75972384
2259;76005817
2260;76039249
2261;76072682
2262;76106115
2263;76139548
2264;76172980
2265;76206413
2266;76239846
2267;76273279
2268;76306711
2269;76340144
2270;76373577
2271;76407010
2272;76440442
2273;76473875
2274;76507308
2275;76540741
2276;76574205
2277;76607670
2278;76641198
2279;76674726
2280;76708285
2281;76741845
2282;76775437
2283;76809028
2284;76842620
2285;76876211
2286;76909834
2287;76943458
2288;76977113
2289;77010768
2290;77044423
2291;77078078
2292;77111733
2293;77145388
2294;77179043
2295;77212698
2296;77246353
2297;77280008
2298;77313663
2299;77347318
2300;77380973
2301;77414628
2302;77448283
2303;77481906
2304;77515529
2305;77549089
2306;77582649
2307;77616145
2308;77649641
2309;77683106
2310;77716570
2311;77750003
2312;77783436
2313;77816868
2314;77850301
2315;77883734
2316;77917167
2317;77950599
2318;77984032
2319;78017465
2320;78050898
2321;78084330
2322;78117763
2323;78151196
2324;78184629
2325;78218061
2326;78251494
2327;78284927
2328;78318360
2329;78351792
2330;78385225
2331;78418658
2332;78452091
2333;78485523
2334;78518956
2335;78552389
2336;78585822
2337;78619254
2338;78652687
2339;78686120
2340;78719553
2341;78752985
2342;78786418
2343;78819851
2344;78853315
2345;78886780
2346;78920308
2347;78953836
2348;78987396
2349;79020955
2350;79155321
2351;79188913
2352;79222504
2353;79256096
2354;79289687
2355;79323279
2356;79356870
2357;79390462
2358;79424053
2359;79457645
2360;79491236
2361;79524828
2362;79558419
2363;79592011
2364;79625602
2365;79659194
2366;79692785
2367;79726377
2368;79759968
2369;79793560
2370;79827151
2371;79860743
2372;79894334
2373;79927926
2374;79961517
2375;79995109
2376;80028700
2377;80062292
2378;80095883
2379;80129443
2380;80163003
2381;80196499
2382;80229995
2383;80263460
2384;80296924
2385;80330389
2386;80363853
2387;80397318
2388;80430751
2389;80464183
2390;80497616
2391;80531049
2392;80564482
2393;80597914
2394;80631347
2395;80664780
2396;80698213
2397;80731645
2398;80765078
2399;80798511
2400;80831944
2401;80865376
2402;80898809
2403;80932242
2404;80965675
2405;80999107
2406;81032540
2407;81065973
2408;81099406
2409;81132838
2410;81166271
2411;81199704
2412;81233137
2413;81266569
2414;81300034
2415;81333498
2416;81367026
2417;81400554
2418;81434114
2419;81467674
2420;81501265
2421;81534857
2422;81568480
2423;81602103
2424;81635727
2425;81669350
2426;81702973
2427;81736596
2428;81770220
2429;81803843
2430;81837466
2431;81871089
2432;81904713
2433;81938336
2434;81971959
2435;82005582
2436;82039206
2437;82072829
2438;82106452
2439;82140075
2440;82173699
2441;82207322
2442;82240945
2443;82274537
2444;82308128
2445;82341656
2446;82375184
2447;82408680
2448;82442177
2449;82475641
2450;82509106
2451;82542570
2452;82576035
2453;82609499
2454;82642964
2455;82676428
2456;82709893
2457;82743357
2458;82776822
2459;82810286
2460;82843751
2461;82877215
2462;82910680
2463;82944144
2464;82977609
2465;83011073
2466;83044538
2467;83078002
2468;83111467
2469;83144931
2470;83178396
2471;83211860
2472;83245325
2473;83278789
2474;83312254
2475;83345718
2476;83379183
2477;83412647
2478;83446112
2479;83479576
2480;83513041
2481;83546505
2482;83579970
2483;83613434
2484;83646899
2485;83680363
2486;83713828
2487;83747292
2488;83780757
2489;83814221
2490;83847686
2491;83881150
2492;83914615
2493;83948079
2494;83981544
2495;84015008
2496;84048473
2497;84081969
2498;84115465
2499;84148993
2500;84182521
2501;84216081
2502;84249641
2503;84283200
2504;84316760
2505;84350320
2506;84383911
2507;84417503
2508;84451094
2509;84484686
2510;84518277
2511;84551869
2512;84585460
2513;84619052
2514;84652643
2515;84686235
2516;84719826
2517;84753418
2518;84787009
2519;84820601
2520;84854192
2521;84887784
2522;84921375
2523;84954967
2524;84988558
2525;85022150
2526;85055741
2527;85089333
2528;85122924
2529;85156516
2530;85190107
2531;85223699
2532;85257290
2533;85290882
2534;85324442
2535;85358001
2536;85391498
2537;85424994
2538;85458458
2539;85491923
2540;85525356
2541;85558788
2542;85592221
2543;85625654
2544;85659087
2545;85692519
2546;85725952
2547;85759385
2548;85792818
2549;85826250
2550;85859683
2551;85893116
2552;85926549
2553;85959981
2554;85993414
2555;86026847
2556;86060280
2557;86093712
2558;86127145
2559;86160578
2560;86194011
2561;86227443
2562;86260876
2563;86294309
2564;86327742
2565;86361174
2566;86394607
2567;86428040
2568;86461473
2569;86494937
2570;86528402
2571;86561930
2572;86595458
2573;86629017
2574;86662577
2575;86696137
2576;86729728
2577;86763320
2578;86796943
2579;86830566
2580;86864190
2581;86897813
2582;86931436
2583;86965059
2584;86998683
2585;87032306
2586;87065929
2587;87099552
2588;87133176
2589;87166799
2590;87200422
2591;87234045
2592;87267669
2593;87301292
2594;87334915
2595;87368538
2596;87402162
2597;87435785
2598;87469408
2599;87503000
2600;87536591
2601;87570119
2602;87603647
2603;87637143
2604;87670640
2605;87704104
2606;87737569
2607;87771033
2608;87804498
2609;87837962
2610;87871427
2611;87904891
2612;87938356
2613;87971820
2614;88005285
2615;88038749
2616;88072214
2617;88105678
2618;88139143
2619;88172607
2620;88206072
2621;88239536
2622;88273001
2623;88306465
2624;88339930
2625;88373394
2626;88406859
2627;88440323
2628;88473788
2629;88507252
2630;88540717
2631;88574181
2632;88607646
2633;88641110
2634;88674575
2635;88708039
2636;88741504
2637;88774968
2638;88808433
2639;88841897
2640;88875362
2641;88908826
2642;88942291
2643;88975755
2644;89009220
2645;89042684
2646;89076149
2647;89109613
2648;89143078
2649;89176542
2650;89210007
2651;89243471
2652;89276967
2653;89310464
2654;89343992
2655;89377520
2656;89411079
2657;89444639
2658;89478231
2659;89511822
2660;89545445
2661;89579069
2662;89612692
2663;89646315
2664;89679938
2665;89713562
2666;89747185
2667;89780808
2668;89814431
2669;89848055
2670;89881678
2671;89915301
2672;89948924
2673;89982548
2674;90016171
2675;90049794
2676;90083417
2677;90117041
2678;90150664
2679;90184255
2680;90217847
2681;90251375
2682;90284903
2683;90318399
2684;90351895
2685;90385328
2686;90418761
2687;90452194
2688;90485626
2689;90519059
2690;90552492
2691;90585925
2692;90619357
2693;90652790
2694;90686223
2695;90719656
2696;90753088
2697;90786521
2698;90819954
2699;90853387
2700;90886819
2701;90920252
2702;90953685
2703;90987118
2704;91020550
2705;91053983
2706;91087416
2707;91120849
2708;91154281
2709;91187714
2710;91221147
2711;91254580
2712;91288012
2713;91321445
2714;91354878
2715;91388342
2716;91421807
2717;91455335
2718;91488863
2719;91522423
2720;91555982
2721;91589574
2722;91623165
2723;91656789
2724;91690412
2725;91724035
2726;91757658
2727;91791282
2728;91824905
2729;91858528
2730;91892151
2731;91925775
2732;91959398
2733;91993021
2734;92026644
2735;92060268
2736;92093891
2737;92127514
2738;92161137
2739;92194761
2740;92228384
2741;92262007
2742;92295630
2743;92329254
2744;92362845
2745;92396437
2746;92429965
2747;92463493
2748;92496989
2749;92530485
2750;92563950
2751;92597414
2752;92630847
2753;92664280
2754;92697712
2755;92731145
2756;92764578
2757;92798011
2758;92831443
2759;92864876
2760;92898309
2761;92931742
2762;92965174
2763;92998607
2764;93032040
2765;93065473
2766;93098905
2767;93132338
2768;93165771
2769;93199204
2770;93232636
2771;93266069
2772;93299502
2773;93332935
2774;93366367
2775;93399800
2776;93433233
2777;93466666
2778;93500098
2779;93533531
2780;93566964
2781;93600428
2782;93633893
2783;93667421
2784;93700949
2785;93734509
2786;93768068
2787;93801628
2788;93835188
2789;93868748
2790;93902307
2791;93935899
2792;93969490
2793;94003082
2794;94036673
2795;94070265
2796;94103856
2797;94137448
2798;94171039
2799;94204631
2800;94238222
2801;94271814
2802;94305405
2803;94338997
2804;94372588
2805;94406180
2806;94439771
2807;94473363
2808;94506954
2809;94540546
2810;94574137
2811;94607729
2812;94641320
2813;94674912
2814;94708503
2815;94742095
2816;94775686
2817;94809278
2818;94842869
2819;94876461
2820;94910021
2821;94943580
2822;94977077
2823;95010573
2824;95044037
2825;95077502
2826;95110935
2827;95144367
2828;95177768
2829;95211169
2830;95244570
2831;95277971
2832;95311372
2833;95344773
2834;95378174
2835;95411575
2836;95444976
2837;95478377
2838;95511778
2839;95545179
2840;95578580
2841;95611981
2842;95645382
2843;95678783
2844;95712184
2845;95745585
2846;95778986
2847;95812387
2848;95845820
2849;95879253
2850;95912749
2851;95946245
2852;95979805
2853;96013365
2854;96046925
2855;96080484
2856;96114076
2857;96147667
2858;96181259
2859;96214850
2860;96248442
2861;96282033
2862;96315625
2863;96349216
2864;96382808
2865;96416399
2866;96449991
2867;96483582
2868;96517174
2869;96550765
2870;96584357
2871;96617948
2872;96651540
2873;96685131
2874;96718723
2875;96752314
2876;96785906
2877;96819497
2878;96853089
2879;96886680
2880;96920272
2881;96953863
2882;96987455
2883;97021046
2884;97054638
2885;97088229
2886;97121821
2887;97155412
2888;97189004
2889;97222595
2890;97256155
2891;97289715
2892;97323211
2893;97356707
2894;97390172
2895;97423636
2896;97457101
2897;97490534
2898;97523966
2899;97557399
2900;97590832
2901;97624265
2902;97657697
2903;97691130
2904;97724563
2905;97757996
2906;97791428
2907;97824861
2908;97858294
2909;97891727
2910;97925159
2911;97958592
2912;97992025
2913;98025458
2914;98058890
2915;98092323
2916;98125756
2917;98159189
2918;98192621
2919;98226054
2920;98259487
2921;98292920
2922;98326352
2923;98359785
2924;98393218
2925;98426682
2926;98460147
2927;98493675
2928;98527203
2929;98560763
2930;98594322
2931;98627914
2932;98661505
2933;98695097
2934;98728688
2935;98762280
2936;98795871
2937;98829463
2938;98863054
2939;98896646
2940;98930237
2941;98963829
2942;98997420
2943;99031012
2944;99064603
2945;99098195
2946;99131786
2947;99165378
2948;99198969
2949;99232561
2950;99266152
2951;99299744
2952;99333335
2953;99366927
2954;99400518
2955;99434110
2956;99467701
2957;99501293
2958;99534884
2959;99568476
2960;99602067
2961;99635659
2962;99669250
2963;99702810
2964;99736370
2965;99769898
2966;99803426
2967;99836890
2968;99870355
2969;99903819
2970;99937284
2971;99970748
2972;100004181
2973;100037614
2974;100071047
2975;100104479
2976;100137912
2977;100171345
2978;100204778
2979;100238210
2980;100271643
2981;100305076
2982;100338509
2983;100371941
2984;100405374
2985;100438807
2986;100472240
2987;100505672
2988;100539105
2989;100572538
2990;100605971
2991;100639403
2992;100672836
2993;100706269
2994;100739702
2995;100773134
2996;100806567
2997;100840000
2998;100873433
2999;100906865
3000;100940330
3001;100973794
3002;101007322
3003;101040850
3004;101074410
3005;101107970
3006;101141561
3007;101175153
3008;101208744
3009;101242336
3010;101275927
3011;101309519
3012;101343110
3013;101376702
3014;101410293
3015;101443885
3016;101477476
3017;101511068
3018;101544659
3019;101578251
3020;101611842
3021;101645434
3022;101679025
3023;101712617
3024;101746208
3025;101779800
3026;101813391
3027;101846983
3028;101880574
3029;101914166
3030;101947757
3031;101981349
3032;102014940
3033;102048532
3034;102082123
3035;102115715
3036;102149306
3037;102182898
3038;102216458
3039;102250017
3040;102283545
3041;102317073
3042;102350570
3043;102384066
3044;102417530
3045;102450995
3046;102484428
3047;102517860
3048;102551293
3049;102584726
3050;102618159
3051;102651591
3052;102685024
3053;102718457
3054;102751890
3055;102785322
3056;102818755
3057;102852188
3058;102885621
3059;102919053
3060;102952486
3061;102985919
3062;103019352
3063;103052784
3064;103086217
3065;103119650
3066;103153083
3067;103186515
3068;103219948
3069;103253381
3070;103286814
3071;103320246
3072;103353679
3073;103387112
3074;103420576
3075;103454041
3076;103487537
3077;103521033
3078;103554561
3079;103588089
3080;103621649
3081;103655209
3082;103688800
3083;103722392
3084;103755983
3085;103789575
3086;103823166
3087;103856758
3088;103890349
3089;103923941
3090;103957532
3091;103991124
3092;104024715
3093;104058307
3094;104091898
3095;104125490
3096;104159081
3097;104192673
3098;104226264
3099;104259856
3100;104293447
3101;104327039
3102;104360630
3103;104394222
3104;104427813
3105;104461405
3106;104494996
3107;104528588
3108;104562179
3109;104595771
3110;104629362
3111;104662954
3112;104696545
3113;104730137
3114;104763697
3115;104797256
3116;104830753
3117;104864249
3118;104897745
3119;104931241
3120;104964738
3121;104998202
3122;105031667
3123;105065099
3124;105098532
3125;105131965
3126;105165398
3127;105198830
3128;105232263
3129;105265696
3130;105299129
3131;105332561
3132;105365994
3133;105399427
3134;105432860
3135;105466292
3136;105499725
3137;105533158
3138;105566591
3139;105600023
3140;105633456
3141;105666889
3142;105700322
3143;105733754
3144;105767187
3145;105800620
3146;105834053
3147;105867485
3148;105900918
3149;105934351
3150;105967784
3151;106001248
3152;106034713
3153;106068241
3154;106101769
3155;106135328
3156;106168888
3157;106202448
3158;106236008
3159;106269567
3160;106303159
3161;106336750
3162;106370374
3163;106403997
3164;106437620
3165;106471243
3166;106504867
3167;106538490
3168;106572113
3169;106605736
3170;106639360
3171;106672983
3172;106706606
3173;106740229
3174;106773853
3175;106807476
3176;106841099
3177;106874722
3178;106908346
3179;106941969
3180;106975592
3181;107009215
3182;107042807
3183;107076398
3184;107109926
3185;107143454
3186;107176951
3187;107210447
3188;107243911
3189;107277376
3190;107310840
3191;107344305
3192;107377738
3193;107411170
3194;107444571
3195;107477972
3196;107511373
3197;107544774
3198;107578175
3199;107611576
3200;107644977
3201;107678378
3202;107711779
3203;107745180
3204;107778581
3205;107811982
3206;107845383
3207;107878784
3208;107912185
3209;107945586
3210;107978987
3211;108012388
3212;108045789
3213;108079190
3214;108112623
3215;108146056
3216;108179552
3217;108213048
3218;108246608
3219;108280168
3220;108313759
3221;108347351
3222;108380942
3223;108414534
3224;108448125
3225;108481717
3226;108515308
3227;108548900
3228;108582491
3229;108616083
3230;108649674
3231;108683266
3232;108716857
3233;108750449
3234;108784040
3235;108817632
3236;108851223
3237;108884815
3238;108918406
3239;108951998
3240;108985589
3241;109019181
3242;109052772
3243;109086364
3244;109119955
3245;109153547
3246;109187138
3247;109220730
3248;109254321
3249;109287913
3250;109321504
3251;109355096
3252;109388687
3253;109422279
3254;109455870
3255;109489462
3256;109523022
3257;109556581
3258;109590109
3259;109623637
3260;109657134
3261;109690630
3262;109724094
3263;109757559
3264;109791023
3265;109824488
3266;109857952
3267;109891417
3268;109924881
3269;109958346
3270;109991810
3271;110025275
3272;110058739
3273;110092204
3274;110125668
3275;110159133
3276;110192597
3277;110226062
3278;110259526
3279;110292991
3280;110326455
3281;110359920
3282;110393384
3283;110426849
3284;110460313
3285;110493778
3286;110527242
3287;110560707
3288;110594171
3289;110627636
3290;110661100
3291;110694565
3292;110728029
3293;110761494
3294;110794958
3295;110828423
3296;110861887
3297;110895352
3298;110928816
3299;110962281
3300;110995745
3301;111029210
3302;111062674
3303;111096139
3304;111129603
3305;111163068
3306;111196532
3307;111229997
3308;111263461
3309;111296926
3310;111330422
3311;111363918
3312;111397446
3313;111430974
3314;111464566
3315;111498157
3316;111531749
3317;111565340
3318;111598932
3319;111632555
3320;111666178
3321;111699802
3322;111733425
3323;111767048
3324;111800671
3325;111834295
3326;111867918
3327;111901541
3328;111935164
3329;111968788
3330;112002411
3331;112036034
3332;112069657
3333;112103281
3334;112136904
3335;112170527
3336;112204150
3337;112237774
3338;112271365
3339;112304957
3340;112338485
3341;112372013
3342;112405509
3343;112439005
3344;112472470
3345;112505934
3346;112539399
3347;112572863
3348;112606328
3349;112639792
3350;112673257
3351;112706721
3352;112740186
3353;112773650
3354;112807115
3355;112840579
3356;112874044
3357;112907508
3358;112940973
3359;112974437
3360;113007902
3361;113041366
3362;113074831
3363;113108295
3364;113141760
3365;113175224
3366;113208689
3367;113242153
3368;113275618
3369;113309082
3370;113342547
3371;113376011
3372;113409476
3373;113442940
3374;113476405
3375;113509869
3376;113543334
3377;113576798
3378;113610263
3379;113643727
3380;113677192
3381;113710656
3382;113744121
3383;113777585
3384;113811050
3385;113844514
3386;113877979
3387;113911443
3388;113944908
3389;113978372
3390;114011837
3391;114045301
3392;114078797
3393;114112294
3394;114145853
3395;114179413
3396;114212973
3397;114246533
3398;114280124
3399;114313716
3400;114347307
3401;114380899
3402;114414490
3403;114448082
3404;114481673
3405;114515265
3406;114548856
3407;114582448
3408;114616039
3409;114649631
3410;114683222
3411;114716814
3412;114750405
3413;114783997
3414;114817588
3415;114851180
3416;114884771
3417;114918363
3418;114951954
3419;114985546
3420;115019137
3421;115052729
3422;115086320
3423;115119912
3424;115153503
3425;115187095
3426;115220654
3427;115254214
3428;115287710
3429;115321207
3430;115354671
3431;115388136
3432;115421600
3433;115455065
3434;115488497
3435;115521930
3436;115555363
3437;115588796
3438;115622228
3439;115655661
3440;115689094
3441;115722527
3442;115755959
3443;115789392
3444;115822825
3445;115856258
3446;115889690
3447;115923123
3448;115956556
3449;115989989
3450;116023421
3451;116056854
3452;116090287
3453;116123720
3454;116157152
3455;116290883
3456;116324316
3457;116357749
3458;116391213
3459;116424678
3460;116458206
3461;116491734
3462;116525294
3463;116558853
3464;116592445
3465;116626036
3466;116659660
3467;116693283
3468;116726906
3469;116760561
3470;116794216
3471;116827871
1;0
