1;0
2;33369
3;66738
4;100107
5;133477
6;166846
7;200215
8;233584
9;266954
10;300323
11;333692
12;367061
13;400431
14;433800
15;467169
16;500538
17;533908
18;567277
19;600646
20;634015
21;667385
22;700754
23;734123
24;767492
25;800862
26;834231
27;867600
28;900969
29;934339
30;967708
31;1001077
32;1034446
33;1067816
34;1101185
35;1134554
36;1167923
37;1201293
38;1234662
39;1268031
40;1301432
41;1334833
42;1368298
43;1401762
44;1435290
45;1468818
46;1502981
47;1537144
48;1571307
49;1605470
50;1639633
51;1673796
52;1707959
53;1742122
54;1776285
55;1810448
56;1844611
57;1878774
58;1912937
59;1947100
60;1981263
61;2015426
62;2049589
63;2083752
64;2117915
65;2152078
66;2186241
67;2220404
68;2254567
69;2288730
70;2322893
71;2357056
72;2391219
73;2425382
74;2459545
75;2493708
76;2527871
77;2562034
78;2596197
79;2630360
80;2664523
81;2698686
82;2732849
83;2767012
84;2801175
85;2835338
86;2868866
87;2902394
88;2935922
89;2969450
90;3002978
91;3036506
92;3070034
93;3103562
94;3137090
95;3170618
96;3204146
97;3237674
98;3271202
99;3304730
100;3338258
101;3371786
102;3405314
103;3438842
104;3472370
105;3505898
106;3539426
107;3572954
108;3606482
109;3640010
110;3673538
111;3707066
112;3740594
113;3774122
114;3807650
115;3841178
116;3874706
117;3908234
118;3941762
119;3975290
120;4008818
121;4042346
122;4075874
123;4109402
124;4142930
125;4176458
126;4209986
127;4243514
128;4277042
129;4310570
130;4344098
131;4377626
132;4411154
133;4444682
134;4478210
135;4511738
136;4545266
137;4578794
138;4612322
139;4645850
140;4679378
141;4712906
142;4746434
143;4779962
144;4813490
145;4847018
146;4880546
147;4914074
148;4947602
149;4981130
150;5014658
151;5048186
152;5081714
153;5115242
154;5148770
155;5182298
156;5215826
157;5249354
158;5282882
159;5316410
160;5349938
161;5383466
162;5416994
163;5450522
164;5484050
165;5517578
166;5551106
167;5584634
168;5618162
169;5651690
170;5685218
171;5718746
172;5752274
173;5785802
174;5819330
175;5852858
176;5886386
177;5919914
178;5953442
179;5986970
180;6020498
181;6054026
182;6087554
183;6121082
184;6154610
185;6188138
186;6221666
187;6255194
188;6288722
189;6322250
190;6355778
191;6389306
192;6422834
193;6456362
194;6489890
195;6523418
196;6556946
197;6590474
198;6624002
199;6657530
200;6691058
201;6724586
202;6758114
203;6791642
204;6825170
205;6858698
206;6892226
207;6925754
208;6959282
209;6992810
210;7026338
211;7059866
212;7093394
213;7126922
214;7160450
215;7193946
216;7227443
217;7260907
218;7294372
219;7327836
220;7361301
221;7394765
222;7428230
223;7461694
224;7495159
225;7528623
226;7562088
227;7595552
228;7629017
229;7662481
230;7695946
231;7729410
232;7762875
233;7796339
234;7829804
235;7863268
236;7896733
237;7930197
238;7963662
239;7997126
240;8030591
241;8064055
242;8097520
243;8130984
244;8164449
245;8197913
246;8231378
247;8264842
248;8298307
249;8331771
250;8365236
251;8398700
252;8432165
253;8465629
254;8499094
255;8532558
256;8566023
257;8599487
258;8632952
259;8666416
260;8699912
261;8733409
262;8766968
263;8800528
264;8834120
265;8867711
266;8901303
267;8934894
268;8968517
269;9002141
270;9035764
271;9069387
272;9103010
273;9136634
274;9170257
275;9203880
276;9237503
277;9271127
278;9304750
279;9338373
280;9371996
281;9405620
282;9439243
283;9472866
284;9506489
285;9540113
286;9573736
287;9607327
288;9640919
289;9674447
290;9707975
291;9741471
292;9774967
293;9808432
294;9841896
295;9875361
296;9908825
297;9942290
298;9975754
299;10009219
300;10042683
301;10076148
302;10109612
303;10143077
304;10176541
305;10210006
306;10243470
307;10276935
308;10310399
309;10343864
310;10377328
311;10410793
312;10444257
313;10477722
314;10511186
315;10544651
316;10578115
317;10611580
318;10645044
319;10678509
320;10711973
321;10745438
322;10778902
323;10812367
324;10845831
325;10879296
326;10912760
327;10946225
328;10979689
329;11013154
330;11046618
331;11080083
332;11113547
333;11147012
334;11180476
335;11213941
336;11247405
337;11280870
338;11314334
339;11347799
340;11381263
341;11414728
342;11448224
343;11481720
344;11515248
345;11548776
346;11582336
347;11615896
348;11649487
349;11683079
350;11716702
351;11750325
352;11783949
353;11817572
354;11851195
355;11884818
356;11918442
357;11952065
358;11985688
359;12019311
360;12052935
361;12086558
362;12120181
363;12153804
364;12187428
365;12221051
366;12254674
367;12288297
368;12321921
369;12355544
370;12389135
371;12422727
372;12456255
373;12489783
374;12523247
375;12556712
376;12590176
377;12623641
378;12657105
379;12690570
380;12724034
381;12757499
382;12790963
383;12824428
384;12857892
385;12891357
386;12924821
387;12958286
388;12991750
389;13025215
390;13058679
391;13092144
392;13125608
393;13159073
394;13192537
395;13226002
396;13259466
397;13292931
398;13326395
399;13359860
400;13393324
401;13426789
402;13460253
403;13493718
404;13527182
405;13560647
406;13594111
407;13627576
408;13661040
409;13694505
410;13727969
411;13761434
412;13794898
413;13828363
414;13861827
415;13895292
416;13928756
417;13962221
418;13995685
419;14029150
420;14062614
421;14096079
422;14129543
423;14163008
424;14196504
425;14230000
426;14263560
427;14297120
428;14330711
429;14364303
430;14397894
431;14431486
432;14465077
433;14498669
434;14532260
435;14565852
436;14599443
437;14633035
438;14666626
439;14700218
440;14733809
441;14767401
442;14800992
443;14834584
444;14868175
445;14901767
446;14935358
447;14968950
448;15002541
449;15036133
450;15069724
451;15103316
452;15136907
453;15170499
454;15204090
455;15237682
456;15271273
457;15304865
458;15338456
459;15372016
460;15405576
461;15439072
462;15472568
463;15506033
464;15539497
465;15572930
466;15606363
467;15639796
468;15673228
469;15706661
470;15740094
471;15773527
472;15806959
473;15840392
474;15873825
475;15907258
476;15940690
477;15974123
478;16007556
479;16040989
480;16074421
481;16107854
482;16141287
483;16174720
484;16208152
485;16241585
486;16275018
487;16308451
488;16341883
489;16375316
490;16408749
491;16442182
492;16475614
493;16509079
494;16542543
495;16576071
496;16609599
497;16643127
498;16676687
499;16710247
500;16743807
501;16777366
502;16810926
503;16844486
504;16878077
505;16911669
506;16945292
507;16978915
508;17012539
509;17046162
510;17079785
511;17113408
512;17147032
513;17180655
514;17214278
515;17247901
516;17281525
517;17315148
518;17348771
519;17382394
520;17416018
521;17449641
522;17483264
523;17516887
524;17550511
525;17584134
526;17617725
527;17651317
528;17684845
529;17718373
530;17751837
531;17785302
532;17818735
533;17852167
534;17885600
535;17919033
536;17952466
537;17985898
538;18019331
539;18052764
540;18086197
541;18119629
542;18153062
543;18186495
544;18219928
545;18253360
546;18286793
547;18320226
548;18353659
549;18387091
550;18420524
551;18453957
552;18487390
553;18520822
554;18554255
555;18587688
556;18621121
557;18654553
558;18687986
559;18721419
560;18754852
561;18788284
562;19392519
563;19426142
564;19459765
565;19493388
566;19527012
567;19560635
568;19594258
569;19627881
570;19661505
571;19695128
572;19728751
573;19762374
574;19795998
575;19829621
576;19863212
577;19896804
578;19930332
579;19963860
580;19997324
581;20030789
582;20064253
583;20097686
584;20131119
585;20164552
586;20197984
587;20231417
588;20264850
589;20298283
590;20331715
591;20365148
592;20398581
593;20432014
594;20465446
595;20498879
596;20532312
597;20565745
598;20599177
599;20632610
600;20666043
601;20699476
602;20732908
603;20766341
604;20799774
605;20833207
606;20866639
607;20900072
608;20933505
609;20966938
610;21000370
611;21033803
612;21067236
613;21100700
614;21134165
615;21167661
616;21201157
617;21234717
618;21268277
619;21301837
620;21335396
621;21368988
622;21402579
623;21436171
624;21469762
625;21503354
626;21536945
627;21570537
628;21604128
629;21637720
630;21671311
631;21704903
632;21738494
633;21772086
634;21805677
635;21839269
636;21872860
637;21906452
638;21940043
639;21973635
640;22007226
641;22040818
642;22074409
643;22108001
644;22141592
645;22175184
646;22208775
647;22242367
648;22275958
649;22309550
650;22343141
651;22376733
652;22410293
653;22443852
654;22477380
655;22510908
656;22544405
657;22577901
658;22611365
659;22644830
660;22678294
661;22711727
662;22745160
663;22778593
664;22812025
665;22845458
666;22878891
667;22912324
668;22945756
669;22979189
670;23012622
671;23046055
672;23079487
673;23112920
674;23146353
675;23179786
676;23213218
677;23246651
678;23280084
679;23313517
680;23346949
681;23380382
682;23413815
683;23447248
684;23480680
685;23514113
686;23547546
687;23580979
688;23614443
689;23647908
690;23681404
691;23714900
692;23748460
693;23782020
694;23815611
695;23849203
696;23882794
697;23916386
698;23949977
699;23983569
700;24017160
701;24050752
702;24084343
703;24117935
704;24151526
705;24185118
706;24218709
707;24252301
708;24285892
709;24319484
710;24353075
711;24386667
712;24420258
713;24453850
714;24487441
715;24521033
716;24554624
717;24588216
718;24621807
719;24655399
720;24688990
721;24722582
722;24756173
723;24789765
724;24823356
725;24856948
726;24890507
727;24924067
728;24957563
729;24991060
730;25024524
731;25057989
732;25091421
733;25124854
734;25158287
735;25191720
736;25225152
737;25258585
738;25292018
739;25325451
740;25358883
741;25392316
742;25425749
743;25459182
744;25492614
745;25526047
746;25559480
747;25592913
748;25626345
749;25659778
750;25693211
751;25726644
752;25760076
753;25793509
754;25826942
755;25860375
756;25893807
757;25927240
758;25960673
759;25994106
760;26027538
761;26061003
762;26094467
763;26127995
764;26161523
765;26195083
766;26228643
767;26262234
768;26295826
769;26329417
770;26363009
771;26396600
772;26430192
773;26463783
774;26497375
775;26530966
776;26564558
777;26598149
778;26631741
779;26665332
780;26698924
781;26732515
782;26766107
783;26799698
784;26833290
785;26866881
786;26900473
787;26934064
788;26967656
789;27001247
790;27034839
791;27068430
792;27102022
793;27135613
794;27169205
795;27202796
796;27236388
797;27269979
798;27303571
799;27337162
800;27370722
801;27404282
802;27437778
803;27471274
804;27504739
805;27538203
806;27571668
807;27605132
808;27638597
809;27672061
810;27705526
811;27738990
812;27772455
813;27805919
814;27839384
815;27872848
816;27906313
817;27939777
818;27973242
819;28006706
820;28040171
821;28073635
822;28107100
823;28140564
824;28174029
825;28207493
826;28240958
827;28274422
828;28307887
829;28341351
830;28374816
831;28408280
832;28441745
833;28475209
834;28508674
835;28542138
836;28575603
837;28609067
838;28642532
839;28675996
840;28709461
841;28742925
842;28776390
843;28809854
844;28843319
845;28876783
846;28910248
847;28943712
848;28977177
849;29010641
850;29044106
851;29077602
852;29111098
853;29144658
854;29178218
855;29211809
856;29245401
857;29279024
858;29312647
859;29346271
860;29379894
861;29413517
862;29447140
863;29480764
864;29514387
865;29548010
866;29581633
867;29615257
868;29648880
869;29682503
870;29716126
871;29749750
872;29783373
873;29816996
874;29850619
875;29884243
876;29917866
877;29951489
878;29985081
879;30018672
880;30052200
881;30085728
882;30119224
883;30152721
884;30186153
885;30219586
886;30252987
887;30286388
888;30319789
889;30353190
890;30386591
891;30419992
892;30453393
893;30486794
894;30520195
895;30553596
896;30586997
897;30620398
898;30653799
899;30687200
900;30720601
901;30754002
902;30787403
903;30820804
904;30854205
905;30887606
906;30921007
907;30954408
908;30987841
909;31021274
910;31054770
911;31088266
912;31121826
913;31155386
914;31188977
915;31222569
916;31256160
917;31289752
918;31323343
919;31356966
920;31390590
921;31424213
922;31457836
923;31491459
924;31525083
925;31558706
926;31592329
927;31625952
928;31659576
929;31693199
930;31726822
931;31760445
932;31794069
933;31827692
934;31861315
935;31894938
936;31928562
937;31962185
938;31995808
939;32029431
940;32063023
941;32096614
942;32130142
943;32163670
944;32197167
945;32230663
946;32264159
947;32297624
948;32331088
949;32364553
950;32398017
951;32431482
952;32464946
953;32498411
954;32531875
955;32565340
956;32598804
957;32632269
958;32665733
959;32699198
960;32732662
961;32766127
962;32799591
963;32833056
964;32866520
965;32899985
966;32933449
967;32966914
968;33000378
969;33033843
970;33067307
971;33100772
972;33134236
973;33167701
974;33201165
975;33234630
976;33268094
977;33301559
978;33335023
979;33368488
980;33401952
981;33435417
982;33468881
983;33502346
984;33535810
985;33569275
986;33602739
987;33636204
988;33669668
989;33703133
990;33736597
991;33770062
992;33803526
993;33836991
994;33870455
995;33903920
996;33937416
997;33970912
998;34004472
999;34038032
1000;34071623
1001;34105215
1002;34138838
1003;34172461
1004;34206084
1005;34239708
1006;34273331
1007;34306954
1008;34340577
1009;34374201
1010;34407824
1011;34441447
1012;34475070
1013;34508694
1014;34542317
1015;34575940
1016;34609563
1017;34643187
1018;34676810
1019;34710433
1020;34744056
1021;34777680
1022;34811271
1023;34844863
1024;34878391
1025;34911919
1026;34945415
1027;34978911
1028;35012376
1029;35045840
1030;35079305
1031;35112769
1032;35146202
1033;35179635
1034;35213067
1035;35246500
1036;35279933
1037;35313366
1038;35346798
1039;35380231
1040;35413664
1041;35447097
1042;35480529
1043;35513962
1044;35547395
1045;35580828
1046;35614260
1047;35647693
1048;35681126
1049;35714559
1050;35747991
1051;35781424
1052;35814857
1053;35848290
1054;35881722
1055;35915155
1056;35948588
1057;35982021
1058;36015453
1059;36048886
1060;36082351
1061;36115815
1062;36149343
1063;36182871
1064;36216431
1065;36249991
1066;36283582
1067;36317174
1068;36350765
1069;36384357
1070;36417948
1071;36451540
1072;36485131
1073;36518723
1074;36552314
1075;36585906
1076;36619497
1077;36653089
1078;36686680
1079;36720272
1080;36753863
1081;36787455
1082;36821046
1083;36854638
1084;36888229
1085;36921821
1086;36955412
1087;36989004
1088;37022595
1089;37056187
1090;37089778
1091;37123370
1092;37156961
1093;37190553
1094;37224144
1095;37257736
1096;37291327
1097;37324919
1098;37358478
1099;37392038
1100;37425534
1101;37459031
1102;37492527
1103;37526023
1104;37559519
1105;37592984
1106;37626448
1107;37659881
1108;37693314
1109;37726747
1110;37760179
1111;37793612
1112;37827045
1113;37860478
1114;37893910
1115;37927343
1116;37960776
1117;37994209
1118;38027641
1119;38061074
1120;38094507
1121;38127940
1122;38161372
1123;38194805
1124;38228238
1125;38261671
1126;38295103
1127;38328536
1128;38361969
1129;38395402
1130;38428834
1131;38462267
1132;38495700
1133;38529133
1134;38562597
1135;38596062
1136;38629590
1137;38663118
1138;38696646
1139;38730174
1140;38763733
1141;38797293
1142;38830853
1143;38864413
1144;38897972
1145;38931532
1146;38965124
1147;38998715
1148;39032307
1149;39065898
1150;39099490
1151;39133081
1152;39166673
1153;39200264
1154;39233856
1155;39267447
1156;39301039
1157;39334630
1158;39368222
1159;39401813
1160;39435405
1161;39468996
1162;39502588
1163;39536179
1164;39569771
1165;39603362
1166;39636954
1167;39670545
1168;39704137
1169;39737728
1170;39771320
1171;39804911
1172;39838503
1173;39872094
1174;39905686
1175;39939245
1176;39972805
1177;40006333
1178;40039861
1179;40073357
1180;40106854
1181;40140318
1182;40173783
1183;40207247
1184;40240712
1185;40274176
1186;40307609
1187;40341042
1188;40374474
1189;40407907
1190;40441340
1191;40474773
1192;40508205
1193;40541638
1194;40575071
1195;40608504
1196;40641936
1197;40675369
1198;40708802
1199;40742235
1200;40775667
1201;40809100
1202;40842533
1203;40875966
1204;40909398
1205;40942831
1206;40976264
1207;41009697
1208;41043129
1209;41076562
1210;41109995
1211;41143428
1212;41176860
1213;41210325
1214;41243789
1215;41277317
1216;41310845
1217;41344437
1218;41378028
1219;41411620
1220;41445211
1221;41478803
1222;41512394
1223;41545986
1224;41579577
1225;41613169
1226;41646760
1227;41680352
1228;41713943
1229;41747535
1230;41781126
1231;41814718
1232;41848309
1233;41881901
1234;41915492
1235;41949084
1236;41982675
1237;42016267
1238;42049858
1239;42083450
1240;42117041
1241;42150633
1242;42184224
1243;42217816
1244;42251407
1245;42284999
1246;42318590
1247;42352182
1248;42385773
1249;42419365
1250;42452925
1251;42486484
1252;42519981
1253;42553477
1254;42586941
1255;42620406
1256;42653870
1257;42687335
1258;42720799
1259;42754264
1260;42787728
1261;42821193
1262;42854657
1263;42888122
1264;42921586
1265;42955051
1266;42988515
1267;43021980
1268;43055444
1269;43088909
1270;43122373
1271;43155838
1272;43189302
1273;43222767
1274;43256231
1275;43289696
1276;43323160
1277;43356625
1278;43390089
1279;43423554
1280;43457018
1281;43490483
1282;43523947
1283;43557412
1284;43590876
1285;43624341
1286;43657805
1287;43691270
1288;43724734
1289;43758199
1290;43791663
1291;43825128
1292;43858592
1293;43892057
1294;43925521
1295;43958986
1296;43992450
1297;44025915
1298;44059379
1299;44092844
1300;44126308
1301;44159805
1302;44193301
1303;44226829
1304;44260357
1305;44293948
1306;44327540
1307;44361163
1308;44394786
1309;44428410
1310;44462033
1311;44495656
1312;44529279
1313;44562903
1314;44596526
1315;44630149
1316;44663772
1317;44697396
1318;44731019
1319;44764642
1320;44798265
1321;44831889
1322;44865512
1323;44899135
1324;44932758
1325;44966382
1326;45000005
1327;45033628
1328;45067220
1329;45100811
1330;45134339
1331;45167867
1332;45201363
1333;45234860
1334;45268324
1335;45301789
1336;45335253
1337;45368718
1338;45402150
1339;45435583
1340;45468984
1341;45502385
1342;45535786
1343;45569187
1344;45602588
1345;45635989
1346;45669390
1347;45702791
1348;45736192
1349;45769593
1350;45802994
1351;45836395
1352;45869796
1353;45903197
1354;45936598
1355;45969999
1356;46003400
1357;46036801
1358;46070202
1359;46103603
1360;46137036
1361;46170469
1362;46203965
1363;46237461
1364;46270989
1365;46304517
1366;46338077
1367;46371637
1368;46405228
1369;46438820
1370;46472411
1371;46506003
1372;46539594
1373;46573186
1374;46606777
1375;46640400
1376;46674024
1377;46707647
1378;46741270
1379;46774893
1380;46808517
1381;46842140
1382;46875763
1383;46909386
1384;46943010
1385;46976633
1386;47010256
1387;47043879
1388;47077503
1389;47111126
1390;47144749
1391;47178372
1392;47211996
1393;47245619
1394;47279242
1395;47312834
1396;47346425
1397;47379953
1398;47413481
1399;47446977
1400;47480474
1401;47513938
1402;47547403
1403;47580867
1404;47614332
1405;47647796
1406;47681261
1407;47714725
1408;47748190
1409;47781654
1410;47815119
1411;47848583
1412;47882048
1413;47915512
1414;47948977
1415;47982441
1416;48015906
1417;48049370
1418;48082835
1419;48116299
1420;48149764
1421;48183228
1422;48216693
1423;48250157
1424;48283622
1425;48317086
1426;48350551
1427;48384015
1428;48417480
1429;48450944
1430;48484409
1431;48517873
1432;48551338
1433;48584802
1434;48618267
1435;48651731
1436;48685196
1437;48718660
1438;48752125
1439;48785589
1440;48819054
1441;48852518
1442;48885983
1443;48919447
1444;48952912
1445;48986376
1446;49019841
1447;49053305
1448;49086770
1449;49120266
1450;49153762
1451;49187322
1452;49220882
1453;49254473
1454;49288065
1455;49321688
1456;49355311
1457;49388934
1458;49422558
1459;49456181
1460;49489804
1461;49523427
1462;49557051
1463;49590674
1464;49624297
1465;49657920
1466;49691544
1467;49725167
1468;49758790
1469;49792413
1470;49826037
1471;49859660
1472;49893283
1473;49926906
1474;49960530
1475;49994121
1476;50027713
1477;50061241
1478;50094769
1479;50128233
1480;50161698
1481;50195162
1482;50228627
1483;50262059
1484;50295492
1485;50328925
1486;50362358
1487;50395790
1488;50429223
1489;50462656
1490;50496089
1491;50529521
1492;50562954
1493;50596387
1494;50629820
1495;50663252
1496;50696685
1497;50730118
1498;50763551
1499;50796983
1500;50830416
1501;50863849
1502;50897282
1503;50930714
1504;50964147
1505;50997580
1506;51031013
1507;51064445
1508;51097878
1509;51131311
1510;51164744
1511;51198176
1512;51231609
1513;51265074
1514;51298538
1515;51332066
1516;51365594
1517;51399186
1518;51432777
1519;51466369
1520;51499960
1521;51533552
1522;51567143
1523;51600735
1524;51634326
1525;51667918
1526;51701509
1527;51735101
1528;51768692
1529;51802284
1530;51835875
1531;51869467
1532;51903058
1533;51936650
1534;51970241
1535;52003833
1536;52037424
1537;52071016
1538;52104607
1539;52138199
1540;52171790
1541;52205382
1542;52238973
1543;52272565
1544;52306156
1545;52339748
1546;52373339
1547;52406931
1548;52440522
1549;52474114
1550;52507705
1551;52541265
1552;52574825
1553;52608321
1554;52641817
1555;52675282
1556;52708746
1557;52742211
1558;52775675
1559;52809140
1560;52842604
1561;52876069
1562;52909533
1563;52942998
1564;52976462
1565;53009927
1566;53043391
1567;53076856
1568;53110320
1569;53143785
1570;53177249
1571;53210714
1572;53244178
1573;53277643
1574;53311107
1575;53344572
1576;53378036
1577;53411501
1578;53444965
1579;53478430
1580;53511894
1581;53545359
1582;53578823
1583;53612288
1584;53645752
1585;53679217
1586;53712681
1587;53746146
1588;53779610
1589;53813075
1590;53846539
1591;53880004
1592;53913468
1593;54147720
1594;54181184
1595;54214649
1596;54248145
1597;54281641
1598;54315201
1599;54348761
1600;54382320
1601;54415880
1602;54449472
1603;54483063
1604;54617556
1605;54651179
1606;54684803
1607;54718426
1608;54752049
1609;54785672
1610;54819296
1611;54852919
1612;54886542
1613;54920165
1614;54953789
1615;54987412
1616;55021035
1617;55054658
1618;55088282
1619;55121905
1620;55155528
1621;55189120
1622;55222711
1623;55323232
1624;55356696
1625;55390161
1626;55423625
1627;55457090
1628;55490554
1629;55524019
1630;55557451
1631;55590884
1632;55624317
1633;55657750
1634;55691182
1635;55724615
1636;55758048
1637;55791481
1638;55824913
1639;55858346
1640;55891779
1641;55925212
1642;55958644
1643;55992077
1644;56025510
1645;56058943
1646;56092375
1647;56125808
1648;56159241
1649;56192674
1650;56226106
1651;56259539
1652;56292972
1653;56326405
1654;56359837
1655;56393270
1656;56426703
1657;56460136
1658;56493600
1659;56527065
1660;56560593
1661;56594121
1662;56627680
1663;56661240
1664;56694832
1665;56728423
1666;56762015
1667;56795638
1668;56829261
1669;56862884
1670;56896508
1671;56930131
1672;56963754
1673;56997377
1674;57031001
1675;57064624
1676;57098247
1677;57131870
1678;57165494
1679;57199117
1680;57232740
1681;57266363
1682;57299987
1683;57333610
1684;57367233
1685;57400856
1686;57434480
1687;57468103
1688;57501694
1689;57535286
1690;57568814
1691;57602342
1692;57635838
1693;57669334
1694;57702767
1695;57736200
1696;57769633
1697;57803065
1698;57836498
1699;57869931
1700;57903364
