1;0
2;33369
3;66738
4;100107
5;133477
6;166846
7;200215
8;233584
9;266954
10;300323
11;333692
12;367061
13;400431
14;433800
15;467169
16;500538
17;533908
18;567277
19;600646
20;634015
21;667385
22;700754
23;734123
24;767492
25;800862
26;834231
27;867600
28;900969
29;934339
30;967708
31;1001077
32;1034446
33;1067816
34;1101185
35;1134554
36;1167923
37;1201293
38;1234662
39;1268031
40;1301432
41;1334833
42;1368901
43;1402969
44;1437036
45;1471104
46;1505172
47;1539240
48;1573307
49;1607375
50;1641443
51;1675511
52;1709578
53;1743646
54;1777714
55;1811782
56;1845849
57;1879917
58;1913985
59;1948053
60;1982120
61;2016188
62;2050256
63;2084324
64;2118391
65;2152459
66;2186527
67;2220595
68;2254662
69;2288730
70;2322798
71;2356866
72;2390933
73;2425001
74;2459069
75;2493137
76;2527204
77;2561272
78;2595340
79;2629408
80;2663475
81;2697543
82;2731611
83;2765679
84;2799746
85;2833814
86;2867882
87;2901950
88;2936017
89;2970085
90;3004153
91;3038221
92;3072288
93;3106356
94;3139789
95;3173222
96;3206654
97;3240087
98;3273520
99;3306953
100;3340385
101;3373818
102;3407283
103;3440747
104;3474275
105;3507803
106;3541363
107;3574923
108;3608514
109;3642106
110;3675697
111;3709320
112;3742944
113;3776567
114;3810190
115;3843813
116;3877437
117;3911060
118;3944683
119;3978306
120;4011930
121;4045553
122;4079176
123;4112799
124;4146423
125;4180046
126;4213669
127;4247292
128;4280916
129;4314539
130;4348162
131;4381754
132;4415345
133;4448873
134;4482401
135;4515897
136;4549394
137;4582858
138;4616323
139;4649755
140;4683188
141;4716589
142;4749990
143;4783391
144;4816792
145;4850193
146;4883594
147;4916995
148;4950396
149;4983797
150;5017198
151;5050599
152;5084000
153;5117401
154;5150802
155;5184203
156;5217604
157;5251005
158;5284406
159;5317807
160;5351208
161;5384641
162;5418074
163;5451570
164;5485066
165;5518626
166;5552186
167;5585777
168;5619369
169;5652960
170;5686552
171;5720143
172;5753735
173;5787326
174;5820949
175;5854573
176;5888196
177;5921819
178;5955442
179;5989066
180;6022689
181;6056312
182;6089935
183;6123559
184;6157182
185;6190805
186;6224428
187;6258052
188;6291675
189;6325298
190;6358921
191;6392545
192;6426168
193;6459759
194;6493351
195;6526879
196;6560407
197;6593871
198;6627336
199;6660769
200;6694201
201;6727634
202;6761067
203;6794500
204;6827932
205;6861365
206;6894798
207;6928231
208;6961663
209;6995096
210;7028529
211;7061962
212;7095394
213;7128827
214;7162260
215;7195693
216;7229125
217;7262558
218;7295991
219;7329424
220;7362856
221;7396289
222;7429722
223;7463155
224;7496587
225;7530020
226;7563453
227;7596886
228;7630318
229;7663783
230;7697247
231;7730775
232;7764303
233;7797863
234;7831423
235;7864983
236;7898542
237;7932102
238;7965662
239;7999253
240;8032845
241;8066436
242;8100028
243;8133619
244;8167211
245;8200802
246;8234394
247;8267985
248;8301577
249;8335168
250;8368760
251;8402351
252;8435943
253;8469534
254;8503126
255;8536717
256;8570309
257;8603900
258;8637492
259;8671083
260;8704675
261;8738266
262;8771858
263;8805449
264;8839041
265;8872632
266;8906224
267;8939815
268;8973407
269;9006967
270;9040526
271;9074023
272;9107519
273;9140983
274;9174448
275;9207881
276;9241313
277;9274746
278;9308179
279;9341612
280;9375044
281;9408477
282;9441910
283;9475343
284;9508775
285;9542208
286;9575641
287;9609074
288;9642506
289;9675939
290;9709372
291;9742805
292;9776237
293;9809670
294;9843103
295;9876536
296;9909968
297;9943401
298;9976834
299;10010267
300;10043699
301;10077132
302;10110565
303;10143998
304;10177462
305;10210927
306;10244455
307;10277983
308;10311542
309;10345102
310;10378694
311;10412285
312;10445877
313;10479468
314;10513060
315;10546651
316;10580243
317;10613834
318;10647426
319;10681017
320;10714609
321;10748200
322;10781792
323;10815383
324;10848975
325;10882566
326;10916158
327;10949749
328;10983341
329;11016932
330;11050524
331;11084115
332;11117707
333;11151298
334;11184890
335;11218481
336;11252073
337;11285664
338;11319256
339;11352847
340;11386439
341;11420030
342;11453590
343;11487150
344;11520646
345;11554142
346;11587607
347;11621071
348;11654536
349;11688000
350;11721465
351;11754929
352;11788394
353;11821858
354;11855323
355;11888787
356;11922252
357;11955716
358;11989181
359;12022645
360;12056110
361;12089574
362;12123039
363;12156503
364;12189968
365;12223432
366;12256897
367;12290361
368;12323826
369;12357290
370;12390755
371;12424219
372;12457684
373;12491148
374;12524613
375;12558077
376;12591542
377;12625006
378;12658471
379;12691935
380;12725400
381;12758864
382;12792329
383;12825793
384;12859258
385;12892722
386;12926187
387;12959651
388;12993116
389;13026580
390;13060045
391;13093509
392;13127005
393;13160502
394;13194030
395;13227558
396;13261117
397;13294677
398;13328237
399;13361797
400;13395356
401;13428916
402;13462476
403;13496036
404;13529595
405;13563155
406;13596715
407;13630275
408;13663834
409;13697394
410;13730954
411;13764514
412;13798073
413;13831633
414;13865193
415;13898753
416;13932312
417;13965872
418;13999432
419;14032992
420;14066551
421;14100111
422;14133671
423;14167231
424;14200790
425;14234350
426;14267910
427;14301470
428;14335029
429;14368589
430;14402149
431;14435709
432;14469268
433;14502828
434;14536388
435;14569948
436;14603507
437;14637067
438;14670627
439;14704187
440;14737746
441;14771306
442;14804866
443;14838426
444;14871985
445;14905545
446;14939105
447;14972665
448;15006193
449;15039721
450;15073217
451;15106713
452;15140178
453;15173642
454;15207075
455;15240508
456;15273940
457;15307373
458;15340806
459;15374239
460;15407671
461;15441104
462;15474537
463;15507970
464;15541402
465;15574835
466;15608268
467;15641701
468;15675133
469;15708566
470;15741999
471;15775432
472;15808864
473;15842297
474;15875730
475;15909163
476;15942595
477;15976028
478;16009461
479;16042894
480;16076326
481;16109791
482;16143255
483;16176752
484;16210248
485;16243776
486;16277304
487;16310895
488;16344487
489;16378078
490;16411670
491;16445261
492;16478853
493;16512444
494;16546036
495;16579627
496;16613219
497;16646810
498;16680402
499;16713993
500;16747585
501;16781176
502;16814768
503;16848359
504;16881951
505;16915542
506;16949134
507;16982725
508;17016317
509;17049908
510;17083500
511;17117091
512;17150683
513;17184274
514;17217866
515;17251457
516;17285049
517;17318640
518;17352232
519;17385823
520;17419415
521;17452975
522;17486534
523;17520062
524;17553590
525;17587087
526;17620583
527;17654079
528;17687544
529;17721008
530;17754441
531;17787874
532;17821306
533;17854739
534;17888172
535;17921605
536;17955037
537;17988470
538;18021903
539;18055336
540;18088768
541;18122201
542;18155634
543;18189067
544;18222499
545;18255932
546;18289365
547;18322798
548;18356230
549;18389663
550;18423096
551;18456529
552;18489961
553;18523394
554;18556827
555;18590260
556;18623692
557;18657125
558;18690590
559;18724054
560;18757582
561;18791110
562;18824670
563;18858230
564;18891789
565;18925381
566;18958972
567;18992564
568;19026155
569;19059747
570;19093338
571;19126930
572;19160521
573;19194113
574;19227704
575;19261296
576;19294887
577;19328479
578;19362070
579;19395662
580;19429253
581;19462845
582;19496436
583;19530028
584;19563619
585;19597211
586;19630802
587;19664394
588;19697985
589;19731577
590;19765168
591;19798760
592;19832351
593;19865943
594;19899534
595;19933094
596;19966654
597;20000182
598;20033710
599;20067174
600;20100639
601;20134072
602;20167504
603;20200905
604;20234306
605;20267707
606;20301108
607;20334509
608;20367910
609;20401311
610;20434712
611;20468113
612;20501514
613;20534915
614;20568316
615;20601717
616;20635118
617;20668519
618;20701920
619;20735321
620;20768722
621;20802123
622;20835524
623;20868957
624;20902390
625;20935886
626;20969382
627;21002910
628;21036438
629;21070030
630;21103621
631;21137213
632;21170804
633;21204396
634;21237987
635;21271611
636;21305234
637;21338857
638;21372480
639;21406104
640;21439727
641;21473350
642;21506973
643;21540597
644;21574220
645;21607843
646;21641466
647;21675090
648;21708713
649;21742336
650;21775959
651;21809583
652;21843206
653;21876829
654;21910452
655;21944076
656;21977667
657;22011259
658;22044787
659;22078315
660;22111811
661;22145307
662;22178772
663;22212236
664;22245669
665;22279102
666;22312534
667;22345967
668;22379400
669;22412833
670;22446265
671;22479698
672;22513131
673;22546564
674;22579996
675;22613429
676;22646862
677;22680295
678;22713727
679;22747160
680;22780593
681;22814026
682;22847458
683;22880891
684;22914324
685;22947757
686;22981189
687;23014622
688;23048055
689;23081488
690;23114920
691;23148353
692;23181786
693;23215250
694;23248715
695;23282211
696;23315707
697;23349267
698;23382827
699;23416418
700;23450010
701;23483601
702;23517193
703;23550784
704;23584376
705;23617967
706;23651559
707;23685150
708;23718742
709;23752333
710;23785925
711;23819516
712;23853108
713;23886699
714;23920291
715;23953882
716;23987474
717;24021065
718;24054657
719;24088248
720;24121840
721;24155431
722;24189023
723;24222614
724;24256206
725;24289797
726;24323389
727;24356980
728;24390572
729;24424163
730;24457755
731;24591867
732;24625300
733;24658732
734;24692165
735;24725598
736;24759031
737;24792463
738;24825896
739;24859329
740;24892762
741;24926194
742;24959627
743;24993060
744;25026493
745;25059925
746;25093358
747;25126791
748;25160224
749;25193656
750;25227089
751;25260522
752;25293955
753;25327387
754;25360820
755;25394253
756;25427686
757;25461118
758;25494551
759;25527984
760;25561417
761;25594849
762;25628314
763;25661778
764;25695306
765;25728834
766;25762394
767;25795954
768;25829514
769;25863105
770;25896697
771;25930288
772;25963911
773;25997535
774;26031158
775;26064781
776;26098404
777;26132028
778;26165651
779;26199274
780;26232897
781;26266521
782;26300144
783;26333767
784;26367390
785;26401014
786;26434637
787;26468260
788;26501883
789;26535507
790;26569130
791;26602753
792;26636376
793;26669968
794;26703559
795;26737087
796;26770615
797;26804080
798;26837544
799;26871009
800;26904473
801;26937938
802;26971402
803;27004867
804;27038331
805;27071796
806;27105260
807;27138725
808;27172189
809;27205654
810;27239118
811;27272583
812;27306047
813;27339512
814;27372976
815;27406441
816;27439905
817;27473370
818;27506834
819;27540299
820;27573763
821;27607228
822;27640692
823;27674157
824;27707621
825;27741086
826;27774550
827;27808015
828;27841479
829;27874944
830;27908408
831;27941873
832;27975337
833;28008802
834;28042266
835;28075731
836;28109195
837;28142660
838;28176124
839;28209589
840;28243053
841;28276518
842;28309982
843;28343447
844;28376911
845;28410376
846;28443840
847;28477337
848;28510833
849;28544393
850;28577952
851;28611512
852;28645104
853;28678695
854;28712287
855;28745878
856;28779470
857;28813061
858;28846653
859;28880244
860;28913836
861;28947427
862;28981019
863;29014610
864;29048202
865;29081793
866;29115385
867;29148976
868;29182568
869;29216159
870;29249751
871;29283342
872;29316934
873;29350525
874;29384117
875;29417708
876;29451300
877;29484891
878;29518483
879;29552074
880;29585666
881;29619257
882;29652817
883;29686377
884;29719873
885;29753369
886;29853763
887;29887227
888;29920692
889;29954156
890;29987621
891;30021085
892;30054550
893;30088014
894;30121479
895;30154943
896;30188408
897;30221872
898;30255337
899;30288801
900;30322266
901;30355730
902;30389195
903;30422659
904;30456124
905;30489588
906;30523053
907;30556517
908;30589982
909;30623446
910;30656911
911;30690375
912;30723840
913;30757304
914;30790769
915;30824233
916;30857698
917;30891162
918;30924627
919;30958091
920;30991556
921;31025020
922;31058485
923;31091949
924;31125414
925;31158878
926;31192343
927;31225807
928;31259272
929;31292736
930;31426785
931;31460344
932;31493904
933;31527464
934;31561055
935;31594647
936;31628238
937;31661830
938;31695421
939;31729013
940;31762604
941;31796196
942;31829787
943;31863379
944;31896970
945;31930562
946;31964153
947;31997745
948;32031336
949;32064928
950;32098519
951;32132111
952;32165702
953;32199294
954;32232885
955;32266477
956;32300068
957;32333660
958;32367251
959;32400843
960;32434434
961;32468026
962;32501617
963;32535177
964;32568737
965;32602233
966;32635729
967;32669162
968;32702595
969;32736028
970;32769460
971;32802893
972;32836326
973;32869759
974;32903191
975;32936624
976;32970057
977;33003490
978;33036922
979;33070355
980;33103788
981;33137221
982;33170653
983;33204086
984;33237519
985;33270952
986;33304384
987;33337817
988;33371250
989;33404683
990;33438115
991;33471548
992;33504981
993;33538414
994;33571846
995;33605279
996;33638712
997;33672176
998;33705641
999;33739169
1000;33772697
1001;33806257
1002;33839816
1003;33873376
1004;33906936
1005;33940496
1006;33974055
1007;34007615
1008;34041175
1009;34074735
1010;34108326
1011;34242692
1012;34276284
1013;34309875
1014;34343467
1015;34377058
1016;34410650
1017;34444241
1018;34477833
1019;34511424
1020;34545016
1021;34578607
1022;34612199
1023;34645790
1024;34679382
1025;34712973
1026;34746565
1027;34780156
1028;34813748
1029;34847339
1030;34880931
1031;34914522
1032;34948114
1033;34981705
1034;35015265
1035;35048825
1036;35082321
1037;35115817
1038;35149250
1039;35182683
1040;35216084
1041;35249485
1042;35282886
1043;35316287
1044;35349688
1045;35383089
1046;35416490
1047;35449891
1048;35483292
1049;35516693
1050;35550094
1051;35583495
1052;35616896
1053;35650297
1054;35683698
1055;35717099
1056;35750500
1057;35783901
1058;35817302
1059;35850703
1060;35884135
1061;35917568
1062;35951064
1063;35984561
1064;36018089
1065;36051617
1066;36085176
1067;36118736
1068;36152296
1069;36185856
1070;36219447
1071;36253039
1072;36286630
1073;36320222
1074;36353813
1075;36387405
1076;36421028
1077;36454651
1078;36488274
1079;36521898
1080;36555521
1081;36589144
1082;36622767
1083;36656391
1084;36690014
1085;36723637
1086;36757260
1087;36790884
1088;36824507
1089;36858130
1090;36891753
1091;36925377
1092;36959000
1093;36992623
1094;37026246
1095;37059838
1096;37093429
1097;37126957
1098;37160485
1099;37193982
1100;37227478
1101;37260911
1102;37294343
1103;37327776
1104;37361209
1105;37394642
1106;37428074
1107;37461507
1108;37494940
1109;37528373
1110;37561805
1111;37595238
1112;37628671
1113;37662104
1114;37695536
1115;37728969
1116;37762402
1117;37795835
1118;37829267
1119;37862700
1120;37896133
1121;37929566
1122;37962998
1123;37996431
1124;38029864
1125;38063297
1126;38096729
1127;38130162
1128;38163595
1129;38197028
1130;38230460
1131;38263925
1132;38297389
1133;38330917
1134;38364445
1135;38398005
1136;38431565
1137;38465156
1138;38498748
1139;38532371
1140;38565994
1141;38599618
1142;38633241
1143;38666864
1144;38700487
1145;38734111
1146;38767734
1147;38801357
1148;38834980
1149;38868604
1150;38902227
1151;38935850
1152;38969473
1153;39003097
1154;39036720
1155;39070343
1156;39103966
1157;39137590
1158;39171213
1159;39204836
1160;39238428
1161;39272019
1162;39305547
1163;39339075
1164;39372540
1165;39406004
1166;39439469
1167;39472933
1168;39506398
1169;39539862
1170;39573295
1171;39606728
1172;39640129
1173;39673530
1174;39706931
1175;39740332
1176;39773733
1177;39807134
1178;39840535
1179;39873936
1180;39907337
1181;39940738
1182;39974139
1183;40007540
1184;40040941
1185;40074342
1186;40107743
1187;40141144
1188;40174545
1189;40207946
1190;40241347
1191;40274748
1192;40308180
1193;40341613
1194;40375109
1195;40408606
1196;40442165
1197;40475725
1198;40509317
1199;40542908
1200;40576500
1201;40610091
1202;40643683
1203;40677274
1204;40710866
1205;40744457
1206;40778080
1207;40811704
1208;40845327
1209;40878950
1210;40912573
1211;40946197
1212;40979820
1213;41013443
1214;41047066
1215;41080690
1216;41114313
1217;41147936
1218;41181559
1219;41215183
1220;41248806
1221;41282429
1222;41316052
1223;41349676
1224;41383299
1225;41416922
1226;41450514
1227;41484105
1228;41517633
1229;41551161
1230;41584657
1231;41618154
1232;41651618
1233;41685083
1234;41718515
1235;41751948
1236;41785381
1237;41818814
1238;41852246
1239;41885679
1240;41919112
1241;41952545
1242;41985977
1243;42019410
1244;42052843
1245;42086276
1246;42119708
1247;42153141
1248;42186574
1249;42220007
1250;42253439
1251;42286872
1252;42320305
1253;42353738
1254;42387170
1255;42420603
1256;42454036
1257;42487469
1258;42520901
1259;42554334
1260;42587767
1261;42621200
1262;42654632
1263;42688065
1264;42721530
1265;42754994
1266;42788490
1267;42821987
1268;42855546
1269;42889106
1270;42922666
1271;42956226
1272;42989785
1273;43023377
1274;43056968
1275;43090560
1276;43124151
1277;43157743
1278;43191334
1279;43224926
1280;43258517
1281;43292109
1282;43325700
1283;43359292
1284;43392883
1285;43426475
1286;43460066
1287;43493658
1288;43527249
1289;43560841
1290;43594432
1291;43628024
1292;43661615
1293;43695207
1294;43728798
1295;43762390
1296;43795981
1297;43829573
1298;43863164
1299;43896756
1300;43930347
1301;43963939
1302;43997530
1303;44031122
1304;44064682
1305;44098241
1306;44131738
1307;44165234
1308;44198667
1309;44232099
1310;44265532
1311;44298965
1312;44332398
1313;44365830
1314;44399263
1315;44432696
1316;44466129
1317;44499561
1318;44532994
1319;44566427
1320;44599860
1321;44633292
1322;44666725
1323;44700158
1324;44733591
1325;44767023
1326;44800456
1327;44833889
1328;44867322
1329;44900754
1330;44934187
1331;44967620
1332;45001053
1333;45034485
1334;45067918
1335;45101351
1336;45134784
1337;45168248
1338;45201713
1339;45235241
1340;45268769
1341;45302328
1342;45335888
1343;45369448
1344;45403039
1345;45436631
1346;45470222
1347;45503846
1348;45537469
1349;45571092
1350;45604715
1351;45638339
1352;45671962
1353;45705585
1354;45739208
1355;45772832
1356;45806455
1357;45840078
1358;45873701
1359;45907325
1360;45940948
1361;45974571
1362;46008194
1363;46041818
1364;46075441
1365;46109064
1366;46142687
1367;46176279
1368;46209870
1369;46243398
1370;46276926
1371;46310391
1372;46343855
1373;46377288
1374;46410721
1375;46444154
1376;46477586
1377;46511019
1378;46544452
1379;46577885
1380;46611317
1381;46644750
1382;46678183
1383;46711616
1384;46745048
1385;46778481
1386;46811914
1387;46845347
1388;46878779
1389;46912212
1390;46945645
1391;46979078
1392;47012510
1393;47045943
1394;47079376
1395;47112809
1396;47146241
1397;47179674
1398;47213107
1399;47246540
1400;47279972
1401;47313405
1402;47346838
1403;47380271
1404;47413735
1405;47447200
1406;47480696
1407;47514192
1408;47547720
1409;47581248
1410;47614808
1411;47648368
1412;47681959
1413;47715551
1414;47749142
1415;47782734
1416;47816325
1417;47849917
1418;47883508
1419;47917100
1420;47950691
1421;47984283
1422;48017874
1423;48051466
1424;48085057
1425;48118649
1426;48152240
1427;48185832
1428;48219423
1429;48253015
1430;48286606
1431;48320198
1432;48353789
1433;48387381
1434;48420972
1435;48454564
1436;48488155
1437;48521747
1438;48555338
1439;48588930
1440;48622521
1441;48656113
1442;48689704
1443;48723296
1444;48756887
1445;48790447
1446;48824007
1447;48857503
1448;48890999
1449;48924464
1450;48957928
1451;48991361
1452;49024794
1453;49058226
1454;49091659
1455;49125092
1456;49158525
1457;49191957
1458;49225390
1459;49258823
1460;49292256
1461;49325688
1462;49359121
1463;49392554
1464;49425987
1465;49459419
1466;49492852
1467;49526285
1468;49559718
1469;49593150
1470;49626583
1471;49660016
1472;49693449
1473;49726881
1474;49760314
1475;49793747
1476;49827180
1477;49860612
1478;49894045
1479;49927510
1480;49960974
1481;49994502
1482;50028030
1483;50061590
1484;50095150
1485;50128709
1486;50162269
1487;50195829
1488;50229389
1489;50262980
1490;50296572
1491;50330163
1492;50363755
1493;50397346
1494;50430938
1495;50464529
1496;50498121
1497;50531712
1498;50565304
1499;50598895
1500;50632487
1501;50666078
1502;50699670
1503;50733261
1504;50766853
1505;50800444
1506;50834036
1507;50867627
1508;50901219
1509;50934810
1510;50968402
