1;0
2;33369
3;66738
4;100107
5;133477
6;166846
7;200215
8;233584
9;266954
10;300323
11;333692
12;367061
13;400431
14;433800
15;467169
16;500538
17;533908
18;567277
19;600646
20;634015
21;667385
22;700754
23;734123
24;767492
25;800862
26;834231
27;867600
28;900969
29;934339
30;967708
31;1001077
32;1034446
33;1067816
34;1101185
35;1134554
36;1167923
37;1201293
38;1234662
39;1268031
40;1301432
41;1334833
42;1368298
43;1401762
44;1435290
45;1468818
46;1502410
47;1536001
48;1569593
49;1603152
50;1636712
51;1670240
52;1703768
53;1737264
54;1770761
55;1804225
56;1837690
57;1871122
58;1904555
59;1937988
60;1971421
61;2004853
62;2038286
63;2071719
64;2105152
65;2138584
66;2172017
67;2205450
68;2238883
69;2272315
70;2305748
71;2339181
72;2372614
73;2406046
74;2439479
75;2472912
76;2506345
77;2539777
78;2573210
79;2606643
80;2640076
81;2673508
82;2706941
83;2740374
84;2773807
85;2807239
86;2840672
87;2874105
88;2907538
89;2941002
90;2974467
91;3007963
92;3041459
93;3075019
94;3108579
95;3142170
96;3175762
97;3209353
98;3242945
99;3276536
100;3310128
101;3343719
102;3377311
103;3410902
104;3444494
105;3478085
106;3511677
107;3545268
108;3578860
109;3612451
110;3646043
111;3679634
112;3713226
113;3746817
114;3780409
115;3814000
116;3847592
117;3881183
118;3914775
119;3948366
120;3981958
121;4015549
122;4049141
123;4082732
124;4116324
125;4149915
126;4183475
127;4217035
128;4250531
129;4284027
130;4317492
131;4350956
132;4384421
133;4417885
134;4451318
135;4484751
136;4518183
137;4551616
138;4585049
139;4618482
140;4651914
141;4685347
142;4718780
143;4752213
144;4785645
145;4819078
146;4852511
147;4885944
148;4919376
149;4952809
150;4986242
151;5019675
152;5053107
153;5086540
154;5119973
155;5153406
156;5186838
157;5220271
158;5253704
159;5287137
160;5320569
161;5354034
162;5387498
163;5420995
164;5454491
165;5488051
166;5521610
167;5555202
168;5588793
169;5622385
170;5655976
171;5689568
172;5723191
173;5756814
174;5790438
175;5824061
176;5857684
177;5891307
178;5924931
179;5958554
180;5992177
181;6025800
182;6059424
183;6093047
184;6126670
185;6160293
186;6193917
187;6227540
188;6261163
189;6294786
190;6328410
191;6362033
192;6395624
193;6429216
194;6462744
195;6496272
196;6529768
197;6563264
198;6596729
199;6630193
200;6663658
201;6697122
202;6730587
203;6764051
204;6797516
205;6830980
206;6864445
207;6897909
208;6931374
209;6964838
210;6998303
211;7031767
212;7065232
213;7098696
214;7132161
215;7165625
216;7199090
217;7232554
218;7266019
219;7299483
220;7332948
221;7366412
222;7399877
223;7433341
224;7466806
225;7500270
226;7533735
227;7567199
228;7600664
229;7634128
230;7667593
231;7701057
232;7734522
233;7767986
234;7801451
235;7834915
236;7868380
237;7901844
238;7935309
239;7968773
240;8002238
241;8035702
242;8069167
243;8102631
244;8136096
245;8169560
246;8203057
247;8236553
248;8270113
249;8303672
250;8337264
251;8370855
252;8404447
253;8438038
254;8471630
255;8505221
256;8538813
257;8572404
258;8605996
259;8639587
260;8673179
261;8706770
262;8740362
263;8773953
264;8807545
265;8841136
266;8874728
267;8908319
268;8941911
269;8975502
270;9009094
271;9042685
272;9076277
273;9109868
274;9143460
275;9177051
276;9210643
277;9244234
278;9277826
279;9311417
280;9344977
281;9378537
282;9412065
283;9445593
284;9479089
285;9512585
286;9546082
287;9579578
288;9613074
289;9646570
290;9680035
291;9713499
292;9746964
293;9780428
294;9813893
295;9847357
296;9880822
297;9914286
298;9947751
299;9981215
300;10014680
301;10048144
302;10081609
303;10115073
304;10148538
305;10182002
306;10215467
307;10248931
308;10282396
309;10315860
310;10349325
311;10382789
312;10416254
313;10449718
314;10483183
315;10516647
316;10550112
317;10583576
318;10617041
319;10650505
320;10683970
321;10717434
322;10750899
323;10784363
324;10817828
325;10851292
326;10884757
327;10918221
328;10951686
329;10985150
330;11018615
331;11052079
332;11085544
333;11119008
334;11152505
335;11186001
336;11219529
337;11253057
338;11286617
339;11320176
340;11353768
341;11387359
342;11420983
343;11454606
344;11488229
345;11521852
346;11555476
347;11589099
348;11622722
349;11656345
350;11689969
351;11723592
352;11757215
353;11790838
354;11824462
355;11858085
356;11891708
357;11925331
358;11958955
359;11992578
360;12026201
361;12059793
362;12093384
363;12126912
364;12160440
365;12193936
366;12227433
367;12260865
368;12294298
369;12327731
370;12361164
371;12394596
372;12428029
373;12461462
374;12494895
375;12528327
376;12561760
377;12595193
378;12628626
379;12662058
380;12695491
381;12728924
382;12762357
383;12795789
384;12829222
385;12862655
386;12896088
387;12929520
388;12962953
389;12996386
390;13029819
391;13063251
392;13096684
393;13130117
394;13163550
395;13196982
396;13230415
397;13263880
398;13297344
399;13330872
400;13364400
401;13397960
402;13431520
403;13465079
404;13498671
405;13532262
406;13565854
407;13599445
408;13633037
409;13666628
410;13700220
411;13733811
412;13767403
413;13800994
414;13834586
415;13868177
416;13901769
417;13935360
418;13968952
419;14002543
420;14036135
421;14069726
422;14103318
423;14136909
424;14170501
425;14204092
426;14237684
427;14271275
428;14304867
429;14338458
430;14372050
431;14405641
432;14439233
433;14472824
434;14506384
435;14539944
436;14573440
437;14606936
438;14640401
439;14673865
440;14707330
441;14740763
442;14774195
443;14807628
444;14841061
445;14874494
446;14907926
447;14941359
448;14974792
449;15008225
450;15041657
451;15075090
452;15108523
453;15141956
454;15175388
455;15208821
456;15242254
457;15275687
458;15309119
459;15342552
460;15375985
461;15409418
462;15442850
463;15476283
464;15509716
465;15543149
466;15576581
467;15610014
468;15643479
469;15676943
470;15710471
471;15743999
472;15777559
473;15811119
474;15844678
475;15878238
476;15911830
477;15945421
478;15979013
479;16012604
480;16046196
481;16079787
482;16113379
483;16146970
484;16180562
485;16214153
486;16247745
487;16281336
488;16314928
489;16348519
490;16382111
491;16415702
492;16449294
493;16482885
494;16516477
495;16550068
496;16583660
497;16617251
498;16650843
499;16684434
500;16718026
501;16751617
502;16785209
503;16818800
504;16852392
505;16885983
506;16919543
507;16953103
508;16986599
509;17020095
510;17053560
511;17087024
512;17120457
513;17153890
514;17187322
515;17220755
516;17254188
517;17287621
518;17321053
519;17354486
520;17387919
521;17421352
522;17454784
523;17488217
524;17521650
525;17555083
526;17588515
527;17621948
528;17655381
529;17688814
530;17722246
531;17755679
532;17789112
533;17822545
534;17855977
535;17889410
536;17922843
537;17956276
538;17989708
539;18023141
540;18056606
541;18090070
542;18123566
543;18157063
544;18190591
545;18224119
546;18257647
547;18291175
548;18324703
549;18358262
550;18391822
551;18425382
552;18458942
553;18492501
554;18526061
555;18559621
556;18593181
557;18626772
558;18660364
559;18693955
560;18727547
561;18761138
562;18794730
563;18828321
564;18861913
565;18895504
566;18929096
567;18962687
568;18996279
569;19029870
570;19063462
571;19097053
572;19130645
573;19164236
574;19197828
575;19231419
576;19265011
577;19298602
578;19332194
579;19365785
580;19399377
581;19432968
582;19466560
583;19500151
584;19533743
585;19567302
586;19600862
587;19634390
588;19667918
589;19701414
590;19734911
591;19768375
592;19801840
593;19835272
594;19868705
595;19902138
596;19935571
597;19969003
598;20002436
599;20035869
600;20069302
601;20102734
602;20136167
603;20169600
604;20203033
605;20236465
606;20269898
607;20303331
608;20336764
609;20370196
610;20403629
611;20437062
612;20470495
613;20503927
614;20537360
615;20570793
616;20604226
617;20637658
618;20671091
619;20704524
620;20737957
621;20771421
622;20804886
623;20838414
624;20871942
625;20905501
626;20939061
627;20972621
628;21006181
629;21039772
630;21073364
631;21106955
632;21140547
633;21174138
634;21207730
635;21241321
636;21274913
637;21308504
638;21342096
639;21375687
640;21409279
641;21442870
642;21476462
643;21510053
644;21543645
645;21577236
646;21610828
647;21644419
648;21678011
649;21711602
650;21745194
651;21778785
652;21812377
653;21845968
654;21879560
655;21913151
656;21946743
657;21980334
658;22013926
659;22047485
660;22081045
661;22114541
662;22148038
663;22181502
664;22214967
665;22248431
666;22281896
667;22315328
668;22348761
669;22382194
670;22415627
671;22449059
672;22482492
673;22515925
674;22549358
675;22582790
676;22616223
677;22649656
678;22683089
679;22716521
680;22749954
681;22783387
682;22816820
683;22850252
684;22883685
685;22917118
686;22950551
687;22983983
688;23017416
689;23050849
690;23084282
691;23117714
692;23151147
693;23184612
694;23218076
695;23251604
696;23285132
697;23318692
698;23352252
699;23385811
700;23419403
701;23452994
702;23486586
703;23520177
704;23553769
705;23587360
706;23620952
707;23654543
708;23688135
709;23721726
710;23755318
711;23788909
712;23822501
713;23856092
714;23889684
715;23923275
716;23956867
717;23990458
718;24024050
719;24057641
720;24091233
721;24124824
722;24158416
723;24192007
724;24225599
725;24259190
726;24292782
727;24326373
728;24359965
729;24393556
730;24427116
731;24460676
732;24494172
733;24527668
734;24561133
735;24594597
736;24628030
737;24661463
738;24694896
739;24728328
740;24761761
741;24795194
742;24828627
743;24862059
744;24895492
745;24928925
746;24962358
747;24995790
748;25029223
749;25062656
750;25096089
751;25129521
752;25162954
753;25196387
754;25229820
755;25263252
756;25296685
757;25330118
758;25363551
759;25396983
760;25430416
761;25463849
762;25497282
763;25530746
764;25564211
765;25597739
766;25631267
767;25664826
768;25698386
769;25731946
770;25765506
771;25799065
772;25832625
773;25866217
774;25899808
775;25933400
776;25966991
777;26000583
778;26034174
779;26067766
780;26101357
781;26134949
782;26168540
783;26202132
784;26235723
785;26269315
786;26302906
787;26336498
788;26370089
789;26403681
790;26437272
791;26470864
792;26504455
793;26538047
794;26571638
795;26605230
796;26638821
797;26672413
798;26706004
799;26739596
800;26773187
801;26806779
802;26840338
803;26873898
804;26907394
805;26940891
806;26974387
807;27007851
808;27041316
809;27074749
810;27108181
811;27141614
812;27175047
813;27208480
814;27241912
815;27275345
816;27308778
817;27342211
818;27375643
819;27409076
820;27442509
821;27475942
822;27509374
823;27542807
824;27576240
825;27609673
826;27643105
827;27676538
828;27709971
829;27743404
830;27776836
831;27810269
832;27843702
833;27877135
834;27910567
835;27944000
836;27977433
837;28010897
838;28044362
839;28077858
840;28111354
841;28144914
842;28178474
843;28212065
844;28245657
845;28279248
846;28312840
847;28346431
848;28380023
849;28413614
850;28447206
851;28480797
852;28514389
853;28547980
854;28581572
855;28615163
856;28648755
857;28682346
858;28715938
859;28749529
860;28783121
861;28816712
862;28850304
863;28883895
864;28917487
865;28951078
866;28984670
867;29018261
868;29051853
869;29085444
870;29119036
871;29152627
872;29186219
873;29219810
874;29253402
875;29286993
876;29320553
877;29354113
878;29387641
879;29421169
880;29454665
881;29488161
882;29521626
883;29555090
884;29588523
885;29621956
886;29655389
887;29688821
888;29722254
889;29755687
890;29789120
891;29822552
892;29855985
893;29889418
894;29922851
895;29956283
896;29989716
897;30023149
898;30056582
899;30090014
900;30123447
901;30156880
902;30190313
903;30223745
904;30257178
905;30290611
906;30324044
907;30357476
908;30390909
909;30424342
910;30457775
911;30491207
912;30524640
913;30558105
914;30591569
915;30625097
916;30658625
917;30692185
918;30725745
919;30759304
920;30792864
921;30826424
922;30860015
923;30893607
924;30927198
925;30960790
926;30994381
927;31027973
928;31061564
929;31095156
930;31128747
931;31162339
932;31195930
933;31229522
934;31263113
935;31296705
936;31330296
937;31363888
938;31397479
939;31431071
940;31464662
941;31498254
942;31531845
943;31565437
944;31599028
945;31632620
946;31666211
947;31699803
948;31733394
949;31766986
950;31800577
951;31834169
952;31867729
953;32035210
954;32068674
955;32102139
956;32135603
957;32169036
958;32202469
959;32235902
960;32269334
961;32302767
962;32336200
963;32369633
964;32403065
965;32436498
966;32469931
967;32503364
968;32536796
969;32570229
970;32603662
971;32637095
972;32670527
973;32703960
974;32737393
975;32770826
976;32804258
977;32837691
978;32871124
979;32904557
980;32937989
981;32971422
982;33004855
983;33038288
984;33071752
985;33105217
986;33138713
987;33172209
988;33205737
989;33239265
990;33272857
991;33306448
992;33340071
993;33373695
994;33407318
995;33440941
996;33474564
997;33508188
998;33609057
999;33642681
1000;33676304
1001;33709927
1002;33743550
1003;33777174
1004;33810797
1005;33844420
1006;33878043
1007;33911667
1008;33945290
1009;33978913
1010;34012536
1011;34046160
1012;34079783
1013;34113374
1014;34146966
1015;34180494
1016;34214022
1017;34247518
1018;34281014
1019;34314479
1020;34347943
1021;34381408
1022;34414872
1023;34448337
1024;34481801
1025;34515266
1026;34548699
1027;34582131
1028;34615564
1029;34648997
1030;34682430
1031;34715862
1032;34749295
1033;34782728
1034;34816161
1035;34849593
1036;34883026
1037;34916459
1038;34949892
1039;35083623
1040;35117055
1041;35150488
1042;35183921
1043;35217354
1044;35250786
1045;35284219
1046;35317652
1047;35351085
1048;35384517
1049;35417950
1050;35451415
1051;35484879
1052;35518375
1053;35551872
1054;35686111
1055;35719702
1056;35753294
1057;35786885
1058;35820477
1059;35854100
1060;35887723
1061;35921346
1062;35954970
1063;35988593
1064;36022216
1065;36055839
1066;36089463
1067;36123086
1068;36156709
1069;36190332
1070;36223956
1071;36324825
1072;36358449
1073;36392072
1074;36492942
1075;36526533
1076;36560125
1077;36593653
1078;36627181
1079;36660677
1080;36694173
1081;36727638
1082;36761102
1083;36794567
1084;36828031
1085;36861496
1086;36894960
1087;36928425
1088;36961857
1089;36995290
1090;37028723
1091;37062156
1092;37095588
1093;37129021
1094;37162454
1095;37195887
1096;37229319
1097;37262752
1098;37296185
1099;37329618
1100;37363050
1101;37396483
1102;37429916
1103;37463349
1104;37496781
1105;37530214
1106;37563647
1107;37597080
1108;37630512
1109;37663945
1110;37697378
1111;37730811
1112;37764243
1113;37797676
1114;37831109
1115;37864573
1116;37898038
1117;37931566
1118;37965094
1119;37998654
1120;38032213
1121;38065773
1122;38099333
1123;38132893
1124;38166484
1125;38200076
1126;38233667
1127;38267259
1128;38300850
1129;38334442
1130;38368033
1131;38401625
1132;38435216
1133;38468808
1134;38502399
1135;38535991
1136;38569582
1137;38603174
1138;38636765
1139;38670357
1140;38703948
1141;38737540
1142;38771131
1143;38804723
1144;38838314
1145;38871906
1146;38905497
1147;38939089
1148;38972680
1149;39006272
1150;39039863
1151;39073455
1152;39107046
1153;39140606
1154;39174166
1155;39207694
1156;39241222
1157;39274686
1158;39308151
1159;39341615
1160;39375080
1161;39408544
1162;39442009
1163;39475473
1164;39508938
1165;39542402
1166;39575867
1167;39609331
1168;39642796
1169;39676260
1170;39709725
1171;39743189
1172;39776654
1173;39810118
1174;39843583
1175;39877047
1176;39910512
1177;39943976
1178;39977441
1179;40010905
1180;40044370
1181;40077834
1182;40111299
1183;40144763
1184;40178228
1185;40211692
1186;40245157
1187;40278621
1188;40312086
1189;40345550
1190;40379015
1191;40412479
1192;40445944
1193;40479408
1194;40512873
1195;40546337
1196;40579802
1197;40613266
1198;40646731
1199;40680195
1200;40713660
1201;40747124
1202;40780589
1203;40814085
1204;40847581
1205;40881109
1206;40914637
1207;40948165
1208;40981693
1209;41015253
1210;41048813
1211;41082404
1212;41115996
1213;41149619
1214;41183242
1215;41216865
1216;41250489
1217;41284112
1218;41317735
1219;41351358
1220;41384982
1221;41418605
1222;41452228
1223;41485851
1224;41519475
1225;41553098
1226;41586721
1227;41620344
1228;41653968
1229;41687591
1230;41721214
1231;41754837
1232;41788461
1233;41822052
1234;41855644
1235;41889172
1236;41922700
1237;41956164
1238;41989629
1239;42023093
1240;42056558
1241;42090022
1242;42123487
1243;42156919
1244;42190352
1245;42223785
1246;42257218
1247;42290650
1248;42324083
1249;42357516
1250;42390949
1251;42424381
1252;42457814
1253;42491247
1254;42524680
1255;42558112
1256;42591545
1257;42624978
1258;42658411
1259;42691843
1260;42725276
1261;42758709
1262;42792142
1263;42825574
1264;42859007
1265;42892440
1266;42925873
1267;42959305
1268;42992738
1269;43026171
1270;43059604
1271;43093068
1272;43126533
1273;43160029
1274;43193525
1275;43227085
1276;43260645
1277;43294236
1278;43327828
1279;43361419
1280;43395011
1281;43428602
1282;43462194
1283;43495785
1284;43529377
1285;43562968
1286;43596560
1287;43630151
1288;43663743
1289;43697334
1290;43730926
1291;43764517
1292;43798109
1293;43831700
1294;43865292
1295;43898883
1296;43932475
1297;43966066
1298;43999658
1299;44033249
1300;44066841
1301;44100432
1302;44134024
1303;44167615
1304;44201207
1305;44234798
1306;44268390
1307;44301981
1308;44335573
1309;44369132
1310;44402692
1311;44436188
1312;44469685
1313;44503117
1314;44536550
1315;44569983
1316;44603416
1317;44636848
1318;44670281
1319;44703714
1320;44737147
1321;44770579
1322;44804012
1323;44837445
1324;44870878
1325;44904310
1326;44937743
1327;44971176
1328;45004609
1329;45038041
1330;45071474
1331;45104907
1332;45138340
1333;45171772
1334;45205205
1335;45238638
1336;45272071
1337;45305503
1338;45338936
1339;45372369
1340;45405802
1341;45439234
1342;45472699
1343;45506163
1344;45539691
1345;45573219
1346;45606779
1347;45640339
1348;45673930
1349;45707522
1350;45741145
1351;45774768
1352;45808392
1353;45842047
1354;45875702
1355;45909357
1356;45943012
1357;45976667
1358;46010322
1359;46043977
1360;46077632
1361;46111287
1362;46144942
1363;46178597
1364;46212252
1365;46245907
1366;46279562
1367;46313185
1368;46346808
1369;46380368
1370;46413928
1371;46447456
1372;46480984
1373;46514448
1374;46547913
1375;46581377
1376;46614842
1377;46648306
1378;46681739
1379;46715172
1380;46748604
1381;46782037
1382;46815470
1383;46848903
1384;46882335
1385;46915768
1386;46949201
1387;46982634
1388;47016066
1389;47049499
1390;47082932
1391;47116365
1392;47149797
1393;47183230
1394;47216663
1395;47250096
1396;47283528
1397;47316961
1398;47350394
1399;47383827
1400;47417259
1401;47450692
1402;47484125
1403;47517558
1404;47550990
1405;47584423
1406;47617856
1407;47651289
1408;47684753
1409;47718218
1410;47751746
1411;47785274
1412;47818833
1413;47852393
1414;47885985
1415;47919576
1416;47953199
1417;47986823
1418;48020446
1419;48054069
1420;48087692
1421;48121316
1422;48154939
1423;48188562
1424;48222185
1425;48255809
1426;48289432
1427;48323055
1428;48356678
1429;48390302
1430;48423925
1431;48457548
1432;48491171
1433;48524795
1434;48558418
1435;48592041
1436;48625664
1437;48659256
1438;48692847
1439;48726375
1440;48759903
1441;48793400
1442;48826896
1443;48860360
1444;48893825
1445;48927258
1446;48960690
1447;48994123
1448;49027556
1449;49060989
1450;49094421
1451;49127854
1452;49161287
1453;49194720
1454;49228152
1455;49261585
1456;49295018
1457;49328451
1458;49361883
1459;49395316
1460;49428749
1461;49462182
1462;49495614
1463;49529047
1464;49562480
1465;49595913
1466;49629345
1467;49662778
1468;49696211
1469;49729644
1470;49763076
1471;49796509
1472;49829942
1473;49863375
1474;49896839
1475;49930304
1476;49963800
1477;49997296
1478;50030824
1479;50064352
1480;50097912
1481;50131472
1482;50165063
1483;50198655
1484;50232246
1485;50265869
1486;50299493
1487;50333116
1488;50366739
1489;50400362
1490;50433986
1491;50467609
1492;50501232
1493;50534855
1494;50568479
1495;50602102
1496;50635725
1497;50669348
1498;50702972
1499;50736595
1500;50770218
1501;50803841
1502;50837465
1503;50871088
1504;50904711
1505;50938334
1506;50971926
1507;51005517
1508;51039045
1509;51072573
1510;51106070
1511;51139566
1512;51173030
1513;51206495
1514;51239959
1515;51273424
1516;51306888
1517;51340353
1518;51373817
1519;51407250
1520;51440683
1521;51474116
1522;51507548
1523;51540981
1524;51574414
1525;51607847
1526;51641279
1527;51674712
1528;51708145
1529;51741578
1530;51775010
1531;51808443
1532;51841876
1533;51875309
1534;51908741
1535;51942174
1536;51975607
1537;52009040
1538;52042472
1539;52075905
1540;52109338
1541;52142771
1542;52176203
1543;52209636
1544;52243069
1545;52276502
1546;52309966
1547;52343431
1548;52376959
1549;52410487
1550;52444046
1551;52477606
1552;52511198
1553;52544789
1554;52578412
1555;52612036
1556;52645659
1557;52679282
1558;52712905
1559;52746529
1560;52780152
1561;52813775
1562;52847398
1563;52881022
1564;52914645
1565;52948268
1566;52981891
1567;53015515
1568;53049138
1569;53082761
1570;53116384
1571;53150008
1572;53183631
1573;53217254
1574;53250877
1575;53284501
1576;53318092
1577;53351684
1578;53385212
1579;53418740
1580;53452204
1581;53485669
1582;53519101
1583;53552534
1584;53585935
1585;53619336
1586;53652737
1587;53686138
1588;53719539
1589;53752940
1590;53786341
1591;53819742
1592;53853143
1593;53886544
1594;53919945
1595;53953346
1596;53986747
1597;54020148
1598;54053549
1599;54086950
1600;54120351
1601;54153752
1602;54187153
1603;54220554
1604;54253955
1605;54287356
1606;54320789
1607;54354222
1608;54387686
1609;54421151
1610;54454647
1611;54488143
1612;54521671
1613;54555199
1614;54588759
1615;54622319
1616;54655910
1617;54689502
1618;54723125
1619;54756748
1620;54790371
1621;54823995
1622;54857618
1623;54891241
1624;54924864
1625;54958488
1626;54992111
1627;55025734
1628;55059357
1629;55092981
1630;55126604
1631;55160227
1632;55193850
1633;55227474
1634;55261097
1635;55294720
1636;55328343
1637;55361967
1638;55395590
1639;55429213
1640;55462836
1641;55496460
1642;55530051
1643;55563643
1644;55597171
1645;55630699
1646;55664195
1647;55697691
1648;55731156
1649;55764620
1650;55798085
1651;55831549
1652;55865014
1653;55898446
1654;55931879
1655;55965312
1656;55998745
1657;56032177
1658;56065610
1659;56099043
1660;56132476
1661;56165908
1662;56199341
1663;56232774
1664;56266207
1665;56299639
1666;56333072
1667;56366505
1668;56399938
1669;56433370
1670;56466803
1671;56500236
1672;56533669
1673;56567101
1674;56600534
1675;56633967
1676;56667400
1677;56700832
1678;56734265
1679;56767698
1680;56801131
1681;56834595
1682;56868060
1683;56901588
1684;56935116
1685;56968675
1686;57002235
1687;57035827
1688;57069418
1689;57103041
1690;57136665
1691;57170288
1692;57203911
1693;57237534
1694;57271158
1695;57304781
1696;57338404
1697;57372027
1698;57405651
1699;57439274
1700;57472897
1701;57506520
1702;57540144
1703;57573767
1704;57607390
1705;57641013
1706;57674637
1707;57708260
1708;57741883
1709;57775506
1710;57809098
1711;57842689
1712;57876217
1713;57909745
1714;57943242
1715;57976738
1716;58010234
1717;58043699
1718;58077163
1719;58110564
1720;58143965
1721;58177366
1722;58210767
1723;58244168
1724;58277569
1725;58310970
1726;58344371
1727;58377772
1728;58411173
1729;58444574
1730;58477975
1731;58511376
1732;58544777
1733;58578178
1734;58611579
1735;58644980
1736;58678381
1737;58711782
1738;58745183
1739;58778584
1740;58812017
1741;58845450
1742;58878946
1743;58912442
1744;58945970
1745;58979498
1746;59013090
1747;59046681
1748;59080304
1749;59113928
1750;59147551
1751;59181174
1752;59214797
1753;59248421
1754;59282044
1755;59315667
1756;59349290
1757;59382914
1758;59416537
1759;59450160
1760;59483783
1761;59517407
1762;59551030
