1;0
2;33369
3;66738
4;100107
5;133477
6;166846
7;200215
8;233584
9;266954
10;300323
11;333692
12;367061
13;400431
14;433800
15;467169
16;500538
17;533908
18;567277
19;600646
20;634015
21;667385
22;700754
23;734123
24;767492
25;800862
26;834231
27;867600
28;900969
29;934339
30;967708
31;1001077
32;1034446
33;1067816
34;1101185
35;1134554
36;1167923
37;1201293
38;1234662
39;1268031
40;1301432
41;1334833
42;1368298
43;1401762
44;1435893
45;1470025
46;1504156
47;1538287
48;1572418
49;1606550
50;1640681
51;1674812
52;1708943
53;1743075
54;1777206
55;1811337
56;1845468
57;1879600
58;1913731
59;1947862
60;1981993
61;2016125
62;2050256
63;2084387
64;2118518
65;2152650
66;2186781
67;2220912
68;2255043
69;2289175
70;2323306
71;2357437
72;2391568
73;2425700
74;2459831
75;2493962
76;2528093
77;2562225
78;2596356
79;2630487
80;2664618
81;2698750
82;2732881
83;2767012
84;2801143
85;2835275
86;2869406
87;2903537
88;2937668
89;2971800
90;3005931
91;3039427
92;3072923
93;3106420
94;3139916
95;3173412
96;3206908
97;3240405
98;3273901
99;3307397
100;3340893
101;3374390
102;3407886
103;3441414
104;3474942
105;3508470
106;3542030
107;3575589
108;3609149
109;3642709
110;3676269
111;3709828
112;3743388
113;3776948
114;3810508
115;3844067
116;3877627
117;3911187
118;3944747
119;3978306
120;4011866
121;4045426
122;4078986
123;4112545
124;4146105
125;4179665
126;4213225
127;4246784
128;4280344
129;4313904
130;4347464
131;4381023
132;4414583
133;4448143
134;4481703
135;4515262
136;4548822
137;4582382
138;4615942
139;4649501
140;4683061
141;4716621
142;4750181
143;4783740
144;4817300
145;4850860
146;4884420
147;4917979
148;4951539
149;4985099
150;5018659
151;5052218
152;5085778
153;5119338
154;5152866
155;5186394
156;5219890
157;5253386
158;5286883
159;5320379
160;5353875
161;5387371
162;5420868
163;5454364
164;5487860
165;5521356
166;5554853
167;5588349
168;5621845
169;5655341
170;5688838
171;5722334
172;5755830
173;5789326
174;5822823
175;5856319
176;5889815
177;5923311
178;5956808
179;5990304
180;6023800
181;6057296
182;6090793
183;6124289
184;6157785
185;6191281
186;6224778
187;6258274
188;6291770
189;6325266
190;6358763
191;6392259
192;6425755
193;6459251
194;6492748
195;6526244
196;6559740
197;6593236
198;6626733
199;6660229
200;6693725
201;6727221
202;6760718
203;6794214
204;6827710
205;6861206
206;6894703
207;6928199
208;6961695
209;6995191
210;7028688
211;7062184
212;7095680
213;7129176
214;7162673
215;7196169
216;7229665
217;7263161
218;7296658
219;7330154
220;7363650
221;7397146
222;7430643
223;7464139
224;7497635
225;7531131
226;7564628
227;7598124
228;7631620
229;7665116
230;7698613
231;7732109
232;7765605
233;7799101
234;7832598
235;7866094
236;7899590
237;7933086
238;7966583
239;8000079
240;8033575
241;8067071
242;8100568
243;8134064
244;8167560
245;8201056
246;8234553
247;8268049
248;8301545
249;8335041
250;8368538
251;8402034
252;8435530
253;8469026
254;8502523
255;8536019
256;8569515
257;8603011
258;8636508
259;8670004
260;8703500
261;8736996
262;8770493
263;8803989
264;8837485
265;8870981
266;8904478
267;8937974
268;8971502
269;9005030
270;9038558
271;9072118
272;9105677
273;9139269
274;9172860
275;9206452
276;9240043
277;9273635
278;9307226
279;9340818
280;9374409
281;9408001
282;9441592
283;9475184
284;9508775
285;9542367
286;9575958
287;9609550
288;9643141
289;9676733
290;9710324
291;9743916
292;9777507
293;9811099
294;9844690
295;9878282
296;9911873
297;9945465
298;9979056
299;10012648
300;10046239
301;10079799
302;10113359
303;10146855
304;10180351
305;10213816
306;10247280
307;10280745
308;10314209
309;10347674
310;10381138
311;10414603
312;10448067
313;10481532
314;10514996
315;10548461
316;10581925
317;10615390
318;10648854
319;10682319
320;10715783
321;10749248
322;10782712
323;10816177
324;10849641
325;10883106
326;10916570
327;10950035
328;10983499
329;11016964
330;11050428
331;11083893
332;11117357
333;11150822
334;11184286
335;11217751
336;11251215
337;11284680
338;11318144
339;11351609
340;11385073
341;11418538
342;11452002
343;11485467
344;11518931
345;11552396
346;11585860
347;11619325
348;11652789
349;11686254
350;11719718
351;11753215
352;11786711
353;11820271
354;11853830
355;11887390
356;11920950
357;11954541
358;11988133
359;12021724
360;12055316
361;12088907
362;12122499
363;12156090
364;12189682
365;12223273
366;12256865
367;12290456
368;12324048
369;12357639
370;12391231
371;12424822
372;12458414
373;12492005
374;12525597
375;12559188
376;12592780
377;12626371
378;12659963
379;12693554
380;12727146
381;12760737
382;12794329
383;12827920
384;12861512
385;12895103
386;12928695
387;12962255
388;12995814
389;13029311
390;13062807
391;13096271
392;13129736
393;13163200
394;13196633
395;13230066
396;13263499
397;13296931
398;13330364
399;13363797
400;13397230
401;13430662
402;13464095
403;13497528
404;13530961
405;13564393
406;13597826
407;13631259
408;13664692
409;13698124
410;13731557
411;13764990
412;13798423
413;13831855
414;13865288
415;13898721
416;13932154
417;13965586
418;13999019
419;14032452
420;14065885
421;14099317
422;14132782
423;14166246
424;14199774
425;14233302
426;14266862
427;14300422
428;14334013
429;14367605
430;14401196
431;14434820
432;14468443
433;14502066
434;14535689
435;14569313
436;14602936
437;14636559
438;14670182
439;14703806
440;14737429
441;14771052
442;14804675
443;14838299
444;14871922
445;14905545
446;14939168
447;14972792
448;15006415
449;15040038
450;15073661
451;15107253
452;15140844
453;15174372
454;15207900
455;15241428
456;15274925
457;15308421
458;15341917
459;15375413
460;15408910
461;15442374
462;15475839
463;15509303
464;15542768
465;15576232
466;15609697
467;15643161
468;15676626
469;15710090
470;15743555
471;15777019
472;15810484
473;15843948
474;15877413
475;15910877
476;15944342
477;15977806
478;16011271
479;16044735
480;16078200
481;16111664
482;16145129
483;16178593
484;16212058
485;16245522
486;16278987
487;16312451
488;16345916
489;16379380
490;16412845
491;16446309
492;16479774
493;16513238
494;16546703
495;16580167
496;16613632
497;16647096
498;16680561
499;16714025
500;16747490
501;16780954
502;16814419
503;16847883
504;16881348
505;16914812
506;16948277
507;16981741
508;17015237
509;17048734
510;17082262
511;17115790
512;17149318
513;17182846
514;17216374
515;17249933
516;17283493
517;17317053
518;17350613
519;17384204
520;17417796
521;17451387
522;17484979
523;17518570
524;17552162
525;17585753
526;17619345
527;17652936
528;17686528
529;17720119
530;17753711
531;17787302
532;17820894
533;17854485
534;17888077
535;17921668
536;17955260
537;17988851
538;18022443
539;18056034
540;18089626
541;18123217
542;18156809
543;18190400
544;18223992
545;18257583
546;18291175
547;18324734
548;18358294
549;18391790
550;18425287
551;18458751
552;18492216
553;18525648
554;18559081
555;18592514
556;18625947
557;18659379
558;18692812
559;18726245
560;18759678
561;18793110
562;18826543
563;18859976
564;18893409
565;18926841
566;18960274
567;18993707
568;19027140
569;19060572
570;19094005
571;19127438
572;19160871
573;19194303
574;19227736
575;19261169
576;19294602
577;19328034
578;19361467
579;19394900
580;19428333
581;19461797
582;19495262
583;19528790
584;19562318
585;19595909
586;19629501
587;19663124
588;19696747
589;19730370
590;19763994
591;19797617
592;19831240
593;19864863
594;19898487
595;19932110
596;19965733
597;19999356
598;20032980
599;20066603
600;20100226
601;20133849
602;20167473
603;20201096
604;20234719
605;20268342
606;20301966
607;20335589
608;20369212
609;20402835
610;20436427
611;20470018
612;20503546
613;20537074
614;20570539
615;20604003
616;20637436
617;20670869
618;20704302
619;20737734
620;20771167
621;20804600
622;20838033
623;20871465
624;20904898
625;20938331
626;20971764
627;21005196
628;21038629
629;21072062
630;21105495
631;21138927
632;21172360
633;21205793
634;21239226
635;21272658
636;21306091
637;21339524
638;21372957
639;21406389
640;21439822
641;21473255
642;21506688
643;21540120
644;21573553
645;21606986
646;21640419
647;21673851
648;21707316
649;21740780
650;21774308
651;21807836
652;21841396
653;21874956
654;21908516
655;21942075
656;21975635
657;22009227
658;22042818
659;22076410
660;22110001
661;22143593
662;22177184
663;22210776
664;22244367
665;22277959
666;22311550
667;22345142
668;22378733
669;22412325
670;22445916
671;22479508
672;22513099
673;22546691
674;22580282
675;22613874
676;22647465
677;22681057
678;22714648
679;22748240
680;22781831
681;22815423
682;22849014
683;22882606
684;22916197
685;22949789
686;22983380
687;23016972
688;23050531
689;23084091
690;23117587
691;23151084
692;23184548
693;23218013
694;23251477
695;23284942
696;23318406
697;23351871
698;23385335
699;23418800
700;23452264
701;23485729
702;23519193
703;23552658
704;23586122
705;23619587
706;23653051
707;23686516
708;23719980
709;23753445
710;23786909
711;23820374
712;23853838
713;23887303
714;23920767
715;23954232
716;23987696
717;24021161
718;24054625
719;24088090
720;24121554
721;24155019
722;24188483
723;24221948
724;24255412
725;24288877
726;24322341
727;24355806
728;24389270
729;24422735
730;24456199
731;24489664
732;24523128
733;24556593
734;24590057
735;24623522
736;24656986
737;24690451
738;24723915
739;24757411
740;24790908
741;24824467
742;24858027
743;24891619
744;24925210
745;24958802
746;24992393
747;25025985
748;25059576
749;25093168
750;25126759
751;25160351
752;25193942
753;25227534
754;25261125
755;25294717
756;25328308
757;25361900
758;25395491
759;25429083
760;25462674
761;25496266
762;25529857
763;25563449
764;25597040
765;25630632
766;25664223
767;25697815
768;25731406
769;25764998
770;25798589
771;25832181
772;25865772
773;25899364
774;25932923
775;25966483
776;25999979
777;26033476
778;26066940
779;26100405
780;26133869
781;26167334
782;26200798
783;26234263
784;26267727
785;26301192
786;26334656
787;26368121
788;26401585
789;26435050
790;26468514
791;26501979
792;26535443
793;26568908
794;26602372
795;26635837
796;26669301
797;26702766
798;26736230
799;26769695
800;26803159
801;26836624
802;26870088
803;26903553
804;26937017
805;26970482
806;27003946
807;27037411
808;27070875
809;27104340
810;27137804
811;27171269
812;27204733
813;27238198
814;27271662
815;27305127
816;27338591
817;27372056
818;27405520
819;27438985
820;27472449
821;27505914
822;27539378
823;27572843
824;27606307
825;27639803
826;27673300
827;27706859
828;27740419
829;27774011
830;27807602
831;27841194
832;27874785
833;27908408
834;27942032
835;27975655
836;28009278
837;28042901
838;28076525
839;28110148
840;28143771
841;28177394
842;28211018
843;28244641
844;28278264
845;28311887
846;28345511
847;28379134
848;28412757
849;28446380
850;28480004
851;28513627
852;28547218
853;28580810
854;28614338
855;28647866
856;28681362
857;28714858
858;28748323
859;28781787
860;28815220
861;28848653
862;28882086
863;28915518
864;28948951
865;28982384
866;29015817
867;29049249
868;29082682
869;29116115
870;29149548
871;29182980
872;29216413
873;29249846
874;29283279
875;29316711
876;29350144
877;29383577
878;29417010
879;29450442
880;29483875
881;29517308
882;29550741
883;29584173
884;29617606
885;29651039
886;29684472
887;29717904
888;29751337
889;29784802
890;29818266
891;29851794
892;29885322
893;29918882
894;29952442
895;29986033
896;30019625
897;30053216
898;30086808
899;30120399
900;30153991
901;30187582
902;30221174
903;30254765
904;30288357
905;30321948
906;30355540
907;30389131
908;30422723
909;30456314
910;30489906
911;30523497
912;30557089
913;30590680
914;30624272
915;30657863
916;30691455
917;30725046
918;30758638
919;30792229
920;30825821
921;30859412
922;30893004
923;30926595
924;30960187
925;30993778
926;31027338
927;31060898
928;31094426
929;31127954
930;31161450
931;31194946
932;31228442
933;31261939
934;31295403
935;31328868
936;31362332
937;31395765
938;31429198
939;31462630
940;31496063
941;31529496
942;31562929
943;31596361
944;31629794
945;31663227
946;31696660
947;31730092
948;31763525
949;31796958
950;31830391
951;31863823
952;31897256
953;31930689
954;31964122
955;31997554
956;32030987
957;32064420
958;32097853
959;32131285
960;32164718
961;32198151
962;32231584
963;32265016
964;32298481
965;32331945
966;32365473
967;32399001
968;32432561
969;32466121
970;32499744
971;32533367
972;32566991
973;32600614
974;32634237
975;32667860
976;32701484
977;32735107
978;32768730
979;32802353
980;32835977
981;32869600
982;32903223
983;32936846
984;32970470
985;33004093
986;33037716
987;33071339
988;33104963
989;33138586
990;33172209
991;33205832
992;33239424
993;33273015
994;33306543
995;33340071
996;33373536
997;33407000
998;33440465
999;33473929
1000;33507394
1001;33540858
1002;33574323
1003;33607787
1004;33641252
1005;33674716
1006;33708181
1007;33741645
1008;33775110
1009;33808574
1010;33842039
1011;33875503
1012;33908968
1013;33942432
1014;33975897
1015;34009361
1016;34042826
1017;34076290
1018;34109755
1019;34143219
1020;34176684
1021;34210148
1022;34243613
1023;34277077
1024;34310542
1025;34344006
1026;34377471
1027;34410935
1028;34444400
1029;34477864
1030;34511329
1031;34544793
1032;34578258
1033;34611722
1034;34645187
1035;34678651
1036;34712116
1037;34745580
1038;34779045
1039;34812509
1040;34845974
1041;34879438
1042;34912903
1043;34946367
1044;34979864
1045;35013360
1046;35046920
1047;35080479
1048;35114071
1049;35147662
1050;35181254
1051;35214845
1052;35248437
1053;35282028
1054;35315620
1055;35349211
1056;35382803
1057;35416394
1058;35449986
1059;35483577
1060;35517169
1061;35550760
1062;35584352
1063;35617943
1064;35651535
1065;35685126
1066;35718718
1067;35752309
1068;35785901
1069;35819492
1070;35853084
1071;35886675
1072;35920267
1073;35953858
1074;35987450
1075;36021041
1076;36054633
1077;36088224
1078;36121784
1079;36155344
1080;36188840
1081;36222336
1082;36255801
1083;36289265
1084;36322698
1085;36356131
1086;36389564
1087;36422996
1088;36456429
1089;36489862
1090;36523295
1091;36556727
1092;36590160
1093;36623593
1094;36657026
1095;36690458
1096;36723891
1097;36757324
1098;36790757
1099;36824189
1100;36857622
1101;36891055
1102;36924488
1103;36957920
1104;36991353
1105;37024786
1106;37058219
1107;37091651
1108;37125084
1109;37158517
1110;37191950
1111;37225382
1112;37258847
1113;37292311
1114;37325839
1115;37359367
1116;37392927
1117;37426487
1118;37460078
1119;37493670
1120;37527293
1121;37560916
1122;37594540
1123;37628163
1124;37661786
1125;37695409
1126;37729033
1127;37762656
1128;37796279
1129;37829902
1130;37863526
1131;37897149
1132;37930772
1133;37964395
1134;37998019
1135;38031642
1136;38065265
1137;38098888
1138;38132512
1139;38166135
1140;38199758
1141;38233350
1142;38266941
1143;38300469
1144;38333997
1145;38367462
1146;38400926
1147;38434391
1148;38467855
1149;38501288
1150;38534721
1151;38568153
1152;38601586
1153;38635019
1154;38668452
1155;38701884
1156;38735317
1157;38768750
1158;38802183
1159;38835615
1160;38869048
1161;38902481
1162;38935914
1163;38969346
1164;39002779
1165;39036212
1166;39069645
1167;39103077
1168;39136510
1169;39169943
1170;39203376
1171;39236808
1172;39270241
1173;39303674
1174;39337107
1175;39370539
1176;39403972
1177;39437405
1178;39470869
1179;39504334
1180;39537862
1181;39571390
1182;39604950
1183;39638509
1184;39672069
1185;39705661
1186;39739252
1187;39772844
1188;39806435
1189;39840027
1190;39873618
1191;39907210
1192;39940801
1193;39974393
1194;40007984
1195;40041576
1196;40075167
1197;40108759
1198;40142350
1199;40175942
1200;40209533
1201;40243125
1202;40276716
1203;40310308
1204;40343899
1205;40377491
1206;40411082
1207;40444674
1208;40478265
1209;40511857
1210;40545448
1211;40579040
1212;40612631
1213;40646223
1214;40679814
1215;40713406
1216;40746965
1217;40780525
1218;40814021
1219;40847518
1220;40880982
1221;40914447
1222;40947911
1223;40981376
1224;41014840
1225;41048305
1226;41081769
1227;41115234
1228;41148698
1229;41182163
1230;41215627
1231;41249092
1232;41282556
1233;41316021
1234;41349485
1235;41382950
1236;41416414
1237;41449879
1238;41483343
1239;41516808
1240;41650666
1241;41684130
1242;41717595
1243;41751059
1244;41784524
1245;41817988
1246;41851453
1247;41884917
1248;41918382
1249;41951846
1250;41985311
1251;42018775
1252;42052240
1253;42085704
1254;42119169
1255;42152633
1256;42186098
1257;42219562
1258;42253027
1259;42286491
1260;42319956
1261;42353420
1262;42386916
1263;42420413
1264;42453941
1265;42487469
1266;42521028
1267;42554588
1268;42588180
1269;42621771
1270;42655363
1271;42688954
1272;42722546
1273;42756137
1274;42789729
1275;42823320
1276;42856912
1277;42890503
1278;42924095
1279;42957686
1280;42991278
1281;43024869
1282;43058461
1283;43092052
1284;43125644
1285;43159235
1286;43192827
1287;43226418
1288;43260010
1289;43293601
1290;43327193
1291;43360784
1292;43394376
1293;43427967
1294;43461559
1295;43495150
1296;43528742
1297;43562333
1298;43595893
1299;43629453
1300;43662949
1301;43696445
1302;43729910
1303;43763374
1304;43796839
1305;43830303
1306;43863768
1307;43897232
1308;43930697
1309;43964161
1310;43997626
1311;44031090
1312;44064555
1313;44098019
1314;44131484
1315;44164948
1316;44198413
1317;44231877
1318;44265342
1319;44298806
1320;44332271
1321;44466129
1322;44499593
1323;44533058
1324;44566522
1325;44599987
1326;44633451
1327;44666916
1328;44700380
1329;44733845
1330;44767309
1331;44800774
1332;44834238
1333;44867703
1334;44901167
1335;44934632
1336;44968096
1337;45001561
1338;45035025
1339;45068490
1340;45101954
1341;45135419
1342;45168883
1343;45202348
1344;45235812
1345;45269277
1346;45302773
1347;45336269
1348;45369829
1349;45403389
1350;45436980
1351;45470572
1352;45504195
1353;45537818
1354;45571441
1355;45605065
1356;45638688
1357;45672311
1358;45705934
1359;45739558
1360;45773181
1361;45806804
1362;45840427
1363;45874051
1364;45907674
1365;45941297
1366;45974920
1367;46075790
1368;46109413
1369;46143037
1370;46176628
1371;46210220
1372;46243748
1373;46277276
1374;46310740
1375;46344205
1376;46377637
1377;46411070
1378;46444503
1379;46477936
1380;46511368
1381;46544801
1382;46578234
1383;46611667
1384;46645099
1385;46678532
1386;46711965
1387;46745398
1388;46778830
1389;46812263
1390;46845696
1391;46879129
1392;46912561
1393;46945994
1394;46979427
1395;47012860
1396;47046292
1397;47079725
1398;47113158
1399;47146591
1400;47180023
1401;47213456
1402;47246889
1403;47280322
1404;47313754
1405;47347187
1406;47380652
1407;47414116
1408;47447612
1409;47481109
1410;47514668
1411;47548228
1412;47581788
1413;47615379
1414;47648971
1415;47682594
1416;47716217
1417;47749841
1418;47783464
1419;47817087
1420;47850710
1421;47884334
1422;47917957
1423;47951580
1424;47985203
1425;48018827
1426;48052450
1427;48086073
1428;48119696
1429;48153320
1430;48186943
1431;48220566
1432;48254189
1433;48287813
1434;48321436
1435;48355059
1436;48388651
1437;48422242
1438;48455770
1439;48489298
1440;48522763
1441;48556227
1442;48589660
1443;48623093
1444;48656494
1445;48689895
1446;48723296
1447;48756697
1448;48790098
1449;48823499
1450;48856900
1451;48890301
1452;48923702
1453;48957103
1454;48990504
1455;49023905
1456;49057306
1457;49090707
1458;49124108
1459;49157509
1460;49190910
1461;49224311
1462;49257712
1463;49291113
1464;49324514
1465;49357946
1466;49391379
1467;49424875
1468;49458372
1469;49491931
1470;49525491
1471;49559083
1472;49592674
1473;49626266
1474;49659857
1475;49693449
1476;49727040
1477;49760632
1478;49794223
1479;49827815
1480;49861406
1481;49894998
1482;49928589
1483;49962181
1484;49995772
1485;50029364
1486;50062955
1487;50096547
1488;50130138
1489;50163730
1490;50197321
1491;50230913
1492;50264504
1493;50298096
1494;50331687
1495;50365279
1496;50398870
1497;50432462
1498;50466053
1499;50499645
1500;50533236
1501;50566828
1502;50600419
1503;50634011
1504;50667602
1505;50701162
1506;50734722
1507;50768218
1508;50801714
1509;50835147
1510;50868580
1511;50902012
1512;50935445
1513;50968878
1514;51002311
1515;51035743
1516;51069176
1517;51102609
1518;51136042
1519;51169474
1520;51202907
1521;51236340
1522;51269773
1523;51303205
1524;51336638
1525;51370071
1526;51403504
1527;51436936
1528;51470369
1529;51503802
1530;51537235
1531;51570667
1532;51604100
1533;51637533
1534;51670966
1535;51704398
1536;51737831
1537;51771296
1538;51804760
1539;51838288
1540;51871816
1541;51905408
1542;51938999
1543;51972591
1544;52006182
1545;52039774
1546;52073365
1547;52106957
1548;52140548
1549;52174140
1550;52207731
1551;52241323
1552;52274914
1553;52308506
1554;52342097
1555;52375689
1556;52409280
1557;52442872
1558;52476463
1559;52510055
1560;52543646
1561;52577238
1562;52610829
1563;52644421
1564;52678012
1565;52711604
1566;52745195
1567;52778787
1568;52812378
1569;52845970
1570;52879561
1571;52913153
1572;52946744
1573;52980304
1574;53013864
1575;53047360
1576;53080856
1577;53114289
1578;53147722
1579;53181123
1580;53214524
1581;53247925
1582;53281326
1583;53314727
1584;53348128
1585;53381529
1586;53414930
1587;53448331
1588;53481732
1589;53515133
1590;53548534
1591;53581935
1592;53615336
1593;53648737
1594;53682138
1595;53715539
1596;53748940
1597;53782341
1598;53815742
1599;53849143
1600;53882575
1601;53916008
1602;53949473
1603;53982937
1604;54016465
1605;54049993
1606;54083553
1607;54117113
1608;54150672
1609;54184232
1610;54217792
1611;54251352
1612;54284911
1613;54318503
1614;54352094
1615;54385686
1616;54419277
1617;54452869
1618;54486460
1619;54520052
1620;54553643
1621;54587235
1622;54620826
1623;54654418
1624;54688009
1625;54721601
1626;54755192
1627;54788784
1628;54822375
1629;54855967
1630;54889558
1631;54923150
1632;54956741
1633;54990333
1634;55023924
1635;55057516
1636;55091107
1637;55124699
1638;55158290
1639;55191882
1640;55225473
1641;55259065
1642;55292656
1643;55326248
1644;55359839
1645;55393431
1646;55426991
1647;55460550
1648;55494047
1649;55527543
1650;55561007
1651;55594472
1652;55627936
1653;55661369
1654;55694802
1655;55728235
1656;55761667
1657;55795100
1658;55828533
1659;55861966
1660;55895398
1661;55928831
1662;55962264
1663;55995697
1664;56029129
1665;56062562
1666;56095995
1667;56129428
1668;56162860
1669;56196293
1670;56229726
1671;56263159
1672;56296591
1673;56330024
1674;56363457
1675;56396890
1676;56430322
1677;56463755
1678;56497188
1679;56530621
1680;56564085
1681;56597550
1682;56631078
1683;56664606
1684;56698197
1685;56731789
1686;56765380
1687;56798972
1688;56832563
1689;56866155
1690;56899746
1691;56933338
1692;56966929
