1;0
2;63212
3;96728
4;130244
5;163760
6;197276
7;230792
8;264308
9;297824
10;331340
11;364856
12;398372
13;431888
14;465404
15;498920
16;532436
17;565952
18;599468
19;632984
20;666500
21;700016
22;733532
23;767048
24;800564
25;834080
26;867596
27;901112
28;934628
29;968144
30;1001660
31;1035176
32;1068692
33;1102208
34;1135724
35;1169240
36;1202756
37;1236272
38;1269788
39;1303304
40;1336820
41;1370336
42;1403852
43;1437368
44;1470884
45;1504400
46;1537916
47;1571432
48;1604948
49;1638464
50;1671980
51;1705496
52;1739012
53;1772528
54;1806044
55;1839560
56;1873076
57;1906592
58;1940108
59;1973624
60;2007140
61;2040656
62;2074172
63;2107688
64;2141204
65;2174720
66;2208236
67;2241752
68;2275268
69;2308784
70;2342300
71;2375816
72;2409332
73;2442848
74;2476364
75;2509880
76;2543396
77;2576912
78;2610428
79;2643944
80;2677460
81;2710976
82;2744492
83;2778008
84;2811524
85;2845040
86;2878556
87;2912072
88;2945588
89;2979104
90;3012620
91;3046136
92;3079652
93;3113168
94;3146684
95;3180200
96;3213716
97;3247232
98;3280748
99;3314264
100;3347780
101;3381296
102;3414812
103;3448328
104;3481844
105;3515360
106;3548876
107;3582392
108;3615908
109;3649424
110;3682940
111;3716456
112;3749972
113;3783488
114;3817004
115;3850520
116;3884036
117;3917552
118;3951068
119;3984584
120;4018100
121;4051616
122;4085132
123;4118648
124;4152164
125;4185680
126;4219196
127;4252712
128;4286228
129;4319744
130;4353260
131;4386776
132;4420292
133;4453808
134;4487324
135;4520840
136;4554356
137;4587872
138;4621388
139;4654904
140;4688420
141;4721936
142;4755452
143;4788968
144;4822484
145;4856000
146;4889516
147;4923032
148;4956548
149;4990064
150;5023580
151;5057096
152;5090612
153;5124128
154;5157644
155;5191160
156;5224676
157;5258192
158;5291708
159;5325224
160;5358740
161;5392256
162;5425772
163;5459288
164;5492804
165;5526320
166;5559836
167;5593352
168;5626868
169;5660384
170;5693900
171;5727416
172;5760932
173;5794448
174;5827964
175;5861480
176;5894996
177;5928512
178;5962028
179;5995544
180;6029060
181;6062576
182;6096092
183;6129608
184;6163124
185;6196640
186;6230156
187;6263672
188;6297188
189;6330704
190;6364220
191;6397736
192;6431252
193;6464768
194;6498284
195;6531800
196;6565316
197;6598832
198;6632348
199;6665864
200;6699380
201;6732896
202;6766412
203;6799928
204;6833444
205;6866960
206;6900476
207;6933992
208;6967508
209;7001024
210;7034540
211;7068056
212;7101572
213;7135088
214;7168604
215;7202120
216;7235636
217;7269152
218;7302668
219;7336184
220;7369700
221;7403216
222;7436732
223;7470248
224;7503764
225;7537280
226;7570796
227;7604312
228;7637828
229;7671344
230;7704860
231;7738376
232;7771892
233;7805408
234;7838924
235;7872440
236;7905956
237;7939472
238;7972988
239;8006504
240;8040020
241;8073536
242;8107052
243;8140568
244;8174084
245;8207600
246;8241116
247;8274632
248;8308148
249;8341664
250;8375180
251;8408696
252;8442212
253;8475728
254;8509244
255;8542760
256;8576276
257;8609792
258;8643308
259;8676824
260;8710340
261;8743856
262;8777372
263;8810888
264;8844404
265;8877920
266;8911436
267;8944952
268;8978468
269;9011984
270;9045500
271;9079016
272;9112532
273;9146048
274;9179564
275;9213080
276;9246596
277;9280112
278;9313628
279;9347144
280;9380660
281;9414176
282;9447692
283;9481208
284;9514724
285;9548240
286;9581756
287;9615272
288;9648788
289;9682304
290;9715820
291;9749336
292;9782852
293;9816368
294;9849884
295;9883400
296;9916916
297;9950432
298;9983948
299;10017464
300;10050980
301;10084496
302;10118012
303;10151528
304;10185044
305;10218560
306;10252076
307;10285592
308;10319108
309;10352624
310;10386140
311;10419656
312;10453172
313;10486688
314;10520204
315;10553720
316;10587236
317;10620752
318;10654268
319;10687784
320;10721300
321;10754816
322;10788332
323;10821848
324;10855364
325;10888880
326;10922396
327;10955912
328;10989428
329;11022944
330;11056460
331;11089976
332;11123492
333;11157008
334;11190524
335;11224040
336;11257556
337;11291072
338;11324588
339;11358104
340;11391620
341;11425136
342;11458652
343;11492168
344;11525684
345;11559200
346;11592716
347;11626232
348;11659748
349;11693264
350;11726780
351;11760296
352;11793812
353;11827328
354;11860844
355;11894360
356;11927876
357;11961392
358;11994908
359;12028424
360;12061940
361;12095456
362;12128972
363;12162488
364;12196004
365;12229520
366;12263036
367;12296552
368;12330068
369;12363584
370;12397100
371;12430616
372;12464132
373;12497648
374;12531164
375;12564680
376;12598196
377;12631712
378;12665228
379;12698744
380;12732260
381;12765776
382;12799292
383;12832808
384;12866324
385;12899840
386;12933356
387;12966872
388;13000388
389;13033904
390;13067420
391;13100936
392;13134452
393;13167968
394;13201484
395;13235000
396;13268516
397;13302032
398;13335548
399;13369064
400;13402580
401;13436096
402;13469612
403;13503128
404;13536644
405;13570160
406;13603676
407;13637192
408;13670708
409;13704224
410;13737740
411;13771256
412;13804772
413;13838288
414;13871804
415;13905320
416;13938836
417;13972352
418;14005868
419;14039384
420;14072900
421;14106416
422;14139932
423;14173448
424;14206964
425;14240480
426;14273996
427;14307512
428;14341028
429;14374544
430;14408060
431;14441576
432;14475092
433;14508608
434;14542124
435;14575640
436;14609156
437;14642672
438;14676188
439;14709704
440;14743220
441;14776736
442;14810252
443;14843768
444;14877284
445;14910800
446;14944316
447;14977832
448;15011348
449;15044864
450;15078380
451;15111896
452;15145412
453;15178928
454;15212444
455;15245960
456;15279476
457;15312992
458;15346508
459;15380024
460;15413540
461;15447056
462;15480572
463;15514088
464;15547604
465;15581120
466;15614636
467;15648152
468;15681668
469;15715184
470;15748700
471;15782216
472;15815732
473;15849248
474;15882764
475;15916280
476;15949796
477;15983312
478;16016828
479;16050344
480;16083860
481;16117376
482;16150892
483;16184408
484;16217924
485;16251440
486;16284956
487;16318472
488;16351988
489;16385504
490;16419020
491;16452536
492;16486052
493;16519568
494;16553084
495;16586600
496;16620116
497;16653632
498;16687148
499;16720664
500;16754180
501;16787696
502;16821212
503;16854728
504;16888244
505;16921760
506;16955276
507;16988792
508;17022308
509;17055824
510;17089340
511;17122856
512;17156372
513;17189888
514;17223404
515;17256920
516;17290436
517;17323952
518;17357468
519;17390984
520;17424500
521;17458016
522;17491532
523;17525048
524;17558564
525;17592080
526;17625596
527;17659112
528;17692628
529;17726144
530;17759660
531;17793176
532;17826692
533;17860208
534;17893724
535;17927240
536;17960756
537;17994272
538;18027788
539;18061304
540;18094820
541;18128336
542;18161852
543;18195368
544;18228884
545;18262400
546;18295916
547;18329432
548;18362948
549;18396464
550;18429980
551;18463496
552;18497012
553;18530528
554;18564044
555;18597560
556;18631076
557;18664592
558;18698108
559;18731624
560;18765140
561;18798656
562;18832172
563;18865688
564;18899204
565;18932720
566;18966236
567;18999752
568;19033268
569;19066784
570;19100300
571;19133816
572;19167332
573;19200848
574;19234364
575;19267880
576;19301396
577;19334912
578;19368428
579;19401944
580;19435460
581;19468976
582;19502492
583;19536008
584;19569524
585;19603040
586;19636556
587;19670072
588;19703588
589;19737104
590;19770620
591;19804136
592;19837652
593;19871168
594;19904684
595;19938200
596;19971716
597;20005232
598;20038748
599;20072264
600;20105780
601;20139296
602;20172812
603;20206328
604;20239844
605;20273360
606;20306876
607;20340392
608;20373908
609;20407424
610;20440940
611;20474456
612;20507972
613;20541488
614;20575004
615;20608520
616;20642036
617;20675552
618;20709068
619;20742584
620;20776100
621;20809616
622;20843132
623;20876648
624;20910164
625;20943680
626;20977196
627;21010712
628;21044228
629;21077744
630;21111260
631;21144776
632;21178292
633;21211808
634;21245324
635;21278840
636;21312356
637;21345872
638;21379388
639;21412904
640;21446420
641;21479936
642;21513452
643;21546968
644;21580484
645;21614000
646;21647516
647;21681032
648;21714548
649;21748064
650;21781580
651;21815096
652;21848612
653;21882128
654;21915644
655;21949160
656;21982676
657;22016192
658;22049708
659;22083224
660;22116740
661;22150256
662;22183772
663;22217288
664;22250804
665;22284320
666;22317836
667;22351352
668;22384868
669;22418384
670;22451900
671;22485416
672;22518932
673;22552448
674;22585964
675;22619480
676;22652996
677;22686512
678;22720028
679;22753544
680;22787060
681;22820576
682;22854092
683;22887608
684;22921124
685;22954640
686;22988156
687;23021672
688;23055188
689;23088704
690;23122220
691;23155736
692;23189252
693;23222768
694;23256284
695;23289800
696;23323316
697;23356832
698;23390348
699;23423864
700;23457380
701;23490896
702;23524412
703;23557928
704;23591444
705;23624960
706;23658476
707;23691992
708;23725508
709;23759024
710;23792540
711;23826056
712;23859572
713;23893088
714;23926604
715;23960120
716;23993636
717;24027152
718;24060668
719;24094184
720;24127700
721;24161216
722;24194732
723;24228248
724;24261764
725;24295280
726;24328796
727;24362312
728;24395828
729;24429344
730;24462860
731;24496376
732;24529892
733;24563408
734;24596924
735;24630440
736;24663956
737;24697472
738;24730988
739;24764504
740;24798020
741;24831536
742;24865052
743;24898568
744;24932084
745;24965600
746;24999116
747;25032632
748;25066148
749;25099664
750;25133180
751;25166696
752;25200212
753;25233728
754;25267244
755;25300760
756;25334276
757;25367792
758;25401308
759;25434824
760;25468340
761;25501856
762;25535372
763;25568888
764;25602404
765;25635920
766;25669436
767;25702952
768;25736468
769;25769984
770;25803500
771;25837016
772;25870532
773;25904048
774;25937564
775;25971080
776;26004596
777;26038112
778;26071628
779;26105144
780;26138660
781;26172176
782;26205692
783;26239208
784;26272724
785;26306240
786;26339756
787;26373272
788;26406788
789;26440304
790;26473820
791;26507336
792;26540852
793;26574368
794;26607884
795;26641400
796;26674916
797;26708432
798;26741948
799;26775464
800;26808980
801;26842496
802;26876012
803;26909528
804;26943044
805;26976560
806;27010076
807;27043592
808;27077108
809;27110624
810;27144140
811;27177656
812;27211172
813;27244688
814;27278204
815;27311720
816;27345236
817;27378752
818;27412268
819;27445784
820;27479300
821;27512816
822;27546332
823;27579848
824;27613364
825;27646880
826;27680396
827;27713912
828;27747428
829;27780944
830;27814460
831;27847976
832;27881492
833;27915008
834;27948524
835;27982040
836;28015556
837;28049072
838;28082588
839;28116104
840;28149620
841;28183136
842;28216652
843;28250168
844;28283684
845;28317200
846;28350716
847;28384232
848;28417748
849;28451264
850;28484780
851;28518296
852;28551812
853;28585328
854;28618844
855;28652360
856;28685876
857;28719392
858;28752908
859;28786424
860;28819940
861;28853456
862;28886972
863;28920488
864;28954004
865;28987520
866;29021036
867;29054552
868;29088068
869;29121584
870;29155100
871;29188616
872;29222132
873;29255648
874;29289164
875;29322680
876;29356196
877;29389712
878;29423228
879;29456744
880;29490260
881;29523776
882;29557292
883;29590808
884;29624324
885;29657840
886;29691356
887;29724872
888;29758388
889;29791904
890;29825420
891;29858936
892;29892452
893;29925968
894;29959484
895;29993000
896;30026516
897;30060032
898;30093548
899;30127064
900;30160580
901;30194096
902;30227612
903;30261128
904;30294644
905;30328160
906;30361676
907;30395192
908;30428708
909;30462224
910;30495740
911;30529256
912;30562772
913;30596288
914;30629804
915;30663320
916;30696836
917;30730352
918;30763868
919;30797384
920;30830900
921;30864416
922;30897932
923;30931448
924;30964964
925;30998480
926;31031996
927;31065512
928;31099028
929;31132544
930;31166060
931;31199576
932;31233092
933;31266608
934;31300124
935;31333640
936;31367156
937;31400672
938;31434188
939;31467704
940;31501220
941;31534736
942;31568252
943;31601768
944;31635284
945;31668800
946;31702316
947;31735832
948;31769348
949;31802864
950;31836380
951;31869896
952;31903412
953;31936928
954;31970444
955;32003960
956;32037476
957;32070992
958;32104508
959;32138024
960;32171540
961;32205056
962;32238572
963;32272088
964;32305604
965;32339120
966;32372636
967;32406152
968;32439668
969;32473184
970;32506700
971;32540216
972;32573732
973;32607248
974;32640764
975;32674280
976;32707796
977;32741312
978;32774828
979;32808344
980;32841860
981;32875376
982;32908892
983;32942408
984;32975924
985;33009440
986;33210536
987;33244052
988;33277568
989;33311084
990;33344600
991;33378116
992;33411632
993;33445148
994;33478664
995;33512180
996;33545696
997;33579212
998;33612728
999;33646244
1000;33679760
1001;33713276
1002;33746792
1003;33780308
1004;33813824
1005;33847340
1006;33880856
1007;33914372
1008;33947888
1009;33981404
1010;34014920
1011;34048436
1012;34081952
1013;34115468
1014;34148984
1015;34182500
1016;34216016
1017;34249532
1018;34283048
1019;34316564
1020;34350080
1021;34383596
1022;34417112
1023;34450628
1024;34484144
1025;34517660
1026;34551176
1027;34584692
1028;34618208
1029;34752272
1030;34785788
1031;34819304
1032;34852820
1033;34886336
1034;34919852
1035;34953368
1036;34986884
1037;35020400
1038;35053916
1039;35087432
1040;35120948
1041;35154464
1042;35187980
1043;35221496
1044;35255012
1045;35288528
1046;35322044
1047;35355560
1048;35389076
1049;35422592
1050;35456108
1051;35489624
1052;35523140
1053;35556656
1054;35590172
1055;35623688
1056;35657204
1057;35690720
1058;35724236
1059;35757752
1060;35791268
1061;35824784
1062;35858300
1063;35891816
1064;35925332
1065;35958848
1066;35992364
1067;36025880
1068;36059396
1069;36092912
1070;36126428
1071;36159944
1072;36193460
1073;36226976
1074;36260492
1075;36294008
1076;36327524
1077;36361040
1078;36394556
1079;36428072
1080;36461588
1081;36495104
1082;36528620
1083;36562136
1084;36595652
1085;36629168
1086;36662684
1087;36696200
1088;36729716
1089;36763232
1090;36796748
1091;36830264
1092;36863780
1093;36897296
1094;36930812
1095;36964328
1096;36997844
1097;37031360
1098;37064876
1099;37098392
1100;37131908
1101;37165424
1102;37198940
1103;37232456
1104;37265972
1105;37299488
1106;37333004
1107;37366520
1108;37400036
1109;37433552
1110;37467068
1111;37500584
1112;37534100
1113;37567616
1114;37601132
1115;37634648
1116;37668164
1117;37701680
1118;37735196
1119;37768712
1120;37802228
1121;37835744
1122;37869260
1123;37902776
1124;37936292
1125;37969808
1126;38003324
1127;38036840
1128;38070356
1129;38103872
1130;38137388
1131;38170904
1132;38204420
1133;38237936
1134;38271452
1135;38304968
1136;38338484
1137;38372000
1138;38405516
1139;38439032
1140;38472548
1141;38506064
1142;38539580
1143;38573096
1144;38606612
1145;38640128
1146;38673644
1147;38707160
1148;38740676
1149;38774192
1150;38807708
1151;38841224
1152;38874740
1153;38908256
1154;38941772
1155;38975288
1156;39008804
1157;39042320
1158;39075836
1159;39109352
1160;39142868
1161;39176384
1162;39209900
1163;39243416
1164;39276932
1165;39310448
1166;39343964
1167;39377480
1168;39410996
1169;39444512
1170;39478028
1171;39511544
1172;39545060
1173;39578576
1174;39612092
1175;39645608
1176;39679124
1177;39712640
1178;39746156
1179;39779672
1180;39813188
1181;39846704
1182;39880220
1183;39913736
1184;39947252
1185;39980768
1186;40014284
1187;40047800
1188;40081316
1189;40114832
1190;40148348
1191;40181864
1192;40215380
1193;40248896
1194;40282412
1195;40315928
1196;40349444
1197;40382960
1198;40416476
1199;40449992
1200;40483508
1201;40517024
1202;40550540
1203;40584056
1204;40617572
1205;40651088
1206;40684604
1207;40718120
1208;40751636
1209;40785152
1210;40818668
1211;40852184
1212;40885700
1213;40919216
1214;40952732
1215;40986248
1216;41019764
1217;41053280
1218;41086796
1219;41120312
1220;41153828
1221;41187344
1222;41220860
1223;41254376
1224;41287892
1225;41321408
1226;41354924
1227;41388440
1228;41421956
1229;41455472
1230;41488988
1231;41522504
1232;41556020
1233;41589536
1234;41623052
1235;41656568
1236;41690084
1237;41723600
1238;41757116
1239;41790632
1240;41824148
1241;41857664
1242;41891180
1243;41924696
1244;41958212
1245;41991728
1246;42025244
1247;42058760
1248;42092276
1249;42125792
1250;42159308
1251;42192824
1252;42226340
1253;42259856
1254;42293372
1255;42326888
1256;42360404
1257;42393920
1258;42427436
1259;42460952
1260;42494468
1261;42527984
1262;42561500
1263;42595016
1264;42628532
1265;42662048
1266;42695564
1267;42729080
1268;42762596
1269;42796112
1270;42829628
1271;42863144
1272;42896660
1273;42930176
1274;42963692
1275;42997208
1276;43030724
1277;43064240
1278;43097756
1279;43131272
1280;43164788
1281;43198304
1282;43231820
1283;43265336
1284;43298852
1285;43332368
1286;43365884
1287;43399400
1288;43432916
1289;43466432
1290;43499948
1291;43533464
1292;43566980
1293;43600496
1294;43634012
1295;43667528
1296;43701044
1297;43734560
1298;43768076
1299;43801592
1300;43835108
1301;43868624
1302;43902140
1303;43935656
1304;43969172
1305;44002688
1306;44036204
1307;44069720
1308;44103236
1309;44136752
1310;44170268
1311;44203784
1312;44237300
1313;44270816
1314;44304332
1315;44337848
1316;44371364
1317;44404880
1318;44438396
1319;44471912
1320;44505428
1321;44538944
1322;44572460
1323;44605976
1324;44639492
1325;44673008
1326;44706524
1327;44740040
1328;44773556
1329;44807072
1330;44840588
1331;44874104
1332;44907620
1333;44941136
1334;44974652
1335;45008168
1336;45041684
1337;45075200
1338;45108716
1339;45142232
1340;45175748
1341;45209264
1342;45242780
1343;45276296
1344;45309812
1345;45343328
1346;45376844
1347;45410360
1348;45443876
1349;45477392
1350;45510908
1351;45544424
1352;45577940
1353;45611456
1354;45644972
1355;45678488
1356;45712004
1357;45745520
1358;45779036
1359;45812552
1360;45846068
1361;45879584
1362;45913100
1363;45946616
1364;45980132
1365;46013648
1366;46047164
1367;46080680
1368;46114196
1369;46147712
1370;46181228
1371;46214744
1372;46248260
1373;46281776
1374;46315292
1375;46348808
1376;46382324
1377;46415840
1378;46449356
1379;46482872
1380;46516388
1381;46549904
1382;46583420
1383;46616936
1384;46650452
1385;46683968
1386;46717484
1387;46751000
1388;46784516
1389;46818032
1390;46851548
1391;46885064
1392;46918580
1393;46952096
1394;46985612
1395;47019128
1396;47052644
1397;47086160
1398;47119676
1399;47153192
1400;47186708
1401;47220224
1402;47253740
1403;47287256
1404;47320772
1405;47354288
1406;47387804
1407;47421320
1408;47454836
1409;47488352
1410;47521868
1411;47555384
1412;47588900
1413;47622416
1414;47655932
1415;47689448
1416;47722964
1417;47756480
1418;47789996
1419;47823512
1420;47857028
1421;47890544
1422;47924060
1423;47957576
1424;47991092
1425;48024608
1426;48058124
1427;48091640
1428;48125156
1429;48158672
1430;48192188
1431;48225704
1432;48259220
1433;48292736
1434;48326252
1435;48359768
1436;48393284
1437;48426800
1438;48460316
1439;48493832
1440;48527348
1441;48560864
1442;48594380
1443;48627896
1444;48661412
1445;48694928
1446;48728444
1447;48761960
1448;48795476
1449;48828992
1450;48862508
1451;48896024
1452;48929540
1453;48963056
1454;48996572
1455;49030088
1456;49063604
1457;49097120
1458;49130636
1459;49164152
1460;49197668
1461;49231184
1462;49264700
1463;49298216
1464;49331732
1465;49365248
1466;49398764
1467;49432280
1468;49465796
1469;49499312
1470;49532828
1471;49566344
1472;49599860
1473;49633376
1474;49666892
1475;49700408
1476;49733924
1477;49767440
1478;49800956
1479;49834472
1480;49867988
1481;49901504
1482;49935020
1483;49968536
1484;50002052
1485;50035568
1486;50069084
1487;50102600
1488;50136116
1489;50169632
1490;50203148
1491;50236664
1492;50270180
1493;50303696
1494;50337212
1495;50370728
1496;50404244
1497;50437760
1498;50471276
1499;50504792
1500;50538308
1501;50571824
1502;50605340
1503;50638856
1504;50672372
1505;50705888
1506;50739404
1507;50772920
1508;50806436
1509;50839952
1510;50873468
1511;50906984
1512;50940500
1513;50974016
1514;51007532
1515;51041048
1516;51074564
1517;51108080
1518;51141596
1519;51175112
1520;51208628
1521;51242144
1522;51275660
1523;51309176
1524;51342692
1525;51376208
1526;51409724
1527;51443240
1528;51476756
1529;51510272
1530;51543788
1531;51577304
1532;51610820
1533;51644336
1534;51677852
1535;51711368
1536;51744884
1537;51778400
1538;51811916
1539;51845432
1540;51878948
1541;51912464
1542;51945980
1543;51979496
1544;52013012
1545;52046528
1546;52080044
1547;52113560
1548;52147076
1549;52180592
1550;52214108
1551;52247624
1552;52281140
1553;52314656
1554;52348172
1555;52381688
1556;52415204
1557;52448720
1558;52482236
1559;52515752
1560;52549268
1561;52582784
1562;52616300
1563;52649816
1564;52683332
1565;52716848
1566;52750364
1567;52783880
1568;52817396
1569;52850912
1570;52884428
1571;52917944
1572;52951460
1573;52984976
1574;53018492
1575;53052008
1576;53085524
1577;53119040
1578;53152556
1579;53186072
1580;53219588
1581;53253104
1582;53286620
1583;53320136
1584;53353652
1585;53387168
1586;53420684
1587;53454200
1588;53487716
1589;53521232
1590;53554748
1591;53588264
1592;53621780
1593;53655296
1594;53688812
1595;53722328
1596;53755844
1597;53789360
1598;53822876
1599;53856392
1600;53889908
1601;53923424
1602;53956940
1603;53990456
1604;54023972
1605;54057488
1606;54091004
1607;54124520
1608;54158036
1609;54191552
1610;54225068
1611;54258584
1612;54292100
1613;54325616
1614;54359132
1615;54392648
1616;54426164
1617;54459680
1618;54493196
1619;54526712
1620;54560228
1621;54593744
1622;54627260
1623;54660776
1624;54694292
1625;54727808
1626;54761324
1627;54794840
1628;54828356
1629;54861872
1630;54895388
1631;54928904
1632;54962420
1633;54995936
1634;55029452
1635;55062968
1636;55096484
1637;55130000
1638;55163516
1639;55197032
1640;55230548
1641;55264064
1642;55297580
1643;55331096
1644;55364612
1645;55398128
1646;55431644
1647;55465160
1648;55498676
1649;55532192
1650;55565708
1651;55599224
1652;55632740
1653;55666256
1654;55699772
1655;55733288
1656;55766804
1657;55800320
1658;55833836
1659;55867352
1660;55900868
1661;55934384
1662;55967900
1663;56001416
1664;56034932
1665;56068448
1666;56101964
1667;56135480
1668;56168996
1669;56202512
1670;56236028
1671;56269544
1672;56303060
1673;56336576
1674;56370092
1675;56403608
1676;56437124
1677;56470640
1678;56504156
1679;56537672
1680;56571188
1681;56604704
1682;56638220
1683;56671736
1684;56705252
1685;56738768
1686;56772284
1687;56805800
1688;56839316
1689;56872832
1690;56906348
1691;56939864
1692;56973380
1693;57006896
1694;57040412
1695;57073928
1696;57107444
1697;57140960
1698;57174476
1699;57207992
1700;57241508
1701;57275024
1702;57308540
1703;57342056
1704;57375572
1705;57409088
1706;57442604
1707;57476120
1708;57509636
1709;57543152
1710;57576668
1711;57610184
1712;57643700
1713;57677216
1714;57710732
1715;57744248
1716;57777764
1717;57811280
1718;57844796
1719;57878312
1720;57911828
1721;57945344
1722;57978860
1723;58012376
1724;58045892
1725;58079408
1726;58112924
1727;58146440
1728;58179956
1729;58213472
1730;58246988
1731;58280504
1732;58314020
1733;58347536
1734;58381052
1735;58414568
1736;58448084
1737;58481600
1738;58515116
1739;58548632
1740;58582148
1741;58615664
1742;58649180
1743;58682696
1744;58716212
1745;58749728
1746;58783244
1747;58816760
1748;58850276
1749;58883792
1750;58917308
1751;58950824
1752;58984340
1753;59017856
1754;59051372
1755;59084888
1756;59118404
1757;59151920
1758;59185436
1759;59218952
1760;59252468
1761;59285984
1762;59319500
1763;59353016
1764;59386532
1765;59420048
1766;59453564
1767;59487080
1768;59520596
1769;59554112
1770;59587628
1771;59621144
1772;59654660
1773;59688176
1774;59721692
1775;59755208
1776;59788724
1777;59822240
1778;59855756
1779;59889272
1780;59922788
1781;59956304
1782;59989820
1783;60023336
1784;60056852
1785;60090368
1786;60123884
1787;60157400
1788;60190916
1789;60224432
1790;60257948
1791;60291464
1792;60324980
1793;60358496
1794;60392012
1795;60425528
1796;60459044
1797;60492560
1798;60526076
1799;60559592
1800;60593108
1801;60626624
1802;60660140
1803;60693656
1804;60727172
1805;60760688
1806;60794204
1807;60827720
1808;60861236
1809;60894752
1810;60928268
1811;60961784
1812;60995300
1813;61028816
1814;61062332
1815;61095848
1816;61129364
1817;61162880
1818;61196396
1819;61229912
1820;61263428
1821;61296944
1822;61330460
1823;61363976
1824;61397492
1825;61431008
1826;61464524
1827;61498040
1828;61531556
1829;61565072
1830;61598588
1831;61632104
1832;61665620
1833;61699136
1834;61732652
1835;61766168
1836;61799684
1837;61833200
1838;61866716
1839;61900232
1840;61933748
1841;61967264
1842;62000780
1843;62034296
1844;62067812
1845;62101328
1846;62134844
1847;62168360
1848;62201876
1849;62235392
1850;62268908
1851;62302424
1852;62335940
1853;62369456
1854;62402972
1855;62436488
1856;62470004
1857;62503520
1858;62537036
1859;62570552
1860;62604068
1861;62637584
1862;62671100
1863;62704616
1864;62738132
1865;62771648
1866;62805164
1867;62838680
1868;62872196
1869;62905712
1870;62939228
1871;62972744
1872;63006260
1873;63039776
1874;63073292
1875;63106808
1876;63140324
1877;63173840
1878;63207356
1879;63240872
1880;63274388
1881;63307904
1882;63341420
1883;63374936
1884;63408452
1885;63441968
1886;63475484
1887;63509000
1888;63542516
1889;63576032
1890;63609548
1891;63643064
1892;63676580
1893;63710096
1894;63743612
1895;63777128
1896;63810644
1897;63844160
1898;63877676
1899;63911192
1900;63944708
1901;63978224
1902;64011740
1903;64045256
1904;64078772
1905;64112288
1906;64145804
1907;64179320
1908;64212836
1909;64246352
1910;64279868
1911;64313384
1912;64346900
1913;64380416
1914;64413932
1915;64447448
1916;64480964
1917;64514480
1918;64547996
1919;64581512
1920;64615028
1921;64648544
1922;64682060
1923;64715576
1924;64749092
1925;64782608
1926;64816124
1927;64849640
1928;64883156
1929;64916672
1930;64950188
1931;64983704
1932;65017220
1933;65050736
1934;65084252
1935;65117768
1936;65151284
1937;65184800
1938;65218316
1939;65251832
1940;65285348
1941;65318864
1942;65352380
1943;65385896
1944;65419412
1945;65452928
1946;65486444
1947;65519960
1948;65553476
1949;65586992
1950;65620508
1951;65654024
1952;65687540
1953;65721056
1954;65754572
1955;65788088
1956;65821604
1957;65855120
1958;65888636
1959;65922152
1960;65955668
1961;65989184
1962;66022700
1963;66056216
1964;66089732
1965;66123248
1966;66156764
1967;66190280
1968;66223796
1969;66257312
1970;66290828
1971;66324344
1972;66357860
1973;66391376
1974;66424892
1975;66458408
1976;66491924
1977;66525440
1978;66558956
1979;66592472
1980;66625988
1981;66659504
1982;66693020
1983;66726536
1984;66760052
1985;66793568
1986;66827084
1987;66860600
1988;66894116
1989;66927632
1990;66961148
1991;66994664
1992;67028180
1993;67061696
1994;67095212
1995;67128728
1996;67162244
1997;67195760
1998;67229276
1999;67262792
2000;67296308
2001;67329824
2002;67363340
2003;67396856
2004;67430372
2005;67463888
2006;67497404
2007;67530920
2008;67564436
2009;67597952
2010;67631468
2011;67664984
2012;67698500
2013;67799048
2014;67832564
2015;67866080
2016;67899596
2017;67933112
2018;67966628
2019;68000144
2020;68033660
2021;68067176
2022;68100692
2023;68134208
2024;68167724
2025;68201240
2026;68234756
2027;68268272
2028;68301788
2029;68335304
2030;68368820
2031;68402336
2032;68435852
2033;68469368
2034;68502884
2035;68536400
2036;68569916
2037;68603432
2038;68636948
2039;68670464
2040;68703980
2041;68737496
2042;68771012
2043;68804528
2044;68838044
2045;68871560
2046;68905076
2047;68938592
2048;68972108
2049;69005624
2050;69039140
2051;69072656
2052;69106172
2053;69139688
2054;69173204
2055;69206720
2056;69240236
2057;69273752
2058;69307268
2059;69340784
2060;69374300
2061;69407816
2062;69441332
2063;69474848
2064;69508364
2065;69541880
2066;69575396
2067;69608912
2068;69642428
2069;69675944
2070;69709460
2071;69742976
2072;69776492
2073;69810008
2074;69843524
2075;69877040
2076;69910556
2077;69944072
2078;69977588
2079;70011104
2080;70044620
2081;70078136
2082;70111652
2083;70145168
2084;70178684
2085;70212200
2086;70245716
2087;70279232
2088;70312748
2089;70346264
2090;70379780
2091;70413296
2092;70446812
2093;70480328
2094;70513844
2095;70547360
2096;70580876
2097;70614392
2098;70647908
2099;70681424
2100;70714940
2101;70748456
2102;70781972
2103;70815488
2104;70849004
2105;70882520
2106;70916036
2107;70949552
2108;70983068
2109;71016584
2110;71050100
2111;71083616
2112;71117132
2113;71150648
2114;71184164
2115;71217680
2116;71251196
2117;71284712
2118;71318228
2119;71351744
2120;71385260
2121;71418776
2122;71452292
2123;71485808
2124;71519324
2125;71552840
2126;71586356
2127;71619872
2128;71653388
2129;71686904
2130;71720420
2131;71753936
2132;71787452
2133;71820968
2134;71854484
2135;71888000
2136;71921516
2137;71955032
2138;71988548
2139;72022064
2140;72055580
2141;72089096
2142;72122612
2143;72156128
2144;72189644
2145;72223160
2146;72256676
2147;72290192
2148;72323708
2149;72357224
2150;72390740
2151;72424256
2152;72457772
2153;72491288
2154;72524804
2155;72558320
2156;72591836
2157;72625352
2158;72658868
2159;72692384
2160;72725900
2161;72826448
2162;72859964
2163;72893480
2164;72926996
2165;72960512
2166;72994028
2167;73027544
2168;73061060
2169;73094576
2170;73128092
2171;73161608
2172;73195124
2173;73228640
2174;73262156
2175;73295672
2176;73329188
2177;73362704
2178;73396220
2179;73429736
2180;73463252
2181;73496768
2182;73530284
2183;73563800
2184;73597316
2185;73630832
2186;73664348
2187;73697864
2188;73731380
2189;73764896
2190;73798412
2191;73831928
2192;73865444
2193;73898960
2194;73932476
2195;73965992
2196;73999508
2197;74033024
2198;74066540
2199;74100056
2200;74133572
2201;74167088
2202;74200604
2203;74234120
2204;74267636
2205;74301152
2206;74334668
2207;74368184
2208;74401700
2209;74435216
2210;74468732
2211;74502248
2212;74535764
2213;74569280
2214;74602796
2215;74636312
2216;74669828
2217;74703344
2218;74736860
2219;74770376
2220;74803892
2221;74837408
2222;74870924
2223;74904440
2224;74937956
2225;74971472
2226;75004988
2227;75038504
2228;75072020
2229;75105536
2230;75139052
2231;75172568
2232;75206084
2233;75239600
2234;75273116
2235;75306632
2236;75340148
2237;75373664
2238;75407180
2239;75440696
2240;75474212
2241;75507728
2242;75541244
2243;75574760
2244;75608276
2245;75641792
2246;75675308
2247;75708824
2248;75742340
2249;75775856
2250;75809372
2251;75842888
2252;75876404
2253;75909920
2254;75943436
2255;75976952
2256;76010468
2257;76043984
2258;76077500
2259;76111016
2260;76144532
2261;76178048
2262;76211564
2263;76245080
2264;76278596
2265;76312112
2266;76345628
2267;76379144
2268;76412660
2269;76446176
2270;76479692
2271;76513208
2272;76546724
2273;76580240
2274;76613756
2275;76647272
2276;76680788
2277;76714304
2278;76747820
2279;76781336
2280;76814852
2281;76848368
2282;76881884
2283;76915400
2284;76948916
2285;76982432
2286;77015948
2287;77049464
2288;77082980
2289;77116496
2290;77150012
2291;77183528
2292;77217044
2293;77250560
2294;77284076
2295;77317592
2296;77351108
2297;77384624
2298;77418140
2299;77451656
2300;77485172
2301;77518688
2302;77552204
2303;77585720
2304;77619236
2305;77652752
2306;77686268
2307;77719784
2308;77753300
2309;77786816
2310;77820332
2311;77853848
2312;77887364
2313;77920880
2314;77954396
2315;77987912
2316;78021428
2317;78054944
2318;78088460
2319;78121976
2320;78155492
2321;78189008
2322;78222524
2323;78256040
2324;78289556
2325;78323072
2326;78356588
2327;78390104
2328;78423620
2329;78457136
2330;78490652
2331;78524168
2332;78557684
2333;78591200
2334;78624716
2335;78658232
2336;78691748
2337;78725264
2338;78758780
2339;78792296
2340;78825812
2341;78859328
2342;78892844
2343;78926360
2344;78959876
2345;78993392
2346;79026908
2347;79060424
2348;79093940
2349;79127456
2350;79160972
2351;79194488
2352;79228004
2353;79261520
2354;79295036
2355;79328552
2356;79362068
2357;79395584
2358;79429100
2359;79462616
2360;79496132
2361;79529648
2362;79563164
2363;79596680
2364;79630196
2365;79663712
2366;79697228
2367;79730744
2368;79764260
2369;79797776
2370;79831292
2371;79864808
2372;79898324
2373;79931840
2374;79965356
2375;79998872
2376;80032388
2377;80065904
2378;80099420
2379;80132936
2380;80166452
2381;80199968
2382;80233484
2383;80267000
2384;80300516
2385;80334032
2386;80367548
2387;80401064
2388;80434580
2389;80468096
2390;80501612
2391;80535128
2392;80568644
2393;80602160
2394;80635676
2395;80669192
2396;80702708
2397;80736224
2398;80769740
2399;80803256
2400;80836772
2401;80870288
2402;80903804
2403;80937320
2404;80970836
2405;81004352
2406;81037868
2407;81071384
2408;81104900
2409;81138416
2410;81171932
2411;81205448
2412;81238964
2413;81272480
2414;81305996
2415;81339512
2416;81373028
2417;81406544
2418;81440060
2419;81473576
2420;81507092
2421;81540608
2422;81574124
2423;81607640
2424;81641156
2425;81674672
2426;81708188
2427;81741704
2428;81775220
2429;81808736
2430;81842252
2431;81875768
2432;81909284
2433;81942800
2434;81976316
2435;82009832
2436;82043348
2437;82076864
2438;82110380
2439;82143896
2440;82177412
2441;82210928
2442;82244444
2443;82277960
2444;82311476
2445;82344992
2446;82378508
2447;82412024
2448;82445540
2449;82479056
2450;82512572
2451;82546088
2452;82579604
2453;82613120
2454;82646636
2455;82680152
2456;82713668
2457;82747184
2458;82780700
2459;82814216
2460;82847732
2461;82881248
2462;82914764
2463;82948280
2464;82981796
2465;83015312
2466;83048828
2467;83082344
2468;83115860
2469;83149376
2470;83182892
2471;83216408
2472;83249924
2473;83283440
2474;83316956
2475;83350472
2476;83383988
2477;83417504
2478;83451020
2479;83484536
2480;83518052
2481;83551568
2482;83585084
2483;83618600
2484;83652116
2485;83685632
2486;83719148
2487;83752664
2488;83786180
2489;83819696
2490;83853212
2491;83886728
2492;83920244
2493;83953760
2494;83987276
2495;84020792
2496;84054308
2497;84087824
2498;84121340
2499;84154856
2500;84188372
2501;84221888
2502;84255404
2503;84288920
2504;84322436
2505;84355952
2506;84389468
2507;84422984
2508;84456500
2509;84490016
2510;84523532
2511;84557048
2512;84590564
2513;84624080
2514;84657596
2515;84691112
2516;84724628
2517;84758144
2518;84791660
2519;84825176
2520;84858692
2521;84892208
2522;84925724
2523;84959240
2524;84992756
2525;85026272
2526;85059788
2527;85093304
2528;85126820
2529;85160336
2530;85193852
2531;85227368
2532;85260884
2533;85294400
2534;85327916
2535;85361432
2536;85394948
2537;85428464
2538;85461980
2539;85495496
2540;85529012
2541;85562528
2542;85596044
2543;85629560
2544;85663076
2545;85696592
2546;85730108
2547;85763624
2548;85797140
2549;85830656
2550;85864172
2551;85897688
2552;85931204
2553;85964720
2554;85998236
2555;86031752
2556;86065268
2557;86098784
2558;86132300
2559;86165816
2560;86199332
2561;86232848
2562;86266364
2563;86299880
2564;86333396
2565;86366912
2566;86400428
2567;86433944
2568;86467460
2569;86500976
2570;86534492
2571;86568008
2572;86601524
2573;86635040
2574;86668556
2575;86702072
2576;86735588
2577;86769104
2578;86802620
2579;86836136
2580;86869652
2581;86903168
2582;86936684
2583;86970200
2584;87003716
2585;87037232
2586;87070748
2587;87104264
2588;87137780
2589;87171296
2590;87204812
2591;87238328
2592;87271844
2593;87305360
2594;87338876
2595;87372392
2596;87405908
2597;87439424
2598;87472940
2599;87506456
2600;87539972
2601;87573488
2602;87607004
2603;87640520
2604;87674036
2605;87707552
2606;87741068
2607;87774584
2608;87808100
2609;87841616
2610;87875132
2611;87908648
2612;87942164
2613;87975680
2614;88009196
2615;88042712
2616;88076228
2617;88109744
2618;88143260
2619;88176776
2620;88210292
2621;88243808
2622;88277324
2623;88310840
2624;88344356
2625;88377872
2626;88411388
2627;88444904
2628;88478420
2629;88511936
2630;88545452
2631;88578968
2632;88612484
2633;88646000
2634;88679516
2635;88713032
2636;88746548
2637;88780064
2638;88813580
2639;88847096
2640;88880612
2641;88914128
2642;88947644
2643;88981160
2644;89014676
2645;89048192
2646;89081708
2647;89115224
2648;89148740
2649;89182256
2650;89215772
2651;89249288
2652;89282804
2653;89316320
2654;89349836
2655;89383352
2656;89416868
2657;89450384
2658;89483900
2659;89517416
2660;89550932
2661;89584448
2662;89617964
2663;89651480
2664;89684996
2665;89718512
2666;89752028
2667;89785544
2668;89819060
2669;89852576
2670;89886092
2671;89919608
2672;89953124
2673;89986640
2674;90020156
2675;90053672
2676;90087188
2677;90120704
2678;90154220
2679;90187736
2680;90221252
2681;90254768
2682;90288284
2683;90321800
2684;90355316
2685;90388832
2686;90422348
2687;90455864
2688;90489380
2689;90522896
2690;90556412
2691;90589928
2692;90623444
2693;90656960
2694;90690476
2695;90723992
2696;90757508
2697;90791024
2698;90824540
2699;90858056
2700;90891572
2701;90925088
2702;90958604
2703;90992120
2704;91025636
2705;91059152
2706;91092668
2707;91126184
2708;91159700
2709;91193216
2710;91226732
2711;91260248
2712;91293764
2713;91327280
2714;91360796
2715;91394312
2716;91427828
2717;91461344
2718;91494860
2719;91528376
2720;91561892
2721;91595408
2722;91628924
2723;91662440
2724;91695956
2725;91729472
2726;91762988
2727;91796504
2728;91830020
2729;91863536
2730;91897052
2731;91930568
2732;91964084
2733;91997600
2734;92031116
2735;92064632
2736;92098148
2737;92131664
2738;92165180
2739;92198696
2740;92232212
2741;92265728
2742;92299244
2743;92332760
2744;92366276
2745;92399792
2746;92433308
2747;92466824
2748;92500340
2749;92533856
2750;92567372
2751;92600888
2752;92634404
2753;92667920
2754;92701436
2755;92734952
2756;92768468
2757;92801984
2758;92835500
2759;92869016
2760;92902532
2761;92936048
2762;92969564
2763;93003080
2764;93036596
2765;93070112
2766;93103628
2767;93137144
2768;93170660
2769;93204176
2770;93237692
2771;93271208
2772;93304724
2773;93338240
2774;93371756
2775;93405272
2776;93438788
2777;93472304
2778;93505820
2779;93539336
2780;93572852
2781;93606368
2782;93639884
2783;93673400
2784;93706916
2785;93740432
2786;93773948
2787;93807464
2788;93840980
2789;93874496
2790;93908012
2791;93941528
2792;93975044
2793;94008560
2794;94042076
2795;94075592
2796;94109108
2797;94142624
2798;94176140
2799;94209656
2800;94243172
2801;94276688
2802;94310204
2803;94343720
2804;94377236
2805;94410752
2806;94444268
2807;94477784
2808;94511300
2809;94544816
2810;94578332
2811;94611848
2812;94645364
2813;94678880
2814;94712396
2815;94745912
2816;94779428
2817;94812944
2818;94846460
2819;94879976
2820;94913492
2821;94947008
2822;94980524
2823;95014040
2824;95047556
2825;95081072
2826;95114588
2827;95148104
2828;95181620
2829;95215136
2830;95248652
2831;95282168
2832;95315684
2833;95349200
2834;95382716
2835;95416232
2836;95449748
2837;95483264
2838;95516780
2839;95550296
2840;95583812
2841;95617328
2842;95650844
2843;95684360
2844;95717876
2845;95751392
2846;95784908
2847;95818424
2848;95851940
2849;95885456
2850;95918972
2851;95952488
2852;95986004
2853;96019520
2854;96053036
2855;96086552
2856;96120068
2857;96153584
2858;96187100
2859;96220616
2860;96254132
2861;96287648
2862;96321164
2863;96354680
2864;96388196
2865;96421712
2866;96455228
2867;96488744
2868;96522260
2869;96555776
2870;96589292
2871;96622808
2872;96656324
2873;96689840
2874;96723356
2875;96756872
2876;96790388
2877;96823904
2878;96857420
2879;96890936
2880;96924452
2881;96957968
2882;96991484
2883;97025000
2884;97058516
2885;97092032
2886;97125548
2887;97159064
2888;97192580
2889;97226096
2890;97259612
2891;97293128
2892;97326644
2893;97360160
2894;97393676
2895;97427192
2896;97460708
2897;97494224
2898;97527740
2899;97561256
2900;97594772
2901;97628288
2902;97661804
2903;97695320
2904;97728836
2905;97762352
2906;97795868
2907;97829384
2908;97862900
2909;97896416
2910;97929932
2911;97963448
2912;97996964
2913;98030480
2914;98063996
2915;98097512
2916;98131028
2917;98164544
2918;98198060
2919;98231576
2920;98265092
2921;98298608
2922;98332124
2923;98365640
2924;98399156
2925;98432672
2926;98466188
2927;98499704
2928;98533220
2929;98566736
2930;98600252
2931;98633768
2932;98667284
2933;98700800
2934;98734316
2935;98767832
2936;98801348
2937;98834864
2938;98868380
2939;98901896
2940;98935412
2941;98968928
2942;99002444
2943;99035960
2944;99069476
2945;99102992
2946;99136508
2947;99170024
2948;99203540
2949;99237056
2950;99270572
2951;99304088
2952;99337604
2953;99371120
2954;99404636
2955;99438152
2956;99471668
2957;99505184
2958;99538700
2959;99572216
2960;99605732
2961;99639248
2962;99672764
2963;99706280
2964;99739796
2965;99773312
2966;99806828
2967;99840344
2968;99873860
2969;99907376
2970;99940892
2971;99974408
2972;100007924
2973;100041440
2974;100074956
2975;100108472
2976;100141988
2977;100175504
2978;100209020
2979;100242536
2980;100276052
2981;100309568
2982;100343084
2983;100376600
2984;100410116
2985;100443632
2986;100477148
2987;100510664
2988;100544180
2989;100577696
2990;100611212
2991;100644728
2992;100678244
2993;100711760
2994;100745276
2995;100778792
2996;100812308
2997;100845824
2998;100879340
2999;100912856
3000;100946372
3001;100979888
3002;101013404
3003;101046920
3004;101080436
3005;101113952
3006;101147468
3007;101180984
3008;101214500
3009;101248016
3010;101281532
3011;101315048
3012;101348564
3013;101382080
3014;101415596
3015;101449112
3016;101482628
3017;101516144
3018;101549660
3019;101583176
3020;101616692
3021;101650208
3022;101683724
3023;101717240
3024;101750756
3025;101784272
3026;101817788
3027;101851304
3028;101884820
3029;101918336
3030;101951852
3031;101985368
3032;102018884
3033;102052400
3034;102085916
3035;102119432
3036;102152948
3037;102186464
3038;102219980
3039;102253496
3040;102287012
3041;102320528
3042;102354044
3043;102387560
3044;102421076
3045;102454592
3046;102488108
3047;102521624
3048;102555140
3049;102588656
3050;102622172
3051;102655688
3052;102689204
3053;102722720
3054;102756236
3055;102789752
3056;102823268
3057;102856784
3058;102890300
3059;103024364
3060;103057880
3061;103091396
3062;103124912
3063;103158428
3064;103191944
3065;103225460
3066;103258976
3067;103292492
3068;103326008
3069;103359524
3070;103393040
3071;103426556
3072;103460072
3073;103493588
3074;103527104
3075;103560620
3076;103594136
3077;103627652
3078;103661168
3079;103694684
3080;103728200
3081;103761716
3082;103795232
3083;103828748
3084;103862264
3085;103895780
3086;103929296
3087;103962812
3088;103996328
3089;104029844
3090;104063360
3091;104096876
3092;104130392
3093;104163908
3094;104197424
3095;104230940
3096;104264456
3097;104297972
3098;104331488
3099;104365004
3100;104398520
3101;104432036
3102;104465552
3103;104499068
3104;104532584
3105;104566100
3106;104599616
3107;104633132
3108;104666648
3109;104700164
3110;104733680
3111;104767196
3112;104800712
3113;104834228
3114;104867744
3115;104901260
3116;104934776
3117;104968292
3118;105001808
3119;105035324
3120;105068840
3121;105102356
3122;105135872
3123;105169388
3124;105202904
3125;105236420
3126;105269936
3127;105303452
3128;105336968
3129;105370484
3130;105404000
3131;105437516
3132;105471032
3133;105504548
3134;105538064
3135;105571580
3136;105605096
3137;105638612
3138;105672128
3139;105705644
3140;105739160
3141;105772676
3142;105806192
3143;105839708
3144;105873224
3145;105906740
3146;105940256
3147;105973772
3148;106007288
3149;106040804
3150;106074320
3151;106107836
3152;106141352
3153;106174868
3154;106208384
3155;106241900
3156;106275416
3157;106308932
3158;106342448
3159;106375964
3160;106409480
3161;106442996
3162;106476512
3163;106510028
3164;106543544
3165;106577060
3166;106610576
3167;106644092
3168;106677608
3169;106711124
3170;106744640
3171;106778156
3172;106811672
3173;106845188
3174;106878704
3175;106912220
3176;106945736
3177;106979252
3178;107012768
3179;107046284
3180;107079800
3181;107113316
3182;107146832
3183;107180348
3184;107213864
3185;107247380
3186;107280896
3187;107314412
3188;107347928
3189;107381444
3190;107414960
3191;107448476
3192;107481992
3193;107515508
3194;107549024
3195;107582540
3196;107616056
3197;107716604
3198;107750120
3199;107783636
3200;107817152
3201;107850668
3202;107884184
3203;107917700
3204;107951216
3205;107984732
3206;108018248
3207;108051764
3208;108085280
3209;108118796
3210;108152312
3211;108185828
3212;108219344
3213;108252860
3214;108286376
3215;108319892
3216;108353408
3217;108386924
3218;108420440
3219;108453956
3220;108487472
3221;108520988
3222;108554504
3223;108588020
3224;108621536
3225;108655052
3226;108688568
3227;108722084
3228;108755600
3229;108789116
3230;108822632
3231;108856148
3232;108889664
3233;108923180
3234;108956696
3235;108990212
3236;109023728
3237;109057244
3238;109090760
3239;109124276
3240;109157792
3241;109191308
3242;109224824
3243;109258340
3244;109291856
3245;109325372
3246;109358888
3247;109392404
3248;109425920
3249;109459436
3250;109492952
3251;109526468
3252;109559984
3253;109593500
3254;109627016
3255;109660532
3256;109694048
3257;109727564
3258;109761080
3259;109794596
3260;109828112
3261;109861628
3262;109895144
3263;109928660
3264;109962176
3265;109995692
3266;110029208
3267;110062724
3268;110096240
3269;110129756
3270;110163272
3271;110196788
3272;110230304
3273;110263820
3274;110297336
3275;110330852
3276;110364368
3277;110397884
3278;110431400
3279;110464916
3280;110498432
3281;110531948
3282;110565464
3283;110598980
3284;110632496
3285;110666012
3286;110699528
3287;110733044
3288;110766560
3289;110800076
3290;110833592
3291;110867108
3292;110900624
3293;110934140
3294;110967656
3295;111001172
3296;111034688
3297;111068204
3298;111101720
3299;111135236
3300;111168752
3301;111202268
3302;111235784
3303;111269300
3304;111302816
3305;111336332
3306;111369848
3307;111403364
3308;111436880
3309;111470396
3310;111503912
3311;111537428
3312;111570944
3313;111604460
3314;111637976
3315;111671492
3316;111705008
3317;111738524
3318;111772040
3319;111805556
3320;111839072
3321;111872588
3322;111906104
3323;111939620
3324;111973136
3325;112006652
3326;112040168
3327;112073684
3328;112107200
3329;112140716
3330;112174232
3331;112207748
3332;112241264
3333;112274780
3334;112308296
3335;112341812
3336;112375328
3337;112408844
3338;112442360
3339;112475876
3340;112509392
3341;112542908
3342;112576424
3343;112609940
3344;112643456
3345;112676972
3346;112710488
3347;112744004
3348;112777520
3349;112811036
3350;112844552
3351;112878068
3352;112911584
3353;112945100
3354;112978616
3355;113012132
3356;113045648
3357;113079164
3358;113112680
3359;113146196
3360;113179712
3361;113213228
3362;113246744
3363;113280260
3364;113313776
3365;113347292
3366;113380808
3367;113414324
3368;113447840
3369;113481356
3370;113514872
3371;113548388
3372;113581904
3373;113615420
3374;113648936
3375;113682452
3376;113715968
3377;113749484
3378;113783000
3379;113816516
3380;113850032
3381;113883548
3382;113917064
3383;113950580
3384;113984096
3385;114017612
3386;114051128
3387;114084644
3388;114118160
3389;114151676
3390;114185192
3391;114218708
3392;114252224
3393;114285740
3394;114319256
3395;114352772
3396;114386288
3397;114419804
3398;114453320
3399;114486836
3400;114520352
3401;114553868
3402;114587384
3403;114620900
3404;114654416
3405;114687932
3406;114721448
3407;114754964
3408;114788480
3409;114821996
3410;114855512
3411;114889028
3412;114922544
3413;114956060
3414;114989576
3415;115023092
3416;115056608
3417;115090124
3418;115123640
3419;115157156
3420;115190672
3421;115224188
3422;115257704
3423;115291220
3424;115324736
3425;115358252
3426;115391768
3427;115425284
3428;115458800
3429;115492316
3430;115525832
3431;115559348
3432;115592864
3433;115626380
3434;115659896
3435;115693412
3436;115726928
3437;115760444
3438;115793960
3439;115827476
3440;115860992
3441;115894508
3442;115928024
3443;115961540
3444;115995056
3445;116028572
3446;116062088
3447;116095604
3448;116129120
3449;116162636
3450;116196152
3451;116229668
3452;116263184
3453;116296700
3454;116330216
3455;116363732
3456;116397248
3457;116430764
3458;116464280
3459;116497796
3460;116531312
3461;116564828
3462;116598344
3463;116631860
3464;116665376
3465;116698892
3466;116732408
3467;116765924
3468;116799440
3469;116832956
3470;116866472
3471;116899988
3472;116933504
3473;116967020
3474;117000536
3475;117034052
3476;117067568
3477;117101084
3478;117134600
3479;117168116
3480;117201632
3481;117235148
3482;117268664
3483;117302180
3484;117335696
3485;117369212
3486;117402728
3487;117436244
3488;117469760
3489;117503276
3490;117536792
3491;117570308
3492;117603824
3493;117637340
3494;117670856
3495;117704372
3496;117737888
3497;117771404
3498;117804920
3499;117838436
3500;117871952
3501;117905468
3502;117938984
3503;117972500
3504;118006016
3505;118039532
3506;118073048
3507;118106564
3508;118140080
3509;118173596
3510;118207112
3511;118240628
3512;118274144
3513;118307660
3514;118341176
3515;118374692
3516;118408208
3517;118441724
3518;118475240
3519;118508756
3520;118542272
3521;118575788
3522;118609304
3523;118642820
3524;118676336
3525;118709852
3526;118743368
3527;118776884
3528;118810400
3529;118843916
3530;118877432
3531;118910948
3532;118944464
3533;118977980
3534;119011496
3535;119045012
3536;119078528
3537;119112044
3538;119145560
3539;119179076
3540;119212592
3541;119246108
3542;119279624
3543;119313140
3544;119346656
3545;119380172
3546;119413688
3547;119447204
3548;119480720
3549;119514236
3550;119547752
3551;119581268
3552;119614784
3553;119648300
3554;119681816
3555;119715332
3556;119748848
3557;119782364
3558;119815880
3559;119849396
3560;119882912
3561;119916428
3562;119949944
3563;119983460
3564;120016976
3565;120050492
3566;120084008
3567;120117524
3568;120151040
3569;120184556
3570;120218072
3571;120251588
3572;120285104
3573;120318620
3574;120352136
3575;120385652
3576;120419168
3577;120452684
3578;120486200
3579;120519716
3580;120553232
3581;120586748
3582;120620264
3583;120653780
3584;120687296
3585;120720812
3586;120754328
3587;120787844
3588;120821360
3589;120854876
3590;120888392
3591;120921908
3592;120955424
3593;120988940
3594;121022456
3595;121055972
3596;121089488
3597;121123004
3598;121156520
3599;121190036
3600;121223552
3601;121257068
3602;121290584
3603;121324100
3604;121357616
3605;121391132
3606;121424648
3607;121458164
3608;121491680
3609;121525196
3610;121558712
3611;121592228
3612;121625744
3613;121659260
3614;121692776
3615;121726292
3616;121759808
3617;121793324
3618;121826840
3619;121860356
3620;121893872
3621;121927388
3622;121960904
3623;121994420
3624;122027936
3625;122061452
3626;122094968
3627;122128484
3628;122162000
3629;122195516
3630;122229032
3631;122262548
3632;122296064
3633;122329580
3634;122363096
3635;122396612
3636;122430128
3637;122463644
3638;122497160
3639;122530676
3640;122564192
3641;122597708
3642;122631224
3643;122664740
3644;122698256
3645;122731772
3646;122765288
3647;122798804
3648;122832320
3649;122865836
3650;122899352
3651;122932868
3652;122966384
3653;122999900
3654;123033416
3655;123066932
3656;123100448
3657;123133964
3658;123167480
3659;123200996
3660;123234512
3661;123268028
3662;123301544
3663;123335060
3664;123368576
3665;123402092
3666;123435608
3667;123469124
3668;123502640
3669;123536156
3670;123569672
3671;123603188
3672;123636704
3673;123670220
3674;123703736
3675;123737252
3676;123770768
3677;123804284
3678;123837800
3679;123871316
3680;123904832
3681;123938348
3682;123971864
3683;124005380
3684;124038896
3685;124072412
3686;124105928
3687;124139444
3688;124172960
3689;124206476
3690;124239992
3691;124273508
3692;124307024
3693;124340540
3694;124374056
3695;124407572
3696;124441088
3697;124474604
3698;124508120
3699;124541636
3700;124575152
3701;124608668
3702;124642184
3703;124675700
3704;124709216
3705;124742732
3706;124776248
3707;124809764
3708;124843280
3709;124876796
3710;124910312
3711;124943828
3712;124977344
3713;125010860
3714;125044376
3715;125077892
3716;125111408
3717;125144924
3718;125178440
3719;125211956
3720;125245472
3721;125278988
3722;125312504
3723;125346020
3724;125379536
3725;125413052
3726;125446568
3727;125480084
3728;125513600
3729;125547116
3730;125580632
3731;125614148
3732;125647664
3733;125681180
3734;125714696
3735;125748212
3736;125781728
3737;125815244
3738;125848760
3739;125882276
3740;125915792
3741;125949308
3742;125982824
3743;126016340
3744;126049856
3745;126083372
3746;126116888
3747;126150404
3748;126183920
3749;126217436
3750;126250952
3751;126284468
3752;126317984
3753;126351500
3754;126385016
