1;0
2;63213
3;96729
4;130245
5;163761
6;197277
7;230793
8;264309
9;297825
10;331341
11;364857
12;398373
13;431889
14;465405
15;498921
16;532437
17;565953
18;599469
19;632985
20;666501
21;700017
22;733533
23;767049
24;800565
25;834081
26;867597
27;901113
28;934629
29;968145
30;1001661
31;1035177
32;1068693
33;1102209
34;1135725
35;1169241
36;1202757
37;1236273
38;1269789
39;1303305
40;1336821
41;1370337
42;1403853
43;1437369
44;1470885
45;1504401
46;1537917
47;1571433
48;1604949
49;1638465
50;1671981
51;1705497
52;1739013
53;1772529
54;1806045
55;1839561
56;1873077
57;1906593
58;1940109
59;1973625
60;2007141
61;2040657
62;2074173
63;2107689
64;2141205
65;2174721
66;2208237
67;2241753
68;2275269
69;2308785
70;2342301
71;2375817
72;2409333
73;2442849
74;2476365
75;2509881
76;2543397
77;2576913
78;2610429
79;2643945
80;2677461
81;2710977
82;2744493
83;2778009
84;2811525
85;2845041
86;2878557
87;2912073
88;2945589
89;2979105
90;3012621
91;3046137
92;3079653
93;3113169
94;3146685
95;3180201
96;3213717
97;3247233
98;3280749
99;3314265
100;3347781
101;3381297
102;3414813
103;3448329
104;3481845
105;3515361
106;3548877
107;3582393
108;3615909
109;3649425
110;3682941
111;3716457
112;3749973
113;3783489
114;3817005
115;3850521
116;3884037
117;3917553
118;3951069
119;3984585
120;4018101
121;4051617
122;4085133
123;4118649
124;4152165
125;4185681
126;4219197
127;4252713
128;4286229
129;4319745
130;4353261
131;4386777
132;4420293
133;4453809
134;4487325
135;4520841
136;4554357
137;4587873
138;4621389
139;4654905
140;4688421
141;4721937
142;4755453
143;4788969
144;4822485
145;4856001
146;4889517
147;4923033
148;4956549
149;4990065
150;5023581
151;5057097
152;5090613
153;5124129
154;5157645
155;5191161
156;5224677
157;5258193
158;5291709
159;5325225
160;5358741
161;5392257
162;5425773
163;5459289
164;5492805
165;5526321
166;5559837
167;5593353
168;5626869
169;5660385
170;5693901
171;5727417
172;5760933
173;5794449
174;5827965
175;5861481
176;5894997
177;5928513
178;5962029
179;5995545
180;6029061
181;6062577
182;6096093
183;6129609
184;6163125
185;6196641
186;6230157
187;6263673
188;6297189
189;6330705
190;6364221
191;6397737
192;6431253
193;6464769
194;6498285
195;6531801
196;6565317
197;6598833
198;6632349
199;6665865
200;6699381
201;6732897
202;6766413
203;6799929
204;6833445
205;6866961
206;6900477
207;6933993
208;6967509
209;7001025
210;7034541
211;7068057
212;7101573
213;7135089
214;7168605
215;7202121
216;7235637
217;7269153
218;7302669
219;7336185
220;7369701
221;7403217
222;7436733
223;7470249
224;7503765
225;7537281
226;7570797
227;7604313
228;7637829
229;7671345
230;7704861
231;7738377
232;7771893
233;7805409
234;7838925
235;7872441
236;7905957
237;7939473
238;7972989
239;8006505
240;8040021
241;8073537
242;8107053
243;8140569
244;8174085
245;8207601
246;8241117
247;8274633
248;8308149
249;8341665
250;8375181
251;8408697
252;8442213
253;8475729
254;8509245
255;8542761
256;8576277
257;8609793
258;8643309
259;8676825
260;8710341
261;8743857
262;8777373
263;8810889
264;8844405
265;8877921
266;8911437
267;8944953
268;8978469
269;9011985
270;9045501
271;9079017
272;9112533
273;9146049
274;9179565
275;9213081
276;9246597
277;9280113
278;9313629
279;9347145
280;9380661
281;9414177
282;9447693
283;9481209
284;9514725
285;9548241
286;9581757
287;9615273
288;9648789
289;9682305
290;9715821
291;9749337
292;9782853
293;9816369
294;9849885
295;9883401
296;9916917
297;9950433
298;9983949
299;10017465
300;10050981
301;10084497
302;10118013
303;10151529
304;10185045
305;10218561
306;10252077
307;10285593
308;10319109
309;10352625
310;10386141
311;10419657
312;10453173
313;10486689
314;10520205
315;10553721
316;10587237
317;10620753
318;10654269
319;10687785
320;10721301
321;10754817
322;10788333
323;10821849
324;10855365
325;10888881
326;10922397
327;10955913
328;10989429
329;11022945
330;11056461
331;11089977
332;11123493
333;11157009
334;11190525
335;11224041
336;11257557
337;11291073
338;11324589
339;11358105
340;11391621
341;11425137
342;11458653
343;11492169
344;11525685
345;11559201
346;11592717
347;11626233
348;11659749
349;11693265
350;11726781
351;11760297
352;11793813
353;11827329
354;11860845
355;11894361
356;11927877
357;11961393
358;11994909
359;12028425
360;12061941
361;12095457
362;12128973
363;12162489
364;12196005
365;12229521
366;12263037
367;12296553
368;12330069
369;12363585
370;12397101
371;12430617
372;12464133
373;12497649
374;12531165
375;12564681
376;12598197
377;12631713
378;12665229
379;12698745
380;12732261
381;12765777
382;12799293
383;12832809
384;12866325
385;12899841
386;12933357
387;12966873
388;13000389
389;13033905
390;13067421
391;13100937
392;13134453
393;13167969
394;13201485
395;13235001
396;13268517
397;13302033
398;13335549
399;13369065
400;13402581
401;13436097
402;13469613
403;13503129
404;13536645
405;13570161
406;13603677
407;13637193
408;13670709
409;13704225
410;13737741
411;13771257
412;13804773
413;13838289
414;13871805
415;13905321
416;13938837
417;13972353
418;14005869
419;14039385
420;14072901
421;14106417
422;14139933
423;14173449
424;14206965
425;14240481
426;14273997
427;14307513
428;14341029
429;14374545
430;14408061
431;14441577
432;14475093
433;14508609
434;14542125
435;14575641
436;14609157
437;14642673
438;14676189
439;14709705
440;14743221
441;14776737
442;14810253
443;14843769
444;14877285
445;14910801
446;14944317
447;14977833
448;15011349
449;15044865
450;15078381
451;15111897
452;15145413
453;15178929
454;15212445
455;15245961
456;15279477
457;15312993
458;15346509
459;15380025
460;15413541
461;15447057
462;15480573
463;15514089
464;15547605
465;15581121
466;15614637
467;15648153
468;15681669
469;15715185
470;15748701
471;15782217
472;15815733
473;15849249
474;15882765
475;15916281
476;15949797
477;15983313
478;16016829
479;16050345
480;16083861
481;16117377
482;16150893
483;16184409
484;16217925
485;16251441
486;16284957
487;16318473
488;16351989
489;16385505
490;16419021
491;16452537
492;16486053
493;16519569
494;16553085
495;16586601
496;16620117
497;16653633
498;16687149
499;16720665
500;16754181
501;16787697
502;16821213
503;16854729
504;16888245
505;16921761
506;16955277
507;16988793
508;17022309
509;17055825
510;17089341
511;17122857
512;17156373
513;17189889
514;17223405
515;17256921
516;17290437
517;17323953
518;17357469
519;17390985
520;17424501
521;17458017
522;17491533
523;17525049
524;17558565
525;17592081
526;17625597
527;17659113
528;17692629
529;17726145
530;17759661
531;17793177
532;17826693
533;17860209
534;17893725
535;17927241
536;17960757
537;17994273
538;18027789
539;18061305
540;18094821
541;18128337
542;18161853
543;18195369
544;18228885
545;18262401
546;18295917
547;18329433
548;18362949
549;18396465
550;18429981
551;18463497
552;18497013
553;18530529
554;18564045
555;18597561
556;18631077
557;18664593
558;18698109
559;18731625
560;18765141
561;18798657
562;18832173
563;18865689
564;18899205
565;18932721
566;18966237
567;18999753
568;19033269
569;19066785
570;19100301
571;19133817
572;19167333
573;19200849
574;19234365
575;19267881
576;19301397
577;19334913
578;19368429
579;19401945
580;19435461
581;19468977
582;19502493
583;19536009
584;19569525
585;19603041
586;19636557
587;19670073
588;19703589
589;19737105
590;19770621
591;19804137
592;19837653
593;19871169
594;19904685
595;19938201
596;19971717
597;20005233
598;20038749
599;20072265
600;20105781
601;20139297
602;20172813
603;20206329
604;20239845
605;20273361
606;20306877
607;20340393
608;20373909
609;20407425
610;20440941
611;20474457
612;20507973
613;20541489
614;20575005
615;20608521
616;20642037
617;20675553
618;20709069
619;20742585
620;20776101
621;20809617
622;20843133
623;20876649
624;20910165
625;20943681
626;20977197
627;21010713
628;21044229
629;21077745
630;21111261
631;21144777
632;21178293
633;21211809
634;21245325
635;21278841
636;21312357
637;21345873
638;21379389
639;21412905
640;21446421
641;21479937
642;21513453
643;21546969
644;21580485
645;21614001
646;21647517
647;21681033
648;21714549
649;21748065
650;21781581
651;21815097
652;21848613
653;21882129
654;21915645
655;21949161
656;21982677
657;22016193
658;22049709
659;22083225
660;22116741
661;22150257
662;22183773
663;22217289
664;22250805
665;22284321
666;22317837
667;22351353
668;22384869
669;22418385
670;22451901
671;22485417
672;22518933
673;22552449
674;22585965
675;22619481
676;22652997
677;22686513
678;22720029
679;22753545
680;22787061
681;22820577
682;22854093
683;22887609
684;22921125
685;22954641
686;22988157
687;23021673
688;23055189
689;23088705
690;23122221
691;23155737
692;23189253
693;23222769
694;23256285
695;23289801
696;23323317
697;23356833
698;23390349
699;23423865
700;23457381
701;23490897
702;23524413
703;23557929
704;23591445
705;23624961
706;23658477
707;23691993
708;23725509
709;23759025
710;23792541
711;23826057
712;23859573
713;23893089
714;23926605
715;23960121
716;23993637
717;24027153
718;24060669
719;24094185
720;24127701
721;24161217
722;24194733
723;24228249
724;24261765
725;24295281
726;24328797
727;24362313
728;24395829
729;24429345
730;24462861
731;24496377
732;24529893
733;24563409
734;24596925
735;24630441
736;24663957
737;24697473
738;24730989
739;24764505
740;24798021
741;24831537
742;24865053
743;24898569
744;24932085
745;24965601
746;24999117
747;25032633
748;25066149
749;25099665
750;25133181
751;25166697
752;25200213
753;25233729
754;25267245
755;25300761
756;25334277
757;25367793
758;25401309
759;25434825
760;25468341
761;25501857
762;25535373
763;25568889
764;25602405
765;25635921
766;25669437
767;25702953
768;25736469
769;25769985
770;25803501
771;25837017
772;25870533
773;25904049
774;25937565
775;25971081
776;26004597
777;26038113
778;26071629
779;26105145
780;26138661
781;26172177
782;26205693
783;26239209
784;26272725
785;26306241
786;26339757
787;26373273
788;26406789
789;26440305
790;26473821
791;26507337
792;26540853
793;26574369
794;26607885
795;26641401
796;26674917
797;26708433
798;26741949
799;26775465
800;26808981
801;26842497
802;26876013
803;26909529
804;26943045
805;26976561
806;27010077
807;27043593
808;27077109
809;27110625
810;27144141
811;27177657
812;27211173
813;27244689
814;27278205
815;27311721
816;27345237
817;27378753
818;27412269
819;27445785
820;27479301
821;27512817
822;27546333
823;27579849
824;27613365
825;27646881
826;27680397
827;27713913
828;27747429
829;27780945
830;27814461
831;27847977
832;27881493
833;27915009
834;27948525
835;27982041
836;28015557
837;28049073
838;28082589
839;28116105
840;28149621
841;28183137
842;28216653
843;28250169
844;28283685
845;28317201
846;28350717
847;28384233
848;28417749
849;28451265
850;28484781
851;28518297
852;28551813
853;28585329
854;28618845
855;28652361
856;28685877
857;28719393
858;28752909
859;28786425
860;28819941
861;28853457
862;28886973
863;28920489
864;28954005
865;28987521
866;29021037
867;29054553
868;29088069
869;29121585
870;29155101
871;29188617
872;29222133
873;29255649
874;29289165
875;29322681
876;29356197
877;29389713
878;29423229
879;29456745
880;29490261
881;29523777
882;29557293
883;29590809
884;29624325
885;29657841
886;29691357
887;29724873
888;29758389
889;29791905
890;29825421
891;29858937
892;29892453
893;29925969
894;29959485
895;29993001
896;30026517
897;30060033
898;30093549
899;30127065
900;30160581
901;30194097
902;30227613
903;30261129
904;30294645
905;30328161
906;30361677
907;30395193
908;30428709
909;30462225
910;30495741
911;30529257
912;30562773
913;30596289
914;30629805
915;30663321
916;30696837
917;30730353
918;30763869
919;30797385
920;30830901
921;30864417
922;30897933
923;30931449
924;30964965
925;30998481
926;31031997
927;31065513
928;31099029
929;31132545
930;31166061
931;31199577
932;31233093
933;31266609
934;31300125
935;31333641
936;31367157
937;31400673
938;31434189
939;31467705
940;31501221
941;31534737
942;31568253
943;31601769
944;31635285
945;31668801
946;31702317
947;31735833
948;31769349
949;31802865
950;31836381
951;31869897
952;31903413
953;31936929
954;31970445
955;32003961
956;32037477
957;32070993
958;32104509
959;32138025
960;32171541
961;32205057
962;32238573
963;32272089
964;32305605
965;32339121
966;32372637
967;32406153
968;32439669
969;32473185
970;32506701
971;32540217
972;32573733
973;32607249
974;32640765
975;32674281
976;32707797
977;32741313
978;32774829
979;32808345
980;32841861
981;32875377
982;32908893
983;32942409
984;32975925
985;33009441
986;33042957
987;33076473
988;33109989
989;33143505
990;33177021
991;33210537
992;33244053
993;33277569
994;33311085
995;33344601
996;33378117
997;33411633
998;33445149
999;33478665
1000;33512181
1001;33545697
1002;33579213
1003;33612729
1004;33646245
1005;33679761
1006;33713277
1007;33746793
1008;33780309
1009;33813825
1010;33847341
1011;33880857
1012;33914373
1013;33947889
1014;33981405
1015;34014921
1016;34048437
1017;34081953
1018;34115469
1019;34148985
1020;34182501
1021;34283049
1022;34316565
1023;34350081
1024;34383597
1025;34417113
1026;34450629
1027;34484145
1028;34517661
1029;34551177
1030;34584693
1031;34618209
1032;34651725
1033;34685241
1034;34718757
1035;34752273
1036;34785789
1037;34819305
1038;34852821
1039;34886337
1040;34919853
1041;34953369
1042;34986885
1043;35020401
1044;35053917
1045;35087433
1046;35120949
1047;35154465
1048;35187981
1049;35221497
1050;35255013
1051;35288529
1052;35322045
1053;35355561
1054;35389077
1055;35422593
1056;35456109
1057;35489625
1058;35523141
1059;35556657
1060;35590173
1061;35623689
1062;35657205
1063;35690721
1064;35724237
1065;35757753
1066;35791269
1067;35824785
1068;35858301
1069;35891817
1070;35925333
1071;35958849
1072;35992365
1073;36025881
1074;36059397
1075;36092913
1076;36193461
1077;36226977
1078;36260493
1079;36294009
1080;36327525
1081;36361041
1082;36394557
1083;36428073
1084;36461589
1085;36495105
1086;36528621
1087;36562137
1088;36595653
1089;36629169
1090;36662685
1091;36696201
1092;36729717
1093;36830265
1094;36863781
1095;36897297
1096;36930813
1097;36964329
1098;36997845
1099;37031361
1100;37064877
1101;37098393
1102;37131909
1103;37165425
1104;37198941
1105;37232457
1106;37333005
1107;37366521
1108;37400037
1109;37433553
1110;37467069
1111;37500585
1112;37534101
1113;37567617
1114;37601133
1115;37634649
1116;37668165
1117;37701681
1118;37735197
1119;37768713
1120;37802229
1121;37835745
1122;37869261
1123;37902777
1124;37936293
1125;37969809
1126;38003325
1127;38036841
1128;38070357
1129;38103873
1130;38137389
1131;38170905
1132;38204421
1133;38237937
1134;38338485
1135;38372001
1136;38405517
1137;38439033
1138;38472549
1139;38506065
1140;38539581
1141;38573097
1142;38606613
1143;38640129
1144;38673645
1145;38707161
1146;38740677
1147;38774193
1148;38807709
1149;38841225
1150;38874741
1151;38908257
1152;38941773
1153;38975289
1154;39008805
1155;39042321
1156;39075837
1157;39109353
1158;39142869
1159;39176385
1160;39209901
1161;39243417
1162;39276933
1163;39310449
1164;39343965
1165;39377481
1166;39410997
1167;39444513
1168;39478029
1169;39511545
1170;39545061
1171;39578577
1172;39612093
1173;39645609
1174;39679125
1175;39712641
1176;39746157
1177;39779673
1178;39813189
1179;39846705
1180;39880221
1181;39913737
1182;39947253
1183;39980769
1184;40014285
1185;40047801
1186;40081317
1187;40114833
1188;40148349
1189;40181865
1190;40215381
1191;40248897
1192;40282413
1193;40315929
1194;40349445
1195;40382961
1196;40416477
1197;40449993
1198;40483509
1199;40517025
1200;40550541
1201;40584057
1202;40617573
1203;40651089
1204;40684605
1205;40718121
1206;40751637
1207;40785153
1208;40818669
1209;40852185
1210;40885701
1211;40919217
1212;40952733
1213;40986249
1214;41019765
1215;41053281
1216;41086797
1217;41120313
1218;41153829
1219;41187345
1220;41220861
1221;41254377
1222;41287893
1223;41321409
1224;41354925
1225;41388441
1226;41421957
1227;41455473
1228;41488989
1229;41522505
1230;41556021
1231;41589537
1232;41623053
1233;41656569
1234;41690085
1235;41723601
1236;41757117
1237;41790633
1238;41824149
1239;41857665
1240;41891181
1241;41924697
1242;41958213
1243;41991729
1244;42025245
1245;42058761
1246;42092277
1247;42125793
1248;42159309
1249;42192825
1250;42226341
1251;42259857
1252;42293373
1253;42326889
1254;42360405
1255;42393921
1256;42427437
1257;42460953
1258;42494469
1259;42527985
1260;42561501
1261;42595017
1262;42628533
1263;42662049
1264;42695565
1265;42729081
1266;42762597
1267;42796113
1268;42829629
1269;42863145
1270;42896661
1271;42930177
1272;42963693
1273;42997209
1274;43030725
1275;43064241
1276;43097757
1277;43131273
1278;43164789
1279;43198305
1280;43231821
1281;43265337
1282;43298853
1283;43332369
1284;43365885
1285;43399401
1286;43432917
1287;43466433
1288;43499949
1289;43533465
1290;43566981
1291;43600497
1292;43634013
1293;43667529
1294;43701045
1295;43734561
1296;43768077
1297;43801593
1298;43835109
1299;43868625
1300;43902141
1301;43935657
1302;43969173
1303;44002689
1304;44036205
1305;44069721
1306;44103237
1307;44136753
1308;44170269
1309;44203785
1310;44237301
1311;44270817
1312;44304333
1313;44337849
1314;44371365
1315;44404881
1316;44438397
1317;44471913
1318;44505429
1319;44538945
1320;44572461
1321;44605977
1322;44639493
1323;44673009
1324;44706525
1325;44740041
1326;44773557
1327;44807073
1328;44840589
1329;44874105
1330;44907621
1331;44941137
1332;44974653
1333;45008169
1334;45041685
1335;45075201
1336;45108717
1337;45142233
1338;45175749
1339;45209265
1340;45242781
1341;45276297
1342;45309813
1343;45343329
1344;45376845
1345;45410361
1346;45443877
1347;45477393
1348;45510909
1349;45544425
1350;45577941
1351;45611457
1352;45644973
1353;45678489
1354;45712005
1355;45745521
1356;45779037
1357;45812553
1358;45846069
1359;45879585
1360;45913101
1361;45946617
1362;45980133
1363;46013649
1364;46047165
1365;46080681
1366;46114197
1367;46147713
1368;46181229
1369;46214745
1370;46248261
1371;46281777
1372;46315293
1373;46348809
1374;46382325
1375;46415841
1376;46449357
1377;46482873
1378;46516389
1379;46549905
1380;46583421
1381;46616937
1382;46650453
1383;46683969
1384;46717485
1385;46751001
1386;46784517
1387;46818033
1388;46851549
1389;46885065
1390;46918581
1391;46952097
1392;46985613
1393;47019129
1394;47052645
1395;47086161
1396;47119677
1397;47153193
1398;47186709
1399;47220225
1400;47253741
1401;47287257
1402;47320773
1403;47354289
1404;47387805
1405;47421321
1406;47454837
1407;47488353
1408;47521869
1409;47555385
1410;47588901
1411;47622417
1412;47655933
1413;47689449
1414;47722965
1415;47756481
1416;47789997
1417;47823513
1418;47857029
1419;47890545
1420;47924061
1421;47957577
1422;47991093
1423;48024609
1424;48058125
1425;48091641
1426;48125157
1427;48158673
1428;48192189
1429;48225705
1430;48259221
1431;48292737
1432;48326253
1433;48359769
1434;48393285
1435;48426801
1436;48460317
1437;48493833
1438;48527349
1439;48560865
1440;48594381
1441;48627897
1442;48661413
1443;48694929
1444;48728445
1445;48761961
1446;48795477
1447;48828993
1448;48862509
1449;48896025
1450;48929541
1451;48963057
1452;48996573
1453;49030089
1454;49063605
1455;49097121
1456;49130637
1457;49164153
1458;49197669
1459;49231185
1460;49264701
1461;49298217
1462;49331733
1463;49365249
1464;49398765
1465;49432281
1466;49465797
1467;49499313
1468;49532829
1469;49566345
1470;49599861
1471;49633377
1472;49666893
1473;49700409
1474;49733925
1475;49767441
1476;49800957
1477;49834473
1478;49867989
1479;49901505
1480;49935021
1481;49968537
1482;50002053
1483;50035569
1484;50069085
1485;50102601
1486;50136117
1487;50169633
1488;50203149
1489;50236665
1490;50270181
1491;50303697
1492;50337213
1493;50370729
1494;50404245
1495;50437761
1496;50471277
1497;50504793
1498;50538309
1499;50571825
1500;50605341
1501;50638857
1502;50672373
1503;50705889
1504;50739405
1505;50772921
1506;50806437
1507;50839953
1508;50873469
1509;50906985
1510;50940501
1511;50974017
1512;51007533
1513;51041049
1514;51074565
1515;51108081
1516;51141597
1517;51175113
1518;51208629
1519;51242145
1520;51275661
1521;51309177
1522;51342693
1523;51376209
1524;51409725
1525;51443241
1526;51476757
1527;51510273
1528;51543789
1529;51577305
1530;51610821
1531;51644337
1532;51677853
1533;51711369
1534;51744885
1535;51778401
1536;51811917
1537;51845433
1538;51878949
1539;51912465
1540;51945981
1541;51979497
1542;52013013
1543;52046529
1544;52080045
1545;52113561
1546;52147077
1547;52180593
1548;52214109
1549;52247625
1550;52281141
1551;52314657
1552;52348173
1553;52381689
1554;52415205
1555;52448721
1556;52482237
1557;52515753
1558;52549269
1559;52582785
1560;52616301
1561;52649817
1562;52683333
1563;52716849
1564;52750365
1565;52783881
1566;52817397
1567;52850913
1568;52884429
1569;52917945
1570;52951461
1571;52984977
1572;53018493
1573;53052009
1574;53085525
1575;53119041
1576;53152557
1577;53186073
1578;53219589
1579;53253105
1580;53286621
1581;53320137
1582;53353653
1583;53387169
1584;53420685
1585;53454201
1586;53487717
1587;53521233
1588;53554749
1589;53588265
1590;53621781
1591;53655297
1592;53688813
1593;53722329
1594;53755845
1595;53789361
1596;53822877
1597;53856393
1598;53889909
1599;53923425
1600;53956941
1601;53990457
1602;54023973
1603;54057489
1604;54091005
1605;54124521
1606;54158037
1607;54191553
1608;54225069
1609;54258585
1610;54292101
1611;54325617
1612;54359133
1613;54392649
1614;54426165
1615;54459681
1616;54493197
1617;54526713
1618;54560229
1619;54593745
1620;54627261
1621;54660777
1622;54694293
1623;54727809
1624;54761325
1625;54794841
1626;54828357
1627;54861873
1628;54895389
1629;54928905
1630;54962421
1631;54995937
1632;55029453
1633;55062969
1634;55096485
1635;55130001
1636;55163517
1637;55197033
1638;55230549
1639;55264065
1640;55297581
1641;55331097
1642;55364613
1643;55398129
1644;55431645
1645;55465161
1646;55498677
1647;55532193
1648;55565709
1649;55599225
1650;55632741
1651;55666257
1652;55699773
1653;55733289
1654;55766805
1655;55800321
1656;55833837
1657;55867353
1658;55900869
1659;55934385
1660;55967901
1661;56001417
1662;56034933
1663;56068449
1664;56101965
1665;56135481
1666;56168997
1667;56202513
1668;56236029
1669;56269545
1670;56303061
1671;56336577
1672;56370093
1673;56403609
1674;56437125
1675;56470641
1676;56504157
1677;56537673
1678;56571189
1679;56604705
1680;56638221
1681;56671737
1682;56705253
1683;56738769
1684;56772285
1685;56805801
1686;56839317
1687;56872833
1688;56906349
1689;56939865
1690;56973381
1691;57006897
1692;57040413
1693;57073929
1694;57107445
1695;57140961
1696;57174477
1697;57207993
1698;57241509
1699;57275025
1700;57308541
1701;57342057
1702;57375573
1703;57409089
1704;57442605
1705;57476121
1706;57509637
1707;57543153
1708;57576669
1709;57610185
1710;57643701
1711;57677217
1712;57710733
1713;57744249
1714;57777765
1715;57811281
1716;57844797
1717;57878313
1718;57911829
1719;57945345
1720;57978861
1721;58012377
1722;58045893
1723;58079409
1724;58112925
1725;58146441
1726;58179957
1727;58213473
1728;58246989
1729;58280505
1730;58314021
1731;58347537
1732;58381053
1733;58414569
1734;58448085
1735;58481601
1736;58515117
1737;58548633
1738;58582149
1739;58615665
1740;58649181
1741;58682697
1742;58716213
1743;58749729
1744;58783245
1745;58816761
1746;58850277
1747;58883793
1748;58917309
1749;58950825
1750;58984341
1751;59017857
1752;59051373
1753;59084889
1754;59118405
1755;59151921
1756;59185437
1757;59218953
1758;59252469
1759;59285985
1760;59319501
1761;59353017
1762;59386533
1763;59420049
1764;59453565
1765;59487081
1766;59520597
1767;59554113
1768;59587629
1769;59621145
1770;59654661
1771;59688177
1772;59721693
1773;59755209
1774;59788725
1775;59822241
1776;59855757
1777;59889273
1778;59922789
1779;59956305
1780;59989821
1781;60023337
1782;60056853
1783;60090369
1784;60123885
1785;60157401
1786;60190917
1787;60224433
1788;60257949
1789;60291465
1790;60324981
1791;60358497
1792;60392013
1793;60425529
1794;60459045
1795;60492561
1796;60526077
1797;60559593
1798;60593109
1799;60626625
1800;60660141
1801;60693657
1802;60727173
1803;60760689
1804;60794205
1805;60827721
1806;60861237
1807;60894753
1808;60928269
1809;60961785
1810;60995301
1811;61028817
1812;61062333
1813;61095849
1814;61129365
1815;61162881
1816;61196397
1817;61229913
1818;61263429
1819;61296945
1820;61330461
1821;61363977
1822;61397493
1823;61431009
1824;61464525
1825;61498041
1826;61531557
1827;61565073
1828;61598589
1829;61632105
1830;61665621
1831;61699137
1832;61732653
1833;61766169
1834;61799685
1835;61833201
1836;61866717
1837;61900233
1838;61933749
1839;61967265
1840;62000781
1841;62034297
1842;62067813
1843;62101329
1844;62134845
1845;62168361
1846;62201877
1847;62235393
1848;62268909
1849;62302425
1850;62335941
1851;62369457
1852;62402973
1853;62436489
1854;62470005
1855;62503521
1856;62537037
1857;62570553
1858;62604069
1859;62637585
1860;62671101
1861;62704617
1862;62738133
1863;62771649
1864;62805165
1865;62838681
1866;62872197
1867;62905713
1868;62939229
1869;62972745
1870;63006261
1871;63039777
1872;63073293
1873;63106809
1874;63140325
1875;63173841
1876;63207357
1877;63240873
1878;63274389
1879;63307905
1880;63341421
1881;63374937
1882;63408453
1883;63441969
1884;63475485
1885;63509001
1886;63542517
1887;63576033
1888;63609549
1889;63643065
1890;63676581
1891;63710097
1892;63743613
1893;63777129
1894;63810645
1895;63844161
1896;63877677
1897;63911193
1898;63944709
1899;63978225
1900;64011741
1901;64045257
1902;64078773
1903;64112289
1904;64145805
1905;64179321
1906;64212837
1907;64246353
1908;64279869
1909;64313385
1910;64346901
1911;64380417
1912;64413933
1913;64447449
1914;64480965
1915;64514481
1916;64547997
1917;64581513
1918;64615029
1919;64648545
1920;64682061
1921;64715577
1922;64749093
1923;64782609
1924;64816125
1925;64849641
1926;64883157
1927;64916673
1928;64950189
1929;64983705
1930;65017221
1931;65050737
1932;65084253
1933;65117769
1934;65151285
1935;65184801
1936;65218317
1937;65251833
1938;65285349
1939;65318865
1940;65352381
1941;65385897
1942;65419413
1943;65452929
1944;65486445
1945;65519961
1946;65553477
1947;65586993
1948;65620509
1949;65654025
1950;65687541
1951;65721057
1952;65754573
1953;65788089
1954;65821605
1955;65855121
1956;65888637
1957;65922153
1958;65955669
1959;65989185
1960;66022701
1961;66056217
1962;66089733
1963;66123249
1964;66156765
1965;66190281
1966;66223797
1967;66257313
1968;66290829
1969;66324345
1970;66357861
1971;66391377
1972;66424893
1973;66458409
1974;66491925
1975;66525441
1976;66558957
1977;66592473
1978;66625989
1979;66659505
1980;66693021
1981;66726537
1982;66760053
1983;66793569
1984;66827085
1985;66860601
1986;66894117
1987;66927633
1988;66961149
1989;66994665
1990;67028181
1991;67061697
1992;67095213
1993;67128729
1994;67162245
1995;67195761
1996;67229277
1997;67262793
1998;67296309
1999;67329825
2000;67363341
2001;67396857
2002;67430373
2003;67463889
2004;67497405
2005;67530921
2006;67564437
2007;67597953
2008;67631469
2009;67664985
2010;67698501
2011;67732017
2012;67765533
2013;67799049
2014;67832565
2015;67866081
2016;67899597
2017;67933113
2018;67966629
2019;68000145
2020;68033661
2021;68067177
2022;68100693
2023;68134209
2024;68167725
2025;68201241
2026;68234757
2027;68268273
2028;68301789
2029;68335305
2030;68368821
2031;68402337
2032;68435853
2033;68469369
2034;68502885
2035;68536401
2036;68569917
2037;68603433
2038;68636949
2039;68670465
2040;68703981
2041;68737497
2042;68771013
2043;68804529
2044;68838045
2045;68871561
2046;68905077
2047;68938593
2048;68972109
2049;69005625
2050;69039141
2051;69072657
2052;69106173
2053;69139689
2054;69173205
2055;69206721
2056;69240237
2057;69273753
2058;69307269
2059;69340785
2060;69374301
2061;69407817
2062;69441333
2063;69474849
2064;69508365
2065;69541881
2066;69575397
2067;69608913
2068;69642429
2069;69675945
2070;69709461
2071;69742977
2072;69776493
2073;69810009
2074;69843525
2075;69877041
2076;69910557
2077;69944073
2078;69977589
2079;70011105
2080;70044621
2081;70078137
2082;70111653
2083;70145169
2084;70178685
2085;70212201
2086;70245717
2087;70279233
2088;70312749
2089;70346265
2090;70379781
2091;70413297
2092;70446813
2093;70480329
2094;70513845
2095;70547361
2096;70580877
2097;70614393
2098;70647909
2099;70681425
2100;70714941
2101;70748457
2102;70781973
2103;70815489
2104;70849005
2105;70882521
2106;70916037
2107;70949553
2108;70983069
2109;71016585
2110;71050101
2111;71083617
2112;71117133
2113;71150649
2114;71184165
2115;71217681
2116;71251197
2117;71284713
2118;71318229
2119;71351745
2120;71385261
2121;71418777
2122;71552841
2123;71586357
2124;71619873
2125;71653389
2126;71686905
2127;71720421
2128;71753937
2129;71787453
2130;71820969
2131;71854485
2132;71888001
2133;71921517
2134;71955033
2135;71988549
2136;72022065
2137;72055581
2138;72089097
2139;72122613
2140;72156129
2141;72189645
2142;72223161
2143;72256677
2144;72290193
2145;72323709
2146;72357225
2147;72390741
2148;72424257
2149;72457773
2150;72491289
2151;72524805
2152;72558321
2153;72591837
2154;72625353
2155;72658869
2156;72692385
2157;72725901
2158;72759417
2159;72792933
2160;72826449
2161;72859965
2162;72893481
2163;72926997
2164;72960513
2165;72994029
2166;73027545
2167;73061061
2168;73094577
2169;73128093
2170;73161609
2171;73195125
2172;73228641
2173;73262157
2174;73295673
2175;73329189
2176;73362705
2177;73396221
2178;73429737
2179;73463253
2180;73496769
2181;73530285
2182;73563801
2183;73597317
2184;73630833
2185;73664349
2186;73697865
2187;73731381
2188;73764897
2189;73798413
2190;73831929
2191;73865445
2192;73898961
2193;73932477
2194;73965993
2195;73999509
2196;74033025
2197;74066541
2198;74100057
2199;74133573
2200;74167089
2201;74200605
2202;74234121
2203;74267637
2204;74301153
2205;74334669
2206;74368185
2207;74401701
2208;74435217
2209;74468733
2210;74502249
2211;74535765
2212;74569281
2213;74602797
2214;74636313
2215;74669829
2216;74703345
2217;74736861
2218;74770377
2219;74803893
2220;74837409
2221;74870925
2222;74904441
2223;74937957
2224;74971473
2225;75004989
2226;75038505
2227;75072021
2228;75105537
2229;75139053
2230;75172569
2231;75206085
2232;75239601
2233;75273117
2234;75306633
2235;75340149
2236;75373665
2237;75407181
2238;75440697
2239;75474213
2240;75507729
2241;75541245
2242;75574761
2243;75608277
2244;75641793
2245;75675309
2246;75708825
2247;75742341
2248;75775857
2249;75809373
2250;75842889
2251;75876405
2252;75909921
2253;75943437
2254;75976953
2255;76010469
2256;76043985
2257;76077501
2258;76111017
2259;76144533
2260;76178049
2261;76211565
2262;76245081
2263;76278597
2264;76312113
2265;76345629
2266;76379145
2267;76412661
2268;76446177
2269;76479693
2270;76513209
2271;76546725
2272;76580241
2273;76613757
2274;76647273
2275;76680789
2276;76714305
2277;76747821
2278;76781337
2279;76814853
2280;76848369
2281;76881885
2282;76915401
2283;76948917
2284;76982433
2285;77015949
2286;77049465
2287;77082981
2288;77116497
2289;77150013
2290;77183529
2291;77217045
2292;77250561
2293;77284077
2294;77317593
2295;77351109
2296;77384625
2297;77418141
2298;77451657
2299;77485173
2300;77518689
2301;77552205
2302;77585721
2303;77619237
2304;77652753
2305;77686269
2306;77719785
2307;77753301
2308;77786817
2309;77820333
2310;77853849
2311;77887365
2312;77920881
2313;77954397
2314;77987913
2315;78021429
2316;78054945
2317;78088461
2318;78121977
2319;78155493
2320;78189009
2321;78222525
2322;78256041
2323;78289557
2324;78323073
2325;78356589
2326;78390105
2327;78423621
2328;78457137
2329;78490653
2330;78524169
2331;78557685
2332;78591201
2333;78624717
2334;78658233
2335;78691749
2336;78725265
2337;78758781
2338;78792297
2339;78825813
2340;78859329
2341;78892845
2342;78926361
2343;78959877
2344;78993393
2345;79026909
2346;79060425
2347;79093941
2348;79127457
2349;79160973
2350;79194489
2351;79228005
2352;79261521
2353;79295037
2354;79328553
2355;79362069
2356;79395585
2357;79429101
2358;79462617
2359;79496133
2360;79529649
2361;79563165
2362;79596681
2363;79630197
2364;79663713
2365;79697229
2366;79730745
2367;79764261
2368;79797777
2369;79831293
2370;79864809
2371;79898325
2372;79931841
2373;79965357
2374;79998873
2375;80032389
2376;80065905
2377;80099421
2378;80132937
2379;80166453
2380;80199969
2381;80233485
2382;80267001
2383;80300517
2384;80334033
2385;80367549
2386;80401065
2387;80434581
2388;80468097
2389;80501613
2390;80535129
2391;80568645
2392;80602161
2393;80635677
2394;80669193
2395;80702709
2396;80736225
2397;80769741
2398;80803257
2399;80836773
2400;80870289
2401;80903805
2402;80937321
2403;80970837
2404;81004353
2405;81037869
2406;81071385
2407;81104901
2408;81138417
2409;81171933
2410;81205449
2411;81238965
2412;81272481
2413;81305997
2414;81339513
2415;81373029
2416;81406545
2417;81440061
2418;81473577
2419;81507093
2420;81540609
2421;81574125
2422;81607641
2423;81641157
2424;81674673
2425;81708189
2426;81741705
2427;81775221
2428;81808737
2429;81842253
2430;81875769
2431;81909285
2432;81942801
2433;81976317
2434;82009833
2435;82043349
2436;82076865
2437;82110381
2438;82143897
2439;82177413
2440;82210929
2441;82244445
2442;82277961
2443;82311477
2444;82344993
2445;82378509
2446;82412025
2447;82445541
2448;82479057
2449;82512573
2450;82546089
2451;82579605
2452;82613121
2453;82646637
2454;82680153
2455;82713669
2456;82747185
2457;82780701
2458;82814217
2459;82847733
2460;82881249
2461;82914765
2462;82948281
2463;82981797
2464;83015313
2465;83048829
2466;83082345
2467;83115861
2468;83149377
2469;83182893
2470;83216409
2471;83249925
2472;83283441
2473;83316957
2474;83350473
2475;83383989
2476;83417505
2477;83451021
2478;83484537
2479;83518053
2480;83551569
2481;83585085
2482;83618601
2483;83652117
2484;83685633
2485;83719149
2486;83752665
2487;83786181
2488;83819697
2489;83853213
2490;83886729
2491;83920245
2492;83953761
2493;83987277
2494;84020793
2495;84054309
2496;84087825
2497;84121341
2498;84154857
2499;84188373
2500;84221889
2501;84255405
2502;84288921
2503;84322437
2504;84355953
2505;84389469
2506;84422985
2507;84456501
2508;84490017
2509;84523533
2510;84557049
2511;84590565
2512;84624081
2513;84657597
2514;84691113
2515;84724629
2516;84758145
2517;84791661
2518;84825177
2519;84858693
2520;84892209
2521;84925725
2522;84959241
2523;84992757
2524;85026273
2525;85059789
2526;85093305
2527;85126821
2528;85160337
2529;85193853
2530;85227369
2531;85260885
2532;85294401
2533;85327917
2534;85361433
2535;85394949
2536;85428465
2537;85461981
2538;85495497
2539;85529013
2540;85562529
2541;85596045
2542;85629561
2543;85663077
2544;85696593
2545;85730109
2546;85763625
2547;85797141
2548;85830657
2549;85864173
2550;85897689
2551;85931205
2552;85964721
2553;85998237
2554;86031753
2555;86065269
2556;86098785
2557;86132301
2558;86165817
2559;86199333
2560;86232849
2561;86266365
2562;86299881
2563;86333397
2564;86366913
2565;86400429
2566;86433945
2567;86467461
2568;86500977
2569;86534493
2570;86568009
2571;86601525
2572;86635041
2573;86668557
2574;86702073
2575;86735589
2576;86769105
2577;86802621
2578;86836137
2579;86869653
2580;86903169
2581;86936685
2582;86970201
2583;87003717
2584;87037233
2585;87070749
2586;87104265
2587;87137781
2588;87171297
