1;0
2;63212
3;96728
4;130244
5;163760
6;197276
7;230792
8;264308
9;297824
10;331340
11;364856
12;398372
13;431888
14;465404
15;498920
16;532436
17;565952
18;599468
19;632984
20;666500
21;700016
22;733532
23;767048
24;800564
25;834080
26;867596
27;901112
28;934628
29;968144
30;1001660
31;1035176
32;1068692
33;1102208
34;1135724
35;1169240
36;1202756
37;1236272
38;1269788
39;1303304
40;1336820
41;1370336
42;1403852
43;1437368
44;1470884
45;1504400
46;1537916
47;1571432
48;1604948
49;1638464
50;1671980
51;1705496
52;1739012
53;1772528
54;1806044
55;1839560
56;1873076
57;1906592
58;1940108
59;1973624
60;2007140
61;2040656
62;2074172
63;2107688
64;2141204
65;2174720
66;2208236
67;2241752
68;2275268
69;2308784
70;2342300
71;2375816
72;2409332
73;2442848
74;2476364
75;2509880
76;2543396
77;2576912
78;2610428
79;2643944
80;2677460
81;2710976
82;2744492
83;2778008
84;2811524
85;2845040
86;2878556
87;2912072
88;2945588
89;2979104
90;3012620
91;3046136
92;3079652
93;3113168
94;3146684
95;3180200
96;3213716
97;3247232
98;3280748
99;3314264
100;3347780
101;3381296
102;3414812
103;3448328
104;3481844
105;3515360
106;3548876
107;3582392
108;3615908
109;3649424
110;3682940
111;3716456
112;3749972
113;3783488
114;3817004
115;3850520
116;3884036
117;3917552
118;3951068
119;3984584
120;4018100
121;4051616
122;4085132
123;4118648
124;4152164
125;4185680
126;4219196
127;4252712
128;4286228
129;4319744
130;4353260
131;4386776
132;4420292
133;4453808
134;4487324
135;4520840
136;4554356
137;4587872
138;4621388
139;4654904
140;4688420
141;4721936
142;4755452
143;4788968
144;4822484
145;4856000
146;4889516
147;4923032
148;4956548
149;4990064
150;5023580
151;5057096
152;5090612
153;5124128
154;5157644
155;5191160
156;5224676
157;5258192
158;5291708
159;5325224
160;5358740
161;5392256
162;5425772
163;5459288
164;5492804
165;5526320
166;5559836
167;5593352
168;5626868
169;5660384
170;5693900
171;5727416
172;5760932
173;5794448
174;5827964
175;5861480
176;5894996
177;5928512
178;5962028
179;5995544
180;6029060
181;6062576
182;6096092
183;6129608
184;6163124
185;6196640
186;6230156
187;6263672
188;6297188
189;6330704
190;6364220
191;6397736
192;6431252
193;6464768
194;6498284
195;6531800
196;6565316
197;6598832
198;6632348
199;6665864
200;6699380
201;6732896
202;6766412
203;6799928
204;6833444
205;6866960
206;6900476
207;6933992
208;6967508
209;7001024
210;7034540
211;7068056
212;7101572
213;7135088
214;7168604
215;7202120
216;7235636
217;7269152
218;7302668
219;7336184
220;7369700
221;7403216
222;7436732
223;7470248
224;7503764
225;7537280
226;7570796
227;7604312
228;7637828
229;7671344
230;7704860
231;7738376
232;7771892
233;7805408
234;7838924
235;7872440
236;7905956
237;7939472
238;7972988
239;8006504
240;8040020
241;8073536
242;8107052
243;8140568
244;8174084
245;8207600
246;8241116
247;8274632
248;8308148
249;8341664
250;8375180
251;8408696
252;8442212
253;8475728
254;8509244
255;8542760
256;8576276
257;8609792
258;8643308
259;8676824
260;8710340
261;8743856
262;8777372
263;8810888
264;8844404
265;8877920
266;8911436
267;8944952
268;8978468
269;9011984
270;9045500
271;9079016
272;9112532
273;9146048
274;9179564
275;9213080
276;9246596
277;9280112
278;9313628
279;9347144
280;9380660
281;9414176
282;9447692
283;9481208
284;9514724
285;9548240
286;9581756
287;9615272
288;9648788
289;9682304
290;9715820
291;9749336
292;9782852
293;9816368
294;9849884
295;9883400
296;9916916
297;9950432
298;9983948
299;10017464
300;10050980
301;10084496
302;10118012
303;10151528
304;10185044
305;10218560
306;10252076
307;10285592
308;10319108
309;10352624
310;10386140
311;10419656
312;10453172
313;10486688
314;10520204
315;10553720
316;10587236
317;10620752
318;10654268
319;10687784
320;10721300
321;10754816
322;10788332
323;10821848
324;10855364
325;10888880
326;10922396
327;10955912
328;10989428
329;11022944
330;11056460
331;11089976
332;11123492
333;11157008
334;11190524
335;11224040
336;11257556
337;11291072
338;11324588
339;11358104
340;11391620
341;11425136
342;11458652
343;11492168
344;11525684
345;11559200
346;11592716
347;11626232
348;11659748
349;11693264
350;11726780
351;11760296
352;11793812
353;11827328
354;11860844
355;11894360
356;11927876
357;11961392
358;11994908
359;12028424
360;12061940
361;12095456
362;12128972
363;12162488
364;12196004
365;12229520
366;12263036
367;12296552
368;12330068
369;12363584
370;12397100
371;12430616
372;12464132
373;12497648
374;12531164
375;12564680
376;12598196
377;12631712
378;12665228
379;12698744
380;12732260
381;12765776
382;12799292
383;12832808
384;12866324
385;12899840
386;12933356
387;12966872
388;13000388
389;13033904
390;13067420
391;13100936
392;13134452
393;13167968
394;13201484
395;13235000
396;13268516
397;13302032
398;13335548
399;13369064
400;13402580
401;13436096
402;13469612
403;13503128
404;13536644
405;13570160
406;13603676
407;13637192
408;13670708
409;13704224
410;13737740
411;13771256
412;13804772
413;13838288
414;13871804
415;13905320
416;13938836
417;13972352
418;14005868
419;14039384
420;14072900
421;14106416
422;14139932
423;14173448
424;14206964
425;14240480
426;14273996
427;14307512
428;14341028
429;14374544
430;14408060
431;14441576
432;14475092
433;14508608
434;14542124
435;14575640
436;14609156
437;14642672
438;14676188
439;14709704
440;14743220
441;14776736
442;14810252
443;14843768
444;14877284
445;14910800
446;14944316
447;14977832
448;15011348
449;15044864
450;15078380
451;15111896
452;15145412
453;15178928
454;15212444
455;15245960
456;15279476
457;15312992
458;15346508
459;15380024
460;15413540
461;15447056
462;15480572
463;15514088
464;15547604
465;15581120
466;15614636
467;15648152
468;15681668
469;15715184
470;15748700
471;15782216
472;15815732
473;15849248
474;15882764
475;15916280
476;15949796
477;15983312
478;16016828
479;16050344
480;16083860
481;16117376
482;16150892
483;16184408
484;16217924
485;16251440
486;16284956
487;16318472
488;16351988
489;16385504
490;16419020
491;16452536
492;16486052
493;16519568
494;16553084
495;16586600
496;16620116
497;16653632
498;16687148
499;16720664
500;16754180
501;16787696
502;16821212
503;16854728
504;16888244
505;16921760
506;16955276
507;16988792
508;17022308
509;17055824
510;17089340
511;17122856
512;17156372
513;17189888
514;17223404
515;17256920
516;17290436
517;17323952
518;17357468
519;17390984
520;17424500
521;17458016
522;17491532
523;17525048
524;17558564
525;17592080
526;17625596
527;17659112
528;17692628
529;17726144
530;17759660
531;17793176
532;17826692
533;17860208
534;17893724
535;17927240
536;17960756
537;17994272
538;18027788
539;18061304
540;18094820
541;18128336
542;18161852
543;18195368
544;18228884
545;18262400
546;18295916
547;18329432
548;18362948
549;18396464
550;18429980
551;18463496
552;18497012
553;18530528
554;18564044
555;18597560
556;18631076
557;18664592
558;18698108
559;18731624
560;18765140
561;18798656
562;18832172
563;18865688
564;18899204
565;18932720
566;18966236
567;18999752
568;19033268
569;19066784
570;19100300
571;19133816
572;19167332
573;19200848
574;19234364
575;19267880
576;19301396
577;19334912
578;19368428
579;19401944
580;19435460
581;19468976
582;19502492
583;19536008
584;19569524
585;19603040
586;19636556
587;19670072
588;19703588
589;19737104
590;19770620
591;19804136
592;19837652
593;19871168
594;19904684
595;19938200
596;19971716
597;20005232
598;20038748
599;20072264
600;20105780
601;20139296
602;20172812
603;20206328
604;20239844
605;20273360
606;20306876
607;20340392
608;20373908
609;20407424
610;20440940
611;20608520
612;20642036
613;20675552
614;20709068
615;20742584
616;20776100
617;20809616
618;20843132
619;20876648
620;20910164
621;20943680
622;20977196
623;21010712
624;21044228
625;21077744
626;21111260
627;21144776
628;21178292
629;21211808
630;21245324
631;21278840
632;21312356
633;21345872
634;21379388
635;21412904
636;21446420
637;21479936
638;21513452
639;21546968
640;21580484
641;21614000
642;21647516
643;21681032
644;21714548
645;21748064
646;21781580
647;21815096
648;21848612
649;21882128
650;21915644
651;21949160
652;21982676
653;22016192
654;22049708
655;22083224
656;22116740
657;22150256
658;22183772
659;22217288
660;22250804
661;22284320
662;22317836
663;22351352
664;22384868
665;22418384
666;22451900
667;22485416
668;22518932
669;22552448
670;22585964
671;22619480
672;22652996
673;22686512
674;22720028
675;22753544
676;22787060
677;22820576
678;22854092
679;22887608
680;22921124
681;22954640
682;22988156
683;23021672
684;23055188
685;23088704
686;23122220
687;23155736
688;23189252
689;23222768
690;23256284
691;23289800
692;23323316
693;23356832
694;23390348
695;23423864
696;23457380
697;23490896
698;23524412
699;23557928
700;23591444
701;23624960
702;23658476
703;23691992
704;23725508
705;23759024
706;23792540
707;23826056
708;23859572
709;23893088
710;23926604
711;23960120
712;23993636
713;24027152
714;24060668
715;24094184
716;24127700
717;24161216
718;24194732
719;24228248
720;24261764
721;24295280
722;24328796
723;24362312
724;24395828
725;24429344
726;24462860
727;24496376
728;24529892
729;24563408
730;24596924
731;24630440
732;24663956
733;24697472
734;24730988
735;24764504
736;24798020
737;24831536
738;24865052
739;24898568
740;24932084
741;24965600
742;24999116
743;25032632
744;25066148
745;25099664
746;25133180
747;25166696
748;25200212
749;25233728
750;25267244
751;25300760
752;25334276
753;25367792
754;25401308
755;25434824
756;25468340
757;25501856
758;25535372
759;25568888
760;25602404
761;25635920
762;25669436
763;25702952
764;25736468
765;25769984
766;25803500
767;25837016
768;25971080
769;26004596
770;26038112
771;26138660
772;26172176
773;26205692
774;26239208
775;26272724
776;26306240
777;26339756
778;26373272
779;26406788
780;26440304
781;26473820
782;26507336
783;26540852
784;26574368
785;26607884
786;26641400
787;26674916
788;26708432
789;26741948
790;26775464
791;26808980
792;26842496
793;26876012
794;26909528
795;26943044
796;26976560
797;27010076
798;27043592
799;27077108
800;27110624
801;27144140
802;27177656
803;27211172
804;27244688
805;27278204
806;27311720
807;27345236
808;27378752
809;27412268
810;27445784
811;27479300
812;27646880
813;27680396
814;27713912
815;27747428
816;27780944
817;27814460
818;27847976
819;27881492
820;27915008
821;27948524
822;27982040
823;28015556
824;28049072
825;28082588
826;28116104
827;28149620
828;28183136
829;28216652
830;28250168
831;28283684
832;28317200
833;28350716
834;28384232
835;28417748
836;28451264
837;28484780
838;28518296
839;28551812
840;28585328
841;28618844
842;28652360
843;28685876
844;28719392
845;28752908
846;28786424
847;28819940
848;28853456
849;28886972
850;28920488
851;28954004
852;28987520
853;29021036
854;29054552
855;29088068
856;29121584
857;29155100
858;29188616
859;29222132
860;29255648
861;29289164
862;29322680
863;29356196
864;29389712
865;29423228
866;29456744
867;29490260
868;29523776
869;29557292
870;29590808
871;29624324
872;29657840
873;29691356
874;29724872
875;29758388
876;29791904
877;29825420
878;29858936
879;29892452
880;29925968
881;29959484
882;29993000
883;30026516
884;30060032
885;30093548
886;30127064
887;30160580
888;30194096
889;30227612
890;30261128
891;30294644
892;30328160
893;30361676
894;30395192
895;30428708
896;30462224
897;30495740
898;30529256
899;30562772
900;30596288
901;30629804
902;30663320
903;30696836
904;30730352
905;30763868
906;30797384
907;30830900
908;30864416
909;30897932
910;30931448
911;30964964
912;30998480
913;31031996
914;31065512
915;31099028
916;31132544
917;31166060
918;31199576
919;31233092
920;31266608
921;31300124
922;31333640
923;31367156
924;31400672
925;31434188
926;31467704
927;31501220
928;31534736
929;31568252
930;31601768
931;31635284
932;31668800
933;31702316
934;31735832
935;31769348
936;31802864
937;31836380
938;31869896
939;31903412
940;31936928
941;31970444
942;32003960
943;32037476
944;32070992
945;32104508
946;32138024
947;32171540
948;32205056
949;32238572
950;32272088
951;32305604
952;32339120
953;32372636
954;32406152
955;32439668
956;32473184
957;32506700
958;32540216
959;32573732
960;32607248
961;32640764
962;32674280
963;32707796
964;32741312
965;32774828
966;32808344
967;32841860
968;32875376
969;32908892
970;32942408
971;32975924
972;33009440
973;33042956
974;33076472
975;33109988
976;33143504
977;33177020
978;33210536
979;33244052
980;33277568
981;33311084
982;33344600
983;33378116
984;33411632
985;33445148
986;33478664
987;33512180
988;33545696
989;33579212
990;33612728
991;33646244
992;33679760
993;33713276
994;33746792
995;33780308
996;33813824
997;33847340
998;33880856
999;33914372
1000;33947888
1001;33981404
1002;34014920
1003;34048436
1004;34081952
1005;34115468
1006;34148984
1007;34182500
1008;34216016
1009;34249532
1010;34283048
1011;34316564
1012;34350080
1013;34383596
1014;34417112
1015;34450628
1016;34484144
1017;34517660
1018;34551176
1019;34584692
1020;34618208
1021;34651724
1022;34685240
1023;34718756
1024;34752272
1025;34785788
1026;34819304
1027;34852820
1028;34886336
1029;34919852
1030;34953368
1031;34986884
1032;35020400
1033;35053916
1034;35087432
1035;35120948
1036;35154464
1037;35187980
1038;35221496
1039;35255012
1040;35288528
1041;35322044
1042;35355560
1043;35389076
1044;35422592
1045;35456108
1046;35489624
1047;35523140
1048;35556656
1049;35590172
1050;35623688
1051;35657204
1052;35690720
1053;35724236
1054;35757752
1055;35791268
1056;35824784
1057;35858300
1058;35891816
1059;35925332
1060;35958848
1061;35992364
1062;36025880
1063;36059396
1064;36092912
1065;36126428
1066;36159944
1067;36193460
1068;36226976
1069;36260492
1070;36294008
1071;36327524
1072;36361040
1073;36394556
1074;36428072
1075;36461588
1076;36495104
1077;36528620
1078;36562136
1079;36595652
1080;36629168
1081;36662684
1082;36696200
1083;36729716
1084;36763232
1085;36796748
1086;36830264
1087;36863780
1088;36897296
1089;36930812
1090;36964328
1091;36997844
1092;37031360
1093;37064876
1094;37098392
1095;37131908
1096;37165424
1097;37198940
1098;37232456
1099;37265972
1100;37299488
1101;37333004
1102;37366520
1103;37400036
1104;37433552
1105;37467068
1106;37500584
1107;37534100
1108;37567616
1109;37601132
1110;37634648
1111;37668164
1112;37701680
1113;37735196
1114;37768712
1115;37802228
1116;37835744
1117;37869260
1118;37902776
1119;37936292
1120;37969808
1121;38003324
1122;38036840
1123;38070356
1124;38103872
1125;38137388
1126;38170904
1127;38204420
1128;38237936
1129;38271452
1130;38304968
1131;38338484
1132;38372000
1133;38405516
1134;38439032
1135;38472548
1136;38506064
1137;38539580
1138;38573096
1139;38606612
1140;38640128
1141;38673644
1142;38707160
1143;38740676
1144;38774192
1145;38807708
1146;38841224
1147;38874740
1148;38908256
1149;38941772
1150;38975288
1151;39008804
1152;39042320
1153;39075836
1154;39109352
1155;39142868
1156;39176384
1157;39209900
1158;39243416
1159;39276932
1160;39310448
1161;39343964
1162;39377480
1163;39410996
1164;39444512
1165;39478028
1166;39511544
1167;39545060
1168;39578576
1169;39612092
1170;39645608
1171;39679124
1172;39712640
1173;39746156
1174;39779672
1175;39813188
1176;39846704
1177;39880220
1178;39913736
1179;39947252
1180;39980768
1181;40014284
1182;40047800
1183;40081316
1184;40114832
1185;40148348
1186;40181864
1187;40215380
1188;40248896
1189;40282412
1190;40315928
1191;40349444
1192;40382960
1193;40416476
1194;40449992
1195;40483508
1196;40517024
1197;40550540
1198;40584056
1199;40617572
1200;40651088
1201;40684604
1202;40718120
1203;40751636
1204;40785152
1205;40818668
1206;40852184
1207;40885700
1208;40919216
1209;40952732
1210;40986248
1211;41019764
1212;41053280
1213;41086796
1214;41120312
1215;41153828
1216;41187344
1217;41220860
1218;41254376
1219;41287892
1220;41321408
1221;41354924
1222;41388440
1223;41421956
1224;41455472
1225;41488988
1226;41522504
1227;41556020
1228;41589536
1229;41623052
1230;41656568
1231;41690084
1232;41723600
1233;41757116
1234;41790632
1235;41824148
1236;41857664
1237;41891180
1238;41924696
1239;41958212
1240;41991728
1241;42025244
1242;42058760
1243;42092276
1244;42125792
1245;42159308
1246;42192824
1247;42226340
1248;42259856
1249;42293372
1250;42326888
1251;42360404
1252;42393920
1253;42427436
1254;42460952
1255;42494468
1256;42527984
1257;42561500
