1;0
2;63213
3;96729
4;130245
5;163761
6;197277
7;230793
8;264309
9;297825
10;331341
11;364857
12;398373
13;431889
14;465405
15;498921
16;532437
17;565953
18;599469
19;632985
20;666501
21;700017
22;733533
23;767049
24;800565
25;834081
26;867597
27;901113
28;934629
29;968145
30;1001661
31;1035177
32;1068693
33;1102209
34;1135725
35;1169241
36;1202757
37;1236273
38;1269789
39;1303305
40;1336821
41;1370337
42;1403853
43;1437369
44;1470885
45;1504401
46;1537917
47;1571433
48;1604949
49;1638465
50;1671981
51;1705497
52;1739013
53;1772529
54;1806045
55;1839561
56;1873077
57;1906593
58;1940109
59;1973625
60;2007141
61;2040657
62;2074173
63;2107689
64;2141205
65;2174721
66;2208237
67;2241753
68;2275269
69;2308785
70;2342301
71;2375817
72;2409333
73;2442849
74;2476365
75;2509881
76;2543397
77;2576913
78;2610429
79;2643945
80;2677461
81;2710977
82;2744493
83;2778009
84;2811525
85;2845041
86;2878557
87;2912073
88;2945589
89;2979105
90;3012621
91;3046137
92;3079653
93;3113169
94;3146685
95;3180201
96;3213717
97;3247233
98;3280749
99;3314265
100;3347781
101;3381297
102;3414813
103;3448329
104;3481845
105;3515361
106;3548877
107;3582393
108;3615909
109;3649425
110;3682941
111;3716457
112;3749973
113;3783489
114;3817005
115;3850521
116;3884037
117;3917553
118;3951069
119;3984585
120;4018101
121;4051617
122;4085133
123;4118649
124;4152165
125;4185681
126;4219197
127;4252713
128;4286229
129;4319745
130;4353261
131;4386777
132;4420293
133;4453809
134;4487325
135;4520841
136;4554357
137;4587873
138;4621389
139;4654905
140;4688421
141;4721937
142;4755453
143;4788969
144;4822485
145;4856001
146;4889517
147;4923033
148;4956549
149;4990065
150;5023581
151;5057097
152;5090613
153;5124129
154;5157645
155;5191161
156;5224677
157;5258193
158;5291709
159;5325225
160;5358741
161;5392257
162;5425773
163;5459289
164;5492805
165;5526321
166;5559837
167;5593353
168;5626869
169;5660385
170;5693901
171;5727417
172;5760933
173;5794449
174;5827965
175;5861481
176;5894997
177;5928513
178;5962029
179;5995545
180;6029061
181;6062577
182;6096093
183;6129609
184;6163125
185;6196641
186;6230157
187;6263673
188;6297189
189;6330705
190;6364221
191;6397737
192;6431253
193;6464769
194;6498285
195;6531801
196;6565317
197;6598833
198;6632349
199;6665865
200;6699381
201;6732897
202;6766413
203;6799929
204;6833445
205;6866961
206;6900477
207;6933993
208;6967509
209;7001025
210;7034541
211;7068057
212;7101573
213;7135089
214;7168605
215;7202121
216;7235637
217;7269153
218;7302669
219;7336185
220;7369701
221;7403217
222;7436733
223;7470249
224;7503765
225;7537281
226;7570797
227;7604313
228;7637829
229;7671345
230;7704861
231;7738377
232;7771893
233;7805409
234;7838925
235;7872441
236;7905957
237;7939473
238;7972989
239;8006505
240;8040021
241;8073537
242;8107053
243;8140569
244;8174085
245;8207601
246;8241117
247;8274633
248;8308149
249;8341665
250;8375181
251;8408697
252;8442213
253;8475729
254;8509245
255;8542761
256;8576277
257;8609793
258;8643309
259;8676825
260;8710341
261;8743857
262;8777373
263;8810889
264;8844405
265;8877921
266;8911437
267;8944953
268;8978469
269;9011985
270;9045501
271;9079017
272;9112533
273;9146049
274;9179565
275;9213081
276;9246597
277;9280113
278;9313629
279;9347145
280;9380661
281;9414177
282;9447693
283;9481209
284;9514725
285;9548241
286;9581757
287;9615273
288;9648789
289;9682305
290;9715821
291;9749337
292;9782853
293;9816369
294;9849885
295;9883401
296;9916917
297;9950433
298;9983949
299;10017465
300;10050981
301;10084497
302;10118013
303;10151529
304;10185045
305;10218561
306;10252077
307;10285593
308;10319109
309;10352625
310;10386141
311;10419657
312;10453173
313;10486689
314;10520205
315;10553721
316;10587237
317;10620753
318;10654269
319;10687785
320;10721301
321;10754817
322;10788333
323;10821849
324;10855365
325;10888881
326;10922397
327;10955913
328;10989429
329;11022945
330;11056461
331;11089977
332;11123493
333;11157009
334;11190525
335;11224041
336;11257557
337;11291073
338;11324589
339;11358105
340;11391621
341;11425137
342;11458653
343;11492169
344;11525685
345;11559201
346;11592717
347;11626233
348;11659749
349;11693265
350;11726781
351;11760297
352;11793813
353;11827329
354;11860845
355;11894361
356;11927877
357;11961393
358;11994909
359;12028425
360;12061941
361;12095457
362;12128973
363;12162489
364;12196005
365;12229521
366;12263037
367;12296553
368;12330069
369;12363585
370;12397101
371;12430617
372;12464133
373;12497649
374;12531165
375;12564681
376;12598197
377;12631713
378;12665229
379;12698745
380;12732261
381;12765777
382;12799293
383;12832809
384;12866325
385;12899841
386;12933357
387;12966873
388;13000389
389;13033905
390;13067421
391;13100937
392;13134453
393;13167969
394;13201485
395;13235001
396;13268517
397;13302033
398;13335549
399;13369065
400;13402581
401;13436097
402;13469613
403;13503129
404;13536645
405;13570161
406;13603677
407;13637193
408;13670709
409;13704225
410;13737741
411;13771257
412;13804773
413;13838289
414;13871805
415;13905321
416;13938837
417;13972353
418;14005869
419;14039385
420;14072901
421;14106417
422;14139933
423;14173449
424;14206965
425;14240481
426;14273997
427;14307513
428;14341029
429;14374545
430;14408061
431;14441577
432;14475093
433;14508609
434;14542125
435;14575641
436;14609157
437;14642673
438;14676189
439;14709705
440;14743221
441;14776737
442;14810253
443;14843769
444;14877285
445;14910801
446;14944317
447;14977833
448;15011349
449;15044865
450;15078381
451;15111897
452;15145413
453;15178929
454;15212445
455;15245961
456;15279477
457;15312993
458;15346509
459;15380025
460;15413541
461;15447057
462;15480573
463;15514089
464;15547605
465;15581121
466;15614637
467;15648153
468;15681669
469;15715185
470;15748701
471;15782217
472;15815733
473;15849249
474;15882765
475;15916281
476;15949797
477;15983313
478;16016829
479;16050345
480;16083861
481;16117377
482;16150893
483;16184409
484;16217925
485;16251441
486;16284957
487;16318473
488;16351989
489;16385505
490;16419021
491;16452537
492;16486053
493;16519569
494;16553085
495;16586601
496;16620117
497;16653633
498;16687149
499;16720665
500;16754181
501;16787697
502;16821213
503;16854729
504;16888245
505;16921761
506;16955277
507;16988793
508;17022309
509;17055825
510;17089341
511;17122857
512;17156373
513;17189889
514;17223405
515;17256921
516;17290437
517;17323953
518;17357469
519;17390985
520;17424501
521;17458017
522;17491533
523;17525049
524;17558565
525;17592081
526;17625597
527;17659113
528;17692629
529;17726145
530;17759661
531;17793177
532;17826693
533;17860209
534;17893725
535;17927241
536;17960757
537;17994273
538;18027789
539;18061305
540;18094821
541;18128337
542;18161853
543;18195369
544;18228885
545;18262401
546;18295917
547;18329433
548;18362949
549;18396465
550;18429981
551;18463497
552;18497013
553;18530529
554;18564045
555;18597561
556;18631077
557;18664593
558;18698109
559;18731625
560;18765141
561;18798657
562;18832173
563;18865689
564;18899205
565;18932721
566;18966237
567;18999753
568;19033269
569;19066785
570;19100301
571;19133817
572;19167333
573;19200849
574;19234365
575;19267881
576;19301397
577;19334913
578;19368429
579;19401945
580;19435461
581;19468977
582;19502493
583;19536009
584;19569525
585;19603041
586;19636557
587;19670073
588;19703589
589;19737105
590;19770621
591;19804137
592;19837653
593;19871169
594;19904685
595;19938201
596;19971717
597;20005233
598;20038749
599;20072265
600;20105781
601;20139297
602;20172813
603;20206329
604;20239845
605;20273361
606;20306877
607;20340393
608;20373909
609;20407425
610;20440941
611;20474457
612;20507973
613;20541489
614;20575005
615;20608521
616;20642037
617;20675553
618;20709069
619;20742585
620;20776101
621;20809617
622;20843133
623;20876649
624;20910165
625;20943681
626;20977197
627;21010713
628;21044229
629;21077745
630;21111261
631;21144777
632;21178293
633;21211809
634;21245325
635;21278841
636;21312357
637;21345873
638;21379389
639;21412905
640;21446421
641;21479937
642;21513453
643;21546969
644;21580485
645;21614001
646;21647517
647;21681033
648;21714549
649;21748065
650;21781581
651;21815097
652;21848613
653;21882129
654;21915645
655;21949161
656;21982677
657;22016193
658;22049709
659;22083225
660;22116741
661;22150257
662;22183773
663;22217289
664;22250805
665;22284321
666;22317837
667;22351353
668;22384869
669;22418385
670;22451901
671;22485417
672;22518933
673;22552449
674;22585965
675;22619481
676;22652997
677;22686513
678;22720029
679;22753545
680;22787061
681;22820577
682;22854093
683;22887609
684;22921125
685;22954641
686;22988157
687;23021673
688;23055189
689;23088705
690;23122221
691;23155737
692;23189253
693;23222769
694;23256285
695;23289801
696;23323317
697;23356833
698;23390349
699;23423865
700;23457381
701;23490897
702;23524413
703;23557929
704;23591445
705;23624961
706;23658477
707;23691993
708;23725509
709;23759025
710;23792541
711;23826057
712;23859573
713;23893089
714;23926605
715;23960121
716;23993637
717;24027153
718;24060669
719;24094185
720;24127701
721;24161217
722;24194733
723;24228249
724;24261765
725;24295281
726;24328797
727;24362313
728;24395829
729;24429345
730;24462861
731;24496377
732;24529893
733;24563409
734;24596925
735;24630441
736;24663957
737;24697473
738;24730989
739;24764505
740;24798021
741;24831537
742;24865053
743;24898569
744;24932085
745;24965601
746;24999117
747;25032633
748;25066149
749;25099665
750;25133181
751;25166697
752;25200213
753;25233729
754;25267245
755;25300761
756;25334277
757;25367793
758;25401309
759;25434825
760;25468341
761;25501857
762;25535373
763;25568889
764;25602405
765;25635921
766;25669437
767;25702953
768;25736469
769;25769985
770;25803501
771;25837017
772;25870533
773;25904049
774;25937565
775;25971081
776;26004597
777;26038113
778;26071629
779;26105145
780;26138661
781;26172177
782;26205693
783;26239209
784;26272725
785;26306241
786;26339757
787;26373273
788;26406789
789;26440305
790;26473821
791;26507337
792;26540853
793;26574369
794;26607885
795;26641401
796;26674917
797;26708433
798;26741949
799;26775465
800;26808981
801;26842497
802;26876013
803;26909529
804;26943045
805;26976561
806;27010077
807;27043593
808;27077109
809;27110625
810;27144141
811;27177657
812;27211173
813;27244689
814;27278205
815;27311721
816;27345237
817;27378753
818;27412269
819;27445785
820;27479301
821;27512817
822;27546333
823;27579849
824;27613365
825;27646881
826;27680397
827;27713913
828;27747429
829;27780945
830;27814461
831;27847977
832;27881493
833;27915009
834;27948525
835;27982041
836;28015557
837;28049073
838;28082589
839;28116105
840;28149621
841;28183137
842;28216653
843;28250169
844;28283685
845;28317201
846;28350717
847;28384233
848;28417749
849;28451265
850;28484781
851;28518297
852;28551813
853;28585329
854;28618845
855;28652361
856;28685877
857;28719393
858;28752909
859;28786425
860;28819941
861;28853457
862;28886973
863;28920489
864;28954005
865;28987521
866;29021037
867;29054553
868;29088069
869;29121585
870;29155101
871;29188617
872;29222133
873;29255649
874;29289165
875;29322681
876;29356197
877;29389713
878;29423229
879;29456745
880;29490261
881;29523777
882;29557293
883;29590809
884;29624325
885;29657841
886;29691357
887;29724873
888;29758389
889;29791905
890;29825421
891;29858937
892;29892453
893;29925969
894;29959485
895;29993001
896;30026517
897;30060033
898;30093549
899;30127065
900;30160581
901;30194097
902;30227613
903;30261129
904;30294645
905;30328161
906;30361677
907;30395193
908;30428709
909;30462225
910;30495741
911;30529257
912;30562773
913;30596289
914;30629805
915;30663321
916;30696837
917;30730353
918;30763869
919;30797385
920;30830901
921;30864417
922;30897933
923;30931449
924;30964965
925;30998481
926;31031997
927;31065513
928;31099029
929;31132545
930;31166061
931;31199577
932;31233093
933;31266609
934;31300125
935;31333641
936;31367157
937;31400673
938;31434189
939;31467705
940;31501221
941;31534737
942;31568253
943;31601769
944;31635285
945;31668801
946;31702317
947;31735833
948;31769349
949;31802865
950;31836381
951;31869897
952;31903413
953;31936929
954;31970445
955;32003961
956;32037477
957;32070993
958;32104509
959;32138025
960;32171541
961;32205057
962;32238573
963;32272089
964;32305605
965;32339121
966;32372637
967;32406153
968;32439669
969;32473185
970;32506701
971;32540217
972;32573733
973;32607249
974;32640765
975;32674281
976;32707797
977;32741313
978;32774829
979;32808345
980;32841861
981;32875377
982;32908893
983;32942409
984;32975925
985;33009441
986;33042957
987;33076473
988;33109989
989;33143505
990;33177021
991;33210537
992;33244053
993;33277569
994;33311085
995;33344601
996;33378117
997;33411633
998;33445149
999;33478665
1000;33512181
1001;33545697
1002;33579213
1003;33612729
1004;33646245
1005;33679761
1006;33713277
1007;33746793
1008;33780309
1009;33813825
1010;33847341
1011;33880857
1012;33914373
1013;33947889
1014;33981405
1015;34014921
1016;34048437
1017;34081953
1018;34115469
1019;34148985
1020;34182501
1021;34216017
1022;34249533
1023;34283049
1024;34316565
1025;34350081
1026;34383597
1027;34417113
1028;34450629
1029;34484145
1030;34517661
1031;34551177
1032;34584693
1033;34618209
1034;34651725
1035;34685241
1036;34718757
1037;34752273
1038;34785789
1039;34819305
1040;34852821
1041;34886337
1042;34919853
1043;34953369
1044;34986885
1045;35020401
1046;35053917
1047;35087433
1048;35120949
1049;35154465
1050;35187981
1051;35221497
1052;35255013
1053;35288529
1054;35322045
1055;35355561
1056;35389077
1057;35422593
1058;35456109
1059;35489625
1060;35523141
1061;35556657
1062;35590173
1063;35623689
1064;35657205
1065;35690721
1066;35724237
1067;35757753
1068;35791269
1069;35824785
1070;35858301
1071;35891817
1072;35925333
1073;35958849
1074;35992365
1075;36025881
1076;36059397
1077;36092913
1078;36126429
1079;36159945
1080;36193461
1081;36226977
1082;36260493
1083;36294009
1084;36327525
1085;36361041
1086;36394557
1087;36428073
1088;36461589
1089;36495105
1090;36528621
1091;36562137
1092;36595653
1093;36629169
1094;36662685
1095;36696201
1096;36729717
1097;36763233
1098;36796749
1099;36830265
1100;36863781
1101;36897297
1102;36930813
1103;36964329
1104;36997845
1105;37031361
1106;37064877
1107;37098393
1108;37131909
1109;37165425
1110;37198941
1111;37232457
1112;37265973
1113;37299489
1114;37333005
1115;37366521
1116;37400037
1117;37433553
1118;37467069
1119;37500585
1120;37534101
1121;37567617
1122;37601133
1123;37634649
1124;37668165
1125;37701681
1126;37735197
1127;37768713
1128;37802229
1129;37835745
1130;37869261
1131;37902777
1132;37936293
1133;37969809
1134;38003325
1135;38036841
1136;38070357
1137;38103873
1138;38137389
1139;38170905
1140;38204421
1141;38237937
1142;38271453
1143;38304969
1144;38338485
1145;38372001
1146;38405517
1147;38439033
1148;38472549
1149;38506065
1150;38539581
1151;38573097
1152;38606613
1153;38640129
1154;38673645
1155;38707161
1156;38740677
1157;38774193
1158;38807709
1159;38841225
1160;38874741
1161;38908257
1162;38941773
1163;38975289
1164;39008805
1165;39042321
1166;39075837
1167;39109353
1168;39142869
1169;39176385
1170;39209901
1171;39243417
1172;39276933
1173;39310449
1174;39343965
1175;39377481
1176;39410997
1177;39444513
1178;39478029
1179;39511545
1180;39545061
1181;39578577
1182;39612093
1183;39645609
1184;39679125
1185;39712641
1186;39746157
1187;39779673
1188;39813189
1189;39846705
1190;39880221
1191;39913737
1192;39947253
1193;39980769
1194;40014285
1195;40047801
1196;40081317
1197;40114833
1198;40148349
1199;40181865
1200;40215381
1201;40248897
1202;40282413
1203;40315929
1204;40349445
1205;40382961
1206;40416477
1207;40449993
1208;40483509
1209;40517025
1210;40550541
1211;40584057
1212;40617573
1213;40651089
1214;40684605
1215;40718121
1216;40751637
1217;40785153
1218;40818669
1219;40852185
1220;40885701
1221;40919217
1222;40952733
1223;40986249
1224;41019765
1225;41053281
1226;41086797
1227;41120313
1228;41153829
1229;41187345
1230;41220861
1231;41254377
1232;41287893
1233;41321409
1234;41354925
1235;41388441
1236;41421957
1237;41455473
1238;41488989
1239;41522505
1240;41556021
1241;41589537
1242;41623053
1243;41656569
1244;41690085
1245;41723601
1246;41757117
1247;41790633
1248;41824149
1249;41857665
1250;41958213
1251;41991729
1252;42025245
1253;42058761
1254;42092277
1255;42125793
1256;42159309
1257;42192825
1258;42226341
1259;42259857
1260;42293373
1261;42326889
1262;42360405
1263;42393921
1264;42427437
1265;42460953
1266;42494469
1267;42527985
1268;42561501
1269;42595017
1270;42628533
1271;42662049
1272;42796113
1273;42829629
1274;42863145
1275;42896661
1276;42930177
1277;42963693
1278;42997209
1279;43030725
1280;43064241
1281;43265337
1282;43298853
1283;43332369
1284;43365885
1285;43399401
1286;43432917
1287;43466433
1288;43499949
1289;43533465
1290;43566981
1291;43600497
1292;43634013
1293;43667529
1294;43701045
1295;43734561
1296;43768077
1297;43801593
1298;43835109
1299;43868625
1300;43902141
1301;43935657
1302;44103237
1303;44136753
1304;44170269
1305;44203785
1306;44237301
1307;44270817
1308;44304333
1309;44337849
1310;44371365
1311;44404881
1312;44438397
1313;44471913
1314;44505429
1315;44538945
1316;44572461
1317;44605977
1318;44639493
1319;44673009
1320;44706525
1321;44740041
1322;44773557
1323;44807073
1324;44840589
1325;44874105
1326;44907621
1327;44941137
1328;44974653
1329;45008169
1330;45041685
1331;45075201
1332;45108717
1333;45142233
1334;45175749
1335;45209265
1336;45242781
1337;45276297
1338;45309813
1339;45343329
1340;45376845
1341;45410361
1342;45443877
1343;45477393
1344;45510909
1345;45544425
1346;45577941
1347;45611457
1348;45644973
1349;45678489
1350;45712005
1351;45745521
1352;45779037
1353;45812553
1354;45846069
1355;45879585
1356;45913101
1357;45946617
1358;45980133
1359;46013649
1360;46047165
1361;46080681
1362;46114197
1363;46147713
1364;46181229
1365;46214745
1366;46248261
1367;46281777
1368;46315293
1369;46348809
1370;46382325
1371;46415841
1372;46449357
1373;46482873
1374;46516389
1375;46549905
1376;46583421
1377;46616937
1378;46650453
1379;46683969
1380;46717485
1381;46751001
1382;46784517
1383;46818033
1384;46851549
1385;46885065
1386;46918581
1387;46952097
1388;46985613
1389;47019129
1390;47052645
1391;47086161
1392;47119677
1393;47153193
1394;47186709
1395;47220225
1396;47253741
1397;47287257
1398;47320773
1399;47354289
1400;47387805
1401;47421321
1402;47454837
1403;47488353
1404;47521869
1405;47555385
1406;47588901
1407;47622417
1408;47655933
1409;47689449
1410;47722965
1411;47756481
1412;47789997
1413;47823513
1414;47857029
1415;47890545
1416;47924061
1417;47957577
1418;47991093
1419;48024609
1420;48058125
1421;48091641
1422;48125157
1423;48158673
1424;48192189
1425;48225705
1426;48259221
1427;48292737
1428;48326253
1429;48359769
1430;48393285
1431;48426801
1432;48460317
1433;48493833
1434;48527349
1435;48560865
1436;48594381
1437;48627897
1438;48661413
1439;48694929
1440;48728445
1441;48761961
1442;48795477
1443;48828993
1444;48862509
1445;48896025
1446;48929541
1447;48963057
1448;48996573
1449;49030089
1450;49063605
1451;49097121
1452;49130637
1453;49164153
1454;49197669
1455;49231185
1456;49264701
1457;49298217
1458;49331733
1459;49365249
1460;49398765
1461;49432281
1462;49465797
1463;49499313
1464;49532829
1465;49566345
1466;49599861
1467;49633377
1468;49666893
1469;49700409
1470;49733925
1471;49767441
1472;49800957
1473;49834473
1474;49867989
1475;49901505
1476;49935021
1477;49968537
1478;50002053
1479;50035569
1480;50069085
1481;50102601
1482;50136117
1483;50169633
1484;50203149
1485;50236665
1486;50270181
1487;50303697
1488;50337213
1489;50370729
1490;50404245
1491;50437761
1492;50471277
1493;50504793
1494;50538309
1495;50571825
1496;50605341
1497;50638857
1498;50672373
1499;50705889
1500;50739405
1501;50772921
1502;50806437
1503;50839953
1504;50873469
1505;50906985
1506;50940501
1507;50974017
1508;51007533
1509;51041049
1510;51074565
1511;51108081
1512;51141597
1513;51175113
1514;51208629
1515;51242145
1516;51275661
1517;51309177
1518;51342693
1519;51376209
1520;51409725
1521;51443241
1522;51476757
1523;51510273
1524;51543789
1525;51577305
1526;51610821
1527;51644337
1528;51677853
1529;51711369
1530;51744885
1531;51778401
1532;51811917
1533;51845433
1534;51878949
1535;51912465
1536;51945981
1537;51979497
1538;52013013
1539;52046529
1540;52080045
1541;52113561
1542;52147077
1543;52180593
1544;52214109
1545;52247625
1546;52281141
1547;52314657
1548;52348173
1549;52381689
1550;52415205
1551;52448721
1552;52482237
1553;52515753
1554;52549269
1555;52582785
1556;52616301
1557;52649817
1558;52683333
1559;52716849
1560;52750365
1561;52783881
1562;52817397
1563;52850913
1564;52884429
1565;52917945
1566;52951461
1567;52984977
1568;53018493
1569;53052009
1570;53085525
1571;53119041
1572;53152557
1573;53186073
1574;53219589
1575;53253105
1576;53286621
1577;53320137
1578;53353653
1579;53387169
1580;53420685
1581;53454201
1582;53487717
1583;53521233
1584;53554749
1585;53588265
1586;53621781
1587;53655297
1588;53688813
1589;53722329
1590;53755845
1591;53789361
1592;53822877
1593;53856393
1594;53889909
1595;53923425
1596;53956941
1597;53990457
1598;54023973
1599;54057489
1600;54091005
1601;54124521
1602;54158037
1603;54191553
1604;54225069
1605;54258585
1606;54292101
1607;54325617
1608;54359133
1609;54392649
1610;54426165
1611;54459681
1612;54493197
1613;54526713
1614;54560229
1615;54593745
1616;54627261
1617;54660777
1618;54694293
1619;54727809
1620;54761325
1621;54794841
1622;54828357
1623;54861873
1624;54895389
1625;54928905
1626;54962421
1627;54995937
1628;55029453
1629;55062969
1630;55096485
1631;55130001
1632;55163517
1633;55197033
1634;55230549
1635;55264065
1636;55297581
1637;55331097
1638;55364613
1639;55398129
1640;55431645
1641;55465161
1642;55498677
1643;55532193
1644;55565709
1645;55599225
1646;55632741
1647;55666257
1648;55699773
1649;55733289
1650;55766805
1651;55800321
1652;55833837
1653;55867353
1654;55900869
1655;55934385
1656;55967901
1657;56001417
1658;56034933
1659;56068449
1660;56101965
1661;56135481
1662;56168997
1663;56202513
1664;56236029
1665;56269545
1666;56303061
1667;56336577
1668;56370093
1669;56403609
1670;56437125
1671;56470641
1672;56504157
1673;56537673
1674;56571189
1675;56604705
1676;56638221
1677;56671737
1678;56705253
1679;56738769
1680;56772285
1681;56805801
1682;56839317
1683;56872833
1684;56906349
1685;56939865
1686;56973381
1687;57006897
1688;57040413
1689;57073929
1690;57107445
1691;57140961
1692;57174477
1693;57207993
1694;57241509
1695;57275025
1696;57308541
1697;57342057
1698;57375573
1699;57409089
1700;57442605
1701;57476121
1702;57509637
1703;57543153
1704;57576669
1705;57610185
1706;57643701
1707;57677217
1708;57710733
1709;57744249
1710;57777765
1711;57811281
1712;57844797
1713;57878313
1714;57911829
1715;57945345
1716;57978861
1717;58012377
1718;58045893
1719;58079409
1720;58112925
1721;58146441
1722;58179957
1723;58213473
1724;58246989
1725;58280505
1726;58314021
1727;58347537
1728;58381053
1729;58414569
1730;58448085
1731;58481601
1732;58515117
1733;58548633
1734;58582149
1735;58615665
1736;58649181
1737;58682697
1738;58716213
1739;58749729
1740;58783245
1741;58816761
1742;58850277
1743;58883793
1744;58917309
1745;58950825
1746;58984341
1747;59017857
1748;59051373
1749;59084889
1750;59118405
1751;59151921
1752;59185437
1753;59218953
1754;59252469
1755;59285985
1756;59319501
1757;59353017
1758;59386533
1759;59420049
1760;59453565
1761;59487081
1762;59520597
1763;59554113
1764;59587629
1765;59621145
1766;59654661
1767;59688177
1768;59721693
1769;59755209
1770;59788725
1771;59822241
1772;59855757
1773;59889273
1774;59922789
1775;59956305
1776;59989821
1777;60023337
1778;60056853
1779;60090369
1780;60123885
1781;60157401
1782;60190917
1783;60224433
1784;60257949
1785;60291465
1786;60324981
1787;60358497
1788;60392013
1789;60425529
1790;60459045
1791;60492561
1792;60526077
1793;60559593
1794;60593109
1795;60626625
1796;60660141
1797;60693657
1798;60727173
1799;60760689
1800;60794205
1801;60827721
1802;60861237
1803;60894753
1804;60928269
1805;60961785
1806;60995301
1807;61028817
1808;61062333
1809;61095849
1810;61129365
1811;61162881
1812;61196397
1813;61229913
1814;61263429
1815;61296945
1816;61330461
1817;61363977
1818;61397493
1819;61431009
1820;61464525
1821;61498041
1822;61531557
1823;61565073
1824;61598589
1825;61632105
1826;61665621
1827;61699137
1828;61732653
1829;61766169
1830;61799685
1831;61833201
1832;61866717
1833;61900233
1834;61933749
1835;61967265
1836;62000781
1837;62034297
1838;62067813
1839;62101329
1840;62134845
1841;62168361
1842;62201877
1843;62235393
1844;62268909
1845;62302425
1846;62335941
1847;62369457
1848;62402973
1849;62436489
1850;62470005
1851;62503521
1852;62537037
1853;62570553
1854;62604069
1855;62637585
1856;62671101
1857;62704617
1858;62738133
1859;62771649
1860;62805165
1861;62838681
1862;62872197
1863;62905713
1864;62939229
1865;62972745
1866;63006261
1867;63039777
1868;63073293
1869;63106809
1870;63140325
1871;63173841
1872;63207357
1873;63240873
1874;63274389
1875;63307905
1876;63341421
1877;63374937
1878;63408453
1879;63441969
1880;63475485
1881;63509001
1882;63542517
1883;63576033
1884;63609549
1885;63643065
1886;63676581
1887;63710097
1888;63743613
1889;63777129
1890;63810645
1891;63844161
1892;63877677
1893;63911193
1894;63944709
1895;63978225
1896;64011741
1897;64045257
1898;64078773
1899;64112289
1900;64145805
1901;64179321
1902;64212837
1903;64246353
1904;64279869
1905;64313385
1906;64346901
1907;64380417
1908;64413933
1909;64447449
1910;64480965
1911;64514481
1912;64547997
1913;64581513
1914;64615029
1915;64648545
1916;64682061
1917;64715577
1918;64749093
1919;64782609
1920;64816125
1921;64849641
1922;64883157
1923;64916673
1924;64950189
1925;64983705
1926;65017221
1927;65050737
1928;65084253
1929;65117769
1930;65151285
1931;65184801
1932;65218317
1933;65251833
1934;65285349
1935;65318865
1936;65352381
1937;65385897
1938;65419413
1939;65452929
1940;65486445
1941;65519961
1942;65553477
1943;65586993
1944;65620509
1945;65654025
1946;65687541
1947;65721057
1948;65754573
1949;65788089
1950;65821605
1951;65855121
1952;65888637
1953;65922153
1954;65955669
1955;65989185
1956;66022701
1957;66056217
1958;66089733
1959;66123249
1960;66156765
1961;66190281
1962;66223797
1963;66257313
1964;66290829
1965;66324345
1966;66357861
1967;66391377
1968;66424893
1969;66458409
1970;66491925
1971;66525441
1972;66558957
1973;66592473
1974;66625989
1975;66659505
1976;66693021
1977;66726537
1978;66760053
1979;66793569
1980;66827085
1981;66860601
1982;66894117
1983;66927633
1984;66961149
1985;66994665
1986;67028181
1987;67061697
1988;67095213
1989;67128729
1990;67162245
1991;67195761
1992;67229277
1993;67262793
1994;67296309
1995;67329825
1996;67363341
1997;67396857
1998;67430373
1999;67463889
2000;67497405
2001;67530921
2002;67564437
2003;67597953
2004;67631469
2005;67664985
2006;67698501
2007;67732017
2008;67765533
2009;67799049
2010;67832565
2011;67866081
2012;67899597
2013;67933113
2014;67966629
2015;68000145
2016;68033661
2017;68067177
2018;68100693
2019;68134209
2020;68167725
2021;68201241
2022;68234757
2023;68268273
2024;68301789
2025;68335305
2026;68368821
2027;68402337
2028;68435853
2029;68469369
2030;68502885
2031;68536401
2032;68569917
2033;68603433
2034;68636949
2035;68670465
2036;68703981
2037;68737497
2038;68771013
2039;68804529
2040;68838045
2041;68871561
2042;68905077
2043;68938593
2044;68972109
2045;69005625
2046;69039141
2047;69072657
2048;69106173
2049;69139689
2050;69173205
2051;69206721
2052;69240237
2053;69273753
2054;69307269
2055;69340785
2056;69374301
2057;69407817
2058;69441333
2059;69474849
2060;69508365
2061;69541881
2062;69575397
2063;69608913
2064;69642429
2065;69675945
2066;69709461
2067;69742977
2068;69776493
2069;69810009
2070;69843525
2071;69877041
2072;69910557
2073;69944073
2074;69977589
2075;70011105
2076;70044621
2077;70078137
2078;70111653
2079;70145169
2080;70178685
2081;70212201
2082;70245717
2083;70279233
2084;70312749
2085;70346265
2086;70379781
2087;70413297
2088;70446813
2089;70480329
2090;70513845
2091;70547361
2092;70580877
2093;70614393
2094;70647909
2095;70681425
2096;70714941
2097;70748457
2098;70781973
2099;70815489
2100;70849005
2101;70882521
2102;70916037
2103;70949553
2104;70983069
2105;71016585
2106;71050101
2107;71083617
2108;71117133
2109;71150649
2110;71184165
2111;71217681
2112;71251197
2113;71284713
2114;71318229
2115;71351745
2116;71385261
2117;71418777
2118;71452293
2119;71485809
2120;71519325
2121;71552841
2122;71586357
2123;71619873
2124;71653389
2125;71686905
2126;71720421
2127;71753937
2128;71787453
2129;71820969
2130;71854485
2131;71888001
2132;71921517
2133;71955033
2134;71988549
2135;72022065
2136;72055581
2137;72089097
2138;72122613
2139;72156129
2140;72189645
2141;72223161
2142;72256677
2143;72290193
2144;72323709
2145;72357225
2146;72390741
2147;72424257
2148;72457773
2149;72491289
2150;72524805
2151;72558321
2152;72591837
2153;72625353
2154;72658869
2155;72692385
2156;72725901
2157;72759417
2158;72792933
2159;72826449
2160;72859965
2161;72893481
2162;72926997
2163;72960513
2164;72994029
2165;73027545
2166;73061061
2167;73094577
2168;73128093
2169;73161609
2170;73195125
2171;73228641
2172;73262157
2173;73295673
2174;73329189
2175;73362705
2176;73396221
2177;73429737
2178;73463253
2179;73496769
2180;73530285
2181;73563801
2182;73597317
2183;73630833
2184;73664349
2185;73697865
2186;73731381
2187;73764897
2188;73798413
2189;73831929
2190;73865445
2191;73898961
2192;73932477
2193;73965993
2194;73999509
2195;74033025
2196;74066541
2197;74100057
2198;74133573
2199;74167089
2200;74200605
2201;74234121
2202;74267637
2203;74301153
2204;74334669
2205;74368185
2206;74401701
2207;74435217
2208;74468733
2209;74502249
2210;74535765
2211;74569281
2212;74602797
2213;74636313
2214;74669829
2215;74703345
2216;74736861
2217;74770377
2218;74803893
2219;74837409
2220;74870925
2221;74904441
2222;74937957
2223;74971473
2224;75004989
2225;75038505
2226;75072021
2227;75105537
2228;75139053
2229;75172569
2230;75206085
2231;75239601
2232;75273117
2233;75306633
2234;75340149
2235;75373665
2236;75407181
2237;75440697
2238;75474213
2239;75507729
2240;75541245
2241;75574761
2242;75608277
2243;75641793
2244;75675309
2245;75708825
2246;75742341
2247;75775857
2248;75809373
2249;75842889
2250;75876405
2251;75909921
2252;75943437
2253;75976953
2254;76010469
2255;76043985
2256;76077501
2257;76111017
2258;76144533
2259;76178049
2260;76211565
2261;76245081
2262;76278597
2263;76312113
2264;76345629
2265;76379145
2266;76412661
2267;76446177
2268;76479693
2269;76513209
2270;76546725
2271;76580241
2272;76613757
2273;76647273
2274;76680789
2275;76714305
2276;76747821
2277;76781337
2278;76814853
2279;76848369
2280;76881885
2281;76915401
2282;76948917
2283;76982433
2284;77015949
2285;77049465
2286;77082981
2287;77116497
2288;77150013
2289;77183529
2290;77217045
2291;77250561
2292;77284077
2293;77317593
2294;77351109
2295;77384625
2296;77418141
2297;77451657
2298;77485173
2299;77518689
2300;77552205
2301;77585721
2302;77619237
2303;77652753
2304;77686269
2305;77719785
2306;77753301
2307;77786817
2308;77820333
2309;77853849
2310;77887365
2311;77920881
2312;77954397
2313;77987913
2314;78021429
2315;78054945
2316;78088461
2317;78121977
2318;78155493
2319;78189009
2320;78222525
2321;78256041
2322;78323073
2323;78356589
2324;78390105
2325;78423621
2326;78457137
2327;78490653
2328;78524169
2329;78557685
2330;78591201
2331;78624717
2332;78658233
2333;78859329
2334;78892845
2335;78926361
2336;78959877
2337;78993393
2338;79026909
2339;79060425
2340;79093941
2341;79228005
2342;79261521
2343;79295037
2344;79328553
2345;79362069
2346;79395585
2347;79529649
2348;79563165
2349;79596681
2350;79630197
2351;79663713
2352;79697229
2353;79831293
2354;79864809
2355;79898325
2356;79931841
2357;79965357
2358;79998873
2359;80032389
2360;80065905
2361;80099421
2362;80132937
2363;80166453
2364;80199969
2365;80233485
2366;80267001
2367;80300517
2368;80334033
2369;80367549
2370;80401065
2371;80434581
2372;80468097
2373;80501613
2374;80535129
2375;80568645
2376;80602161
2377;80635677
2378;80669193
2379;80702709
2380;80736225
2381;80769741
2382;80803257
2383;80836773
2384;80870289
2385;80903805
2386;80937321
2387;80970837
2388;81004353
2389;81037869
2390;81071385
2391;81104901
2392;81138417
2393;81171933
2394;81205449
2395;81238965
2396;81272481
2397;81305997
2398;81339513
2399;81373029
2400;81406545
2401;81440061
2402;81473577
2403;81507093
2404;81540609
2405;81574125
2406;81607641
2407;81641157
2408;81674673
2409;81708189
2410;81741705
2411;81775221
2412;81808737
2413;81842253
2414;81875769
2415;81909285
2416;81942801
2417;81976317
2418;82009833
2419;82043349
2420;82076865
2421;82110381
2422;82143897
2423;82177413
2424;82210929
2425;82244445
2426;82277961
2427;82311477
2428;82344993
2429;82378509
2430;82412025
2431;82445541
2432;82479057
2433;82512573
2434;82546089
2435;82579605
2436;82613121
2437;82646637
2438;82680153
2439;82713669
2440;82747185
2441;82780701
2442;82814217
2443;82847733
2444;82881249
2445;82914765
2446;82948281
2447;82981797
2448;83015313
2449;83048829
2450;83082345
2451;83115861
2452;83149377
2453;83182893
2454;83216409
2455;83249925
2456;83283441
2457;83316957
2458;83350473
2459;83383989
2460;83417505
2461;83451021
2462;83484537
2463;83518053
2464;83551569
2465;83585085
2466;83618601
2467;83652117
2468;83685633
2469;83719149
2470;83752665
2471;83786181
2472;83819697
2473;83853213
2474;83886729
2475;83920245
2476;83953761
2477;83987277
2478;84020793
2479;84054309
2480;84087825
2481;84121341
2482;84154857
2483;84188373
2484;84221889
2485;84255405
2486;84288921
2487;84322437
2488;84355953
2489;84389469
2490;84422985
2491;84456501
2492;84490017
2493;84523533
2494;84557049
2495;84590565
2496;84624081
2497;84657597
2498;84691113
2499;84724629
2500;84758145
2501;84791661
2502;84825177
2503;84858693
2504;84892209
2505;84925725
2506;84959241
2507;84992757
2508;85026273
2509;85059789
2510;85093305
2511;85126821
2512;85160337
2513;85193853
2514;85227369
2515;85260885
2516;85294401
2517;85327917
2518;85361433
2519;85394949
2520;85428465
2521;85461981
2522;85495497
2523;85529013
2524;85562529
2525;85596045
2526;85629561
2527;85663077
2528;85696593
2529;85730109
2530;85763625
2531;85797141
2532;85830657
2533;85864173
2534;85897689
2535;85931205
2536;85964721
2537;85998237
2538;86031753
2539;86065269
2540;86098785
2541;86132301
2542;86165817
2543;86199333
2544;86232849
2545;86266365
2546;86299881
2547;86333397
2548;86366913
2549;86400429
2550;86433945
2551;86467461
2552;86500977
2553;86534493
2554;86568009
2555;86601525
2556;86635041
2557;86668557
2558;86702073
2559;86735589
2560;86769105
2561;86802621
2562;86836137
2563;86869653
2564;86903169
2565;86936685
2566;86970201
2567;87003717
2568;87037233
2569;87070749
2570;87104265
2571;87137781
2572;87171297
2573;87204813
2574;87238329
2575;87271845
2576;87305361
2577;87338877
2578;87372393
2579;87405909
2580;87439425
2581;87472941
2582;87506457
2583;87539973
2584;87573489
2585;87607005
2586;87640521
2587;87674037
2588;87707553
2589;87741069
2590;87774585
2591;87808101
2592;87841617
2593;87875133
2594;87908649
2595;87942165
2596;87975681
2597;88009197
2598;88042713
2599;88076229
2600;88109745
2601;88143261
2602;88176777
2603;88210293
2604;88243809
2605;88277325
2606;88310841
2607;88344357
2608;88377873
2609;88411389
2610;88444905
2611;88478421
2612;88511937
2613;88545453
2614;88578969
2615;88612485
2616;88646001
2617;88679517
2618;88713033
2619;88746549
2620;88780065
2621;88813581
2622;88847097
2623;88880613
2624;88914129
2625;88947645
2626;88981161
2627;89014677
2628;89048193
2629;89081709
2630;89115225
2631;89148741
2632;89182257
2633;89215773
2634;89249289
2635;89282805
2636;89316321
2637;89349837
2638;89383353
2639;89416869
2640;89450385
2641;89483901
2642;89517417
2643;89550933
2644;89584449
2645;89617965
2646;89651481
2647;89684997
2648;89718513
2649;89752029
2650;89785545
2651;89819061
2652;89852577
2653;89886093
2654;89919609
2655;89953125
2656;89986641
2657;90020157
2658;90053673
2659;90087189
2660;90120705
2661;90154221
2662;90187737
2663;90221253
2664;90254769
2665;90288285
2666;90321801
2667;90355317
2668;90388833
2669;90422349
2670;90455865
2671;90489381
2672;90522897
2673;90556413
2674;90589929
2675;90623445
2676;90656961
2677;90690477
2678;90723993
2679;90757509
2680;90791025
2681;90824541
2682;90858057
2683;90891573
2684;90925089
2685;90958605
2686;90992121
2687;91025637
2688;91059153
2689;91092669
2690;91126185
2691;91159701
2692;91193217
2693;91226733
2694;91260249
2695;91293765
2696;91327281
2697;91360797
2698;91394313
2699;91427829
2700;91461345
2701;91494861
2702;91528377
2703;91561893
2704;91595409
2705;91628925
2706;91662441
2707;91695957
2708;91729473
2709;91762989
2710;91796505
2711;91830021
2712;91863537
2713;91897053
2714;91930569
2715;91964085
2716;91997601
2717;92031117
2718;92064633
2719;92098149
2720;92131665
2721;92165181
2722;92198697
2723;92232213
2724;92265729
2725;92299245
2726;92332761
2727;92366277
2728;92399793
2729;92433309
2730;92466825
2731;92500341
2732;92533857
2733;92567373
2734;92600889
2735;92634405
2736;92667921
2737;92701437
2738;92734953
2739;92768469
2740;92801985
2741;92835501
2742;92869017
2743;92902533
2744;92936049
2745;92969565
2746;93003081
2747;93036597
2748;93070113
2749;93103629
2750;93137145
2751;93170661
2752;93204177
2753;93237693
2754;93271209
2755;93304725
2756;93338241
2757;93371757
2758;93405273
2759;93438789
2760;93472305
2761;93505821
2762;93539337
2763;93572853
2764;93606369
2765;93639885
2766;93673401
2767;93706917
2768;93740433
2769;93773949
2770;93807465
2771;93840981
2772;93874497
2773;93908013
2774;93941529
2775;93975045
2776;94008561
2777;94042077
2778;94075593
2779;94109109
2780;94142625
2781;94176141
2782;94209657
2783;94243173
2784;94276689
2785;94310205
2786;94343721
2787;94377237
2788;94410753
2789;94444269
2790;94477785
2791;94511301
2792;94544817
2793;94578333
2794;94611849
2795;94645365
2796;94678881
2797;94712397
2798;94745913
2799;94779429
2800;94812945
2801;94846461
2802;94879977
2803;94913493
2804;94947009
2805;94980525
2806;95014041
2807;95047557
2808;95081073
2809;95114589
2810;95148105
2811;95181621
2812;95215137
2813;95248653
2814;95282169
2815;95315685
2816;95349201
2817;95382717
2818;95416233
2819;95449749
2820;95483265
2821;95516781
2822;95550297
2823;95583813
2824;95617329
2825;95650845
2826;95684361
2827;95717877
2828;95751393
2829;95784909
2830;95818425
2831;95851941
2832;95885457
2833;95918973
2834;95952489
2835;95986005
2836;96019521
2837;96053037
2838;96086553
2839;96120069
2840;96153585
2841;96187101
2842;96220617
2843;96254133
2844;96287649
2845;96321165
2846;96354681
2847;96388197
2848;96421713
2849;96455229
2850;96488745
2851;96522261
2852;96555777
2853;96589293
2854;96622809
2855;96656325
2856;96689841
2857;96723357
2858;96756873
2859;96790389
2860;96823905
2861;96857421
2862;96890937
2863;96924453
2864;96957969
2865;96991485
2866;97025001
2867;97058517
2868;97092033
2869;97125549
2870;97159065
2871;97192581
2872;97226097
2873;97259613
2874;97293129
2875;97326645
2876;97360161
2877;97393677
2878;97427193
2879;97460709
2880;97494225
2881;97527741
2882;97561257
2883;97594773
2884;97628289
2885;97661805
2886;97695321
2887;97728837
2888;97762353
2889;97795869
2890;97829385
2891;97862901
2892;97896417
2893;97929933
2894;97963449
2895;97996965
2896;98030481
2897;98063997
2898;98097513
2899;98131029
2900;98164545
2901;98198061
2902;98231577
2903;98265093
2904;98298609
2905;98332125
2906;98365641
2907;98399157
2908;98432673
2909;98466189
2910;98499705
2911;98533221
2912;98566737
2913;98600253
2914;98633769
2915;98667285
2916;98700801
2917;98734317
2918;98767833
2919;98801349
2920;98834865
2921;98868381
2922;98901897
2923;98935413
2924;98968929
2925;99002445
2926;99035961
2927;99069477
2928;99102993
2929;99136509
2930;99170025
2931;99203541
2932;99237057
2933;99270573
2934;99304089
2935;99337605
2936;99371121
2937;99404637
2938;99438153
2939;99471669
2940;99505185
2941;99538701
2942;99572217
2943;99605733
2944;99639249
2945;99672765
2946;99706281
2947;99739797
2948;99773313
2949;99806829
2950;99840345
2951;99873861
2952;99907377
2953;99940893
2954;99974409
2955;100007925
2956;100041441
2957;100074957
2958;100108473
2959;100141989
2960;100175505
2961;100209021
2962;100242537
2963;100276053
2964;100309569
2965;100343085
2966;100376601
2967;100410117
2968;100443633
2969;100477149
2970;100510665
2971;100544181
2972;100577697
2973;100611213
2974;100644729
2975;100678245
2976;100711761
2977;100745277
2978;100778793
2979;100812309
2980;100845825
2981;100879341
2982;100912857
2983;100946373
2984;100979889
2985;101013405
2986;101046921
2987;101080437
2988;101113953
2989;101147469
2990;101180985
2991;101214501
2992;101248017
2993;101281533
2994;101315049
2995;101348565
2996;101382081
2997;101415597
2998;101449113
2999;101482629
3000;101516145
3001;101549661
3002;101583177
3003;101616693
3004;101650209
3005;101683725
3006;101717241
3007;101750757
3008;101784273
3009;101817789
3010;101851305
3011;101884821
3012;101918337
3013;101951853
3014;101985369
3015;102018885
3016;102052401
3017;102085917
3018;102119433
3019;102152949
3020;102186465
3021;102219981
3022;102253497
3023;102287013
3024;102320529
3025;102354045
3026;102387561
3027;102421077
3028;102454593
3029;102488109
3030;102521625
3031;102555141
3032;102588657
3033;102622173
3034;102655689
3035;102689205
3036;102722721
3037;102756237
3038;102789753
3039;102823269
3040;102856785
3041;102890301
3042;102923817
3043;102957333
3044;102990849
3045;103024365
3046;103057881
3047;103091397
3048;103124913
3049;103158429
3050;103191945
3051;103225461
3052;103258977
3053;103292493
3054;103326009
3055;103359525
3056;103393041
3057;103426557
3058;103460073
3059;103493589
3060;103527105
3061;103560621
3062;103594137
3063;103627653
3064;103661169
3065;103694685
3066;103728201
3067;103761717
3068;103795233
3069;103828749
3070;103862265
3071;103895781
3072;103929297
3073;103962813
3074;103996329
3075;104029845
3076;104063361
3077;104096877
3078;104130393
3079;104163909
3080;104197425
3081;104230941
3082;104264457
3083;104297973
3084;104331489
3085;104365005
3086;104398521
3087;104432037
3088;104465553
3089;104499069
3090;104532585
3091;104566101
3092;104599617
3093;104633133
3094;104666649
3095;104700165
3096;104733681
3097;104767197
3098;104800713
3099;104834229
3100;104867745
3101;104901261
3102;104934777
3103;104968293
3104;105001809
3105;105035325
3106;105068841
3107;105102357
3108;105135873
3109;105169389
3110;105202905
3111;105236421
3112;105269937
3113;105303453
3114;105336969
3115;105370485
3116;105404001
3117;105437517
3118;105471033
3119;105504549
3120;105538065
3121;105571581
3122;105605097
3123;105638613
3124;105672129
3125;105705645
3126;105739161
3127;105772677
3128;105806193
3129;105839709
3130;105873225
3131;105906741
3132;105940257
3133;105973773
3134;106007289
3135;106040805
3136;106074321
3137;106107837
3138;106141353
3139;106174869
3140;106208385
3141;106241901
3142;106275417
3143;106308933
3144;106342449
3145;106375965
3146;106409481
3147;106442997
3148;106476513
3149;106510029
3150;106543545
3151;106577061
3152;106610577
3153;106644093
3154;106677609
3155;106711125
3156;106744641
3157;106778157
3158;106811673
3159;106845189
3160;106878705
3161;106912221
3162;106945737
3163;106979253
3164;107012769
3165;107046285
3166;107079801
3167;107113317
3168;107146833
3169;107180349
3170;107213865
3171;107247381
3172;107280897
3173;107314413
3174;107347929
3175;107381445
3176;107414961
3177;107448477
3178;107481993
3179;107515509
3180;107549025
3181;107582541
3182;107616057
3183;107649573
3184;107683089
3185;107716605
3186;107750121
3187;107783637
3188;107817153
3189;107850669
3190;107884185
3191;107917701
3192;107951217
3193;107984733
3194;108018249
3195;108051765
3196;108085281
3197;108118797
3198;108152313
3199;108185829
3200;108219345
3201;108252861
3202;108286377
3203;108319893
3204;108353409
3205;108386925
3206;108420441
3207;108453957
3208;108487473
3209;108520989
3210;108554505
3211;108588021
3212;108621537
3213;108655053
3214;108688569
3215;108722085
3216;108755601
3217;108789117
3218;108822633
3219;108856149
3220;108889665
3221;108923181
3222;108956697
3223;108990213
3224;109023729
3225;109057245
3226;109090761
3227;109124277
3228;109157793
3229;109191309
3230;109224825
3231;109258341
3232;109291857
3233;109325373
3234;109358889
3235;109392405
3236;109425921
3237;109459437
3238;109492953
3239;109526469
3240;109559985
3241;109593501
3242;109627017
3243;109660533
3244;109694049
3245;109727565
3246;109761081
3247;109794597
3248;109828113
3249;109861629
3250;109895145
3251;109928661
3252;109962177
3253;109995693
3254;110029209
3255;110062725
3256;110096241
3257;110129757
3258;110163273
3259;110196789
3260;110230305
3261;110263821
3262;110297337
3263;110330853
3264;110364369
3265;110397885
3266;110431401
3267;110464917
3268;110498433
3269;110531949
3270;110565465
3271;110598981
3272;110632497
3273;110666013
3274;110699529
3275;110733045
3276;110766561
3277;110800077
3278;110833593
3279;110867109
3280;110967657
3281;111001173
3282;111034689
3283;111068205
3284;111101721
3285;111135237
3286;111168753
3287;111202269
3288;111235785
3289;111269301
3290;111302817
3291;111336333
3292;111369849
3293;111403365
3294;111436881
3295;111470397
3296;111503913
3297;111537429
3298;111570945
3299;111604461
3300;111637977
3301;111671493
3302;111705009
3303;111738525
3304;111772041
3305;111805557
3306;111839073
3307;111872589
3308;111906105
3309;111939621
3310;111973137
3311;112006653
3312;112040169
3313;112073685
3314;112107201
3315;112140717
3316;112174233
3317;112207749
3318;112241265
3319;112274781
3320;112308297
3321;112341813
3322;112375329
3323;112408845
3324;112442361
3325;112475877
3326;112509393
3327;112542909
3328;112576425
3329;112609941
3330;112643457
3331;112676973
3332;112710489
3333;112744005
3334;112777521
3335;112811037
3336;112844553
3337;112878069
3338;112911585
3339;112945101
3340;112978617
3341;113012133
3342;113045649
3343;113079165
3344;113112681
3345;113146197
3346;113179713
3347;113213229
3348;113246745
3349;113280261
3350;113313777
3351;113347293
3352;113380809
3353;113414325
3354;113447841
3355;113481357
3356;113514873
3357;113548389
3358;113581905
3359;113615421
3360;113648937
3361;113682453
3362;113715969
3363;113749485
3364;113783001
3365;113816517
3366;113850033
3367;113883549
3368;113917065
3369;113950581
3370;113984097
3371;114017613
3372;114051129
3373;114084645
3374;114118161
3375;114151677
3376;114185193
3377;114218709
3378;114252225
3379;114285741
3380;114319257
3381;114352773
3382;114386289
3383;114419805
3384;114453321
3385;114486837
3386;114520353
3387;114553869
3388;114654417
3389;114687933
3390;114721449
3391;114754965
3392;114788481
3393;114821997
3394;114855513
3395;114889029
3396;114922545
3397;114956061
3398;114989577
3399;115023093
3400;115056609
3401;115090125
3402;115123641
3403;115157157
3404;115190673
3405;115224189
3406;115257705
3407;115291221
3408;115324737
3409;115358253
3410;115391769
3411;115425285
3412;115458801
3413;115492317
3414;115525833
3415;115559349
3416;115592865
3417;115626381
3418;115659897
3419;115693413
3420;115726929
3421;115760445
3422;115793961
3423;115827477
3424;115860993
3425;115894509
3426;115928025
3427;115961541
3428;115995057
3429;116028573
3430;116062089
3431;116095605
3432;116129121
3433;116162637
3434;116196153
3435;116229669
3436;116263185
3437;116296701
3438;116330217
3439;116363733
3440;116397249
3441;116430765
3442;116464281
3443;116497797
3444;116531313
3445;116564829
3446;116598345
3447;116631861
3448;116665377
3449;116698893
3450;116732409
3451;116765925
3452;116799441
3453;116832957
3454;116866473
3455;116899989
3456;116933505
3457;116967021
3458;117000537
3459;117034053
3460;117067569
3461;117101085
3462;117134601
3463;117168117
3464;117201633
3465;117235149
3466;117268665
3467;117302181
3468;117335697
3469;117369213
3470;117402729
3471;117436245
3472;117469761
3473;117503277
3474;117536793
3475;117570309
3476;117603825
3477;117637341
3478;117670857
3479;117704373
3480;117737889
3481;117771405
3482;117804921
3483;117838437
3484;117871953
3485;117905469
3486;117938985
3487;117972501
3488;118006017
3489;118039533
3490;118073049
3491;118106565
3492;118140081
3493;118173597
3494;118207113
3495;118240629
3496;118274145
3497;118307661
3498;118341177
3499;118374693
3500;118408209
3501;118441725
3502;118475241
3503;118508757
3504;118542273
3505;118575789
3506;118609305
3507;118642821
3508;118676337
3509;118709853
3510;118743369
3511;118776885
3512;118810401
3513;118843917
3514;118877433
3515;118910949
3516;118944465
3517;118977981
3518;119011497
3519;119045013
3520;119078529
3521;119112045
3522;119145561
3523;119179077
3524;119212593
3525;119246109
3526;119279625
3527;119313141
3528;119346657
3529;119380173
3530;119413689
3531;119447205
3532;119480721
3533;119514237
3534;119547753
3535;119581269
3536;119614785
3537;119648301
3538;119681817
3539;119715333
3540;119748849
3541;119782365
3542;119815881
3543;119849397
3544;119882913
3545;119916429
3546;119949945
3547;119983461
3548;120016977
3549;120050493
3550;120084009
3551;120117525
3552;120151041
3553;120184557
3554;120218073
3555;120251589
3556;120285105
3557;120318621
3558;120352137
3559;120385653
3560;120419169
3561;120452685
3562;120486201
3563;120519717
3564;120553233
3565;120586749
3566;120620265
3567;120653781
3568;120687297
3569;120720813
3570;120754329
3571;120787845
3572;120821361
3573;120854877
3574;120888393
3575;120921909
3576;120955425
3577;120988941
3578;121022457
3579;121055973
3580;121089489
3581;121123005
3582;121156521
3583;121190037
3584;121223553
3585;121257069
3586;121290585
3587;121324101
3588;121357617
3589;121391133
3590;121424649
3591;121458165
3592;121491681
3593;121525197
3594;121558713
3595;121592229
3596;121625745
3597;121659261
3598;121692777
3599;121726293
3600;121759809
3601;121793325
3602;121826841
3603;121860357
3604;121893873
3605;121927389
3606;121960905
3607;121994421
3608;122027937
3609;122061453
3610;122094969
3611;122128485
3612;122162001
3613;122195517
3614;122229033
3615;122262549
3616;122296065
3617;122329581
3618;122363097
3619;122396613
3620;122430129
3621;122463645
3622;122497161
3623;122530677
3624;122564193
3625;122597709
3626;122631225
3627;122664741
3628;122698257
3629;122731773
3630;122765289
3631;122798805
3632;122832321
3633;122865837
3634;122899353
3635;122932869
3636;122966385
3637;122999901
3638;123033417
3639;123066933
3640;123100449
3641;123133965
3642;123167481
3643;123200997
3644;123234513
3645;123268029
3646;123301545
3647;123335061
3648;123368577
3649;123402093
3650;123435609
3651;123469125
3652;123502641
3653;123536157
3654;123569673
3655;123603189
3656;123636705
3657;123670221
3658;123703737
3659;123737253
3660;123770769
3661;123804285
3662;123837801
3663;123871317
3664;123904833
3665;123938349
3666;123971865
3667;124005381
3668;124038897
3669;124072413
3670;124105929
3671;124139445
3672;124172961
3673;124206477
3674;124239993
3675;124273509
3676;124307025
3677;124340541
3678;124374057
3679;124407573
3680;124441089
3681;124474605
3682;124508121
3683;124541637
3684;124575153
3685;124608669
3686;124642185
3687;124675701
3688;124709217
3689;124742733
3690;124776249
3691;124809765
3692;124843281
3693;124876797
3694;124910313
3695;124943829
3696;124977345
3697;125010861
3698;125044377
3699;125077893
3700;125111409
3701;125144925
3702;125178441
3703;125211957
3704;125245473
3705;125278989
3706;125312505
3707;125346021
3708;125379537
3709;125413053
3710;125446569
3711;125480085
3712;125513601
3713;125547117
3714;125580633
3715;125614149
3716;125647665
3717;125681181
3718;125714697
3719;125748213
3720;125781729
3721;125815245
3722;125848761
3723;125882277
3724;125915793
3725;125949309
3726;125982825
3727;126016341
3728;126049857
3729;126083373
3730;126116889
3731;126150405
3732;126183921
3733;126217437
3734;126250953
3735;126284469
3736;126317985
3737;126351501
3738;126385017
3739;126418533
3740;126452049
3741;126485565
3742;126519081
3743;126552597
3744;126586113
3745;126619629
3746;126653145
3747;126686661
3748;126720177
3749;126753693
3750;126787209
3751;126820725
3752;126854241
3753;126887757
3754;126921273
3755;126954789
3756;126988305
3757;127021821
3758;127055337
3759;127088853
3760;127122369
3761;127155885
3762;127189401
3763;127222917
3764;127256433
3765;127289949
3766;127323465
3767;127356981
3768;127390497
3769;127424013
3770;127457529
3771;127491045
3772;127524561
3773;127558077
3774;127591593
3775;127625109
3776;127658625
3777;127692141
3778;127725657
3779;127759173
3780;127792689
3781;127826205
3782;127859721
3783;127893237
3784;127926753
3785;127960269
3786;127993785
3787;128027301
3788;128060817
3789;128094333
3790;128127849
3791;128161365
3792;128194881
3793;128228397
3794;128261913
3795;128295429
3796;128328945
3797;128362461
3798;128395977
3799;128429493
3800;128463009
3801;128496525
3802;128530041
3803;128563557
3804;128597073
3805;128630589
3806;128664105
3807;128697621
3808;128731137
3809;128764653
3810;128798169
3811;128831685
3812;128865201
3813;128898717
3814;128932233
3815;128965749
3816;128999265
3817;129032781
3818;129066297
3819;129099813
3820;129133329
3821;129166845
3822;129200361
3823;129233877
3824;129267393
3825;129300909
3826;129334425
3827;129367941
3828;129401457
3829;129434973
3830;129468489
3831;129502005
3832;129535521
3833;129569037
3834;129602553
3835;129636069
3836;129669585
3837;129703101
3838;129736617
3839;129770133
3840;129803649
3841;129837165
3842;129870681
3843;129904197
3844;129937713
3845;129971229
3846;130004745
3847;130038261
3848;130071777
3849;130105293
3850;130138809
3851;130172325
3852;130205841
3853;130239357
3854;130272873
3855;130306389
3856;130339905
3857;130373421
3858;130406937
3859;130440453
3860;130473969
3861;130507485
3862;130541001
3863;130574517
3864;130608033
3865;130641549
3866;130675065
3867;130708581
3868;130742097
3869;130775613
3870;130809129
3871;130842645
3872;130876161
3873;130909677
3874;130943193
3875;130976709
3876;131010225
3877;131043741
3878;131077257
3879;131110773
3880;131144289
3881;131177805
3882;131211321
3883;131244837
3884;131278353
3885;131311869
3886;131345385
3887;131378901
3888;131412417
3889;131445933
3890;131479449
3891;131512965
3892;131546481
3893;131579997
3894;131613513
3895;131647029
3896;131680545
3897;131714061
3898;131747577
3899;131781093
3900;131814609
3901;131848125
3902;131881641
3903;131915157
3904;131948673
3905;131982189
3906;132015705
3907;132049221
3908;132082737
3909;132116253
3910;132149769
3911;132183285
3912;132216801
3913;132250317
3914;132283833
3915;132317349
3916;132350865
3917;132384381
3918;132417897
3919;132451413
3920;132484929
3921;132518445
3922;132551961
3923;132585477
3924;132618993
3925;132652509
3926;132686025
3927;132719541
3928;132753057
3929;132786573
3930;132820089
3931;132853605
3932;132887121
3933;132920637
3934;132954153
3935;132987669
3936;133021185
3937;133054701
3938;133088217
3939;133121733
3940;133155249
3941;133188765
3942;133222281
3943;133255797
3944;133289313
3945;133322829
3946;133356345
3947;133389861
3948;133423377
3949;133456893
3950;133490409
3951;133523925
3952;133557441
3953;133590957
3954;133624473
3955;133657989
3956;133691505
3957;133725021
3958;133758537
3959;133792053
3960;133825569
3961;133859085
3962;133892601
3963;133926117
3964;133959633
3965;133993149
3966;134026665
3967;134060181
3968;134093697
3969;134127213
3970;134160729
3971;134194245
3972;134227761
3973;134261277
3974;134294793
3975;134328309
3976;134361825
3977;134395341
3978;134428857
3979;134462373
3980;134495889
3981;134529405
3982;134562921
3983;134596437
3984;134629953
3985;134663469
3986;134696985
3987;134730501
3988;134764017
3989;134797533
3990;134831049
3991;134864565
3992;134898081
3993;134931597
3994;134965113
3995;134998629
3996;135032145
3997;135065661
3998;135099177
3999;135132693
4000;135166209
4001;135199725
4002;135233241
4003;135266757
4004;135300273
4005;135333789
4006;135367305
4007;135400821
4008;135434337
4009;135467853
4010;135501369
4011;135534885
4012;135568401
4013;135601917
4014;135635433
4015;135668949
4016;135702465
4017;135735981
4018;135769497
4019;135803013
4020;135836529
4021;135870045
4022;135903561
4023;135937077
4024;135970593
4025;136004109
4026;136037625
4027;136071141
4028;136104657
4029;136138173
4030;136171689
4031;136205205
4032;136238721
4033;136272237
4034;136305753
4035;136339269
4036;136372785
4037;136406301
4038;136439817
4039;136473333
4040;136506849
4041;136540365
4042;136573881
4043;136607397
4044;136640913
4045;136674429
4046;136707945
4047;136741461
4048;136774977
4049;136808493
4050;136842009
4051;136875525
4052;136909041
4053;136942557
4054;136976073
4055;137009589
4056;137043105
4057;137076621
4058;137110137
4059;137143653
4060;137177169
4061;137210685
4062;137244201
4063;137277717
4064;137311233
4065;137344749
4066;137378265
4067;137411781
4068;137445297
4069;137478813
4070;137512329
4071;137545845
4072;137579361
4073;137612877
4074;137646393
4075;137679909
4076;137713425
4077;137746941
4078;137780457
4079;137813973
4080;137847489
4081;137881005
4082;137914521
4083;137948037
4084;137981553
4085;138015069
4086;138048585
4087;138082101
4088;138115617
4089;138149133
4090;138182649
4091;138216165
4092;138249681
4093;138283197
4094;138316713
4095;138350229
4096;138383745
4097;138417261
4098;138450777
4099;138484293
4100;138517809
4101;138551325
4102;138584841
4103;138618357
4104;138651873
4105;138685389
4106;138718905
4107;138752421
4108;138785937
4109;138819453
4110;138852969
4111;138886485
4112;138920001
4113;138953517
4114;138987033
4115;139020549
4116;139054065
4117;139087581
4118;139121097
4119;139154613
4120;139188129
4121;139221645
4122;139255161
4123;139288677
4124;139322193
4125;139355709
4126;139389225
4127;139422741
4128;139456257
4129;139489773
4130;139523289
4131;139556805
4132;139590321
4133;139623837
4134;139657353
4135;139690869
4136;139724385
4137;139757901
4138;139791417
4139;139824933
4140;139858449
4141;139891965
4142;139925481
4143;139958997
4144;139992513
4145;140026029
4146;140059545
4147;140093061
4148;140126577
4149;140160093
4150;140193609
4151;140227125
4152;140260641
4153;140294157
4154;140327673
4155;140361189
4156;140394705
4157;140428221
4158;140461737
4159;140495253
4160;140528769
4161;140562285
4162;140595801
4163;140629317
4164;140662833
4165;140696349
4166;140729865
4167;140763381
4168;140796897
4169;140830413
4170;140863929
4171;140897445
4172;140930961
4173;140964477
4174;140997993
4175;141031509
4176;141065025
4177;141098541
4178;141132057
4179;141165573
4180;141199089
4181;141232605
4182;141266121
4183;141299637
4184;141333153
4185;141366669
4186;141400185
4187;141433701
4188;141467217
4189;141500733
4190;141534249
4191;141567765
4192;141601281
4193;141634797
4194;141668313
4195;141701829
4196;141735345
4197;141768861
4198;141802377
4199;141835893
4200;141869409
4201;141902925
4202;141936441
4203;141969957
4204;142003473
4205;142036989
4206;142070505
4207;142104021
4208;142137537
4209;142171053
4210;142204569
4211;142238085
4212;142271601
4213;142305117
4214;142338633
4215;142372149
4216;142405665
4217;142439181
4218;142472697
4219;142506213
4220;142539729
4221;142573245
4222;142606761
4223;142640277
4224;142673793
4225;142707309
4226;142740825
4227;142774341
4228;142807857
4229;142841373
4230;142874889
4231;142908405
4232;142941921
4233;142975437
4234;143008953
4235;143042469
4236;143075985
4237;143109501
4238;143143017
4239;143176533
4240;143210049
4241;143243565
4242;143277081
4243;143310597
4244;143344113
4245;143377629
4246;143411145
4247;143444661
4248;143478177
4249;143511693
4250;143545209
4251;143578725
4252;143612241
4253;143645757
4254;143679273
4255;143712789
4256;143746305
4257;143779821
4258;143813337
4259;143846853
4260;143880369
4261;143913885
4262;143947401
4263;143980917
4264;144014433
4265;144047949
4266;144081465
4267;144114981
4268;144148497
4269;144182013
4270;144215529
4271;144249045
4272;144282561
4273;144316077
4274;144349593
4275;144383109
4276;144416625
4277;144450141
4278;144483657
4279;144517173
4280;144550689
4281;144584205
4282;144617721
4283;144651237
4284;144684753
4285;144718269
4286;144751785
4287;144785301
4288;144818817
4289;144852333
4290;144885849
4291;144919365
4292;144952881
4293;144986397
4294;145019913
4295;145053429
4296;145086945
4297;145120461
4298;145153977
4299;145187493
4300;145221009
4301;145254525
4302;145288041
4303;145321557
4304;145355073
4305;145388589
4306;145422105
4307;145455621
4308;145489137
4309;145522653
4310;145556169
4311;145589685
4312;145623201
4313;145656717
4314;145690233
4315;145723749
4316;145757265
4317;145790781
4318;145824297
4319;145857813
4320;145891329
4321;145924845
4322;145958361
4323;145991877
4324;146025393
4325;146058909
4326;146092425
4327;146125941
4328;146159457
4329;146192973
4330;146226489
4331;146260005
4332;146293521
4333;146327037
4334;146360553
4335;146394069
4336;146427585
4337;146461101
4338;146494617
4339;146528133
4340;146561649
4341;146595165
4342;146628681
4343;146662197
4344;146695713
4345;146729229
4346;146762745
4347;146796261
4348;146829777
4349;146863293
4350;146896809
4351;146930325
4352;146963841
4353;146997357
4354;147030873
4355;147064389
4356;147097905
4357;147131421
4358;147164937
4359;147198453
4360;147231969
4361;147265485
4362;147299001
4363;147332517
4364;147366033
4365;147399549
4366;147433065
4367;147466581
4368;147500097
4369;147533613
4370;147567129
4371;147600645
4372;147634161
4373;147667677
4374;147701193
4375;147734709
4376;147768225
4377;147801741
4378;147835257
4379;147868773
4380;147902289
4381;147935805
4382;147969321
4383;148002837
4384;148036353
4385;148069869
4386;148103385
4387;148136901
4388;148170417
4389;148203933
4390;148237449
4391;148270965
4392;148304481
4393;148337997
4394;148371513
4395;148405029
4396;148438545
4397;148472061
4398;148505577
4399;148539093
4400;148572609
4401;148606125
4402;148639641
4403;148673157
4404;148706673
4405;148740189
4406;148773705
4407;148807221
4408;148840737
4409;148874253
4410;148907769
4411;148941285
4412;148974801
4413;149008317
4414;149041833
4415;149075349
4416;149108865
4417;149142381
4418;149175897
4419;149209413
4420;149242929
4421;149444025
4422;149477541
4423;149511057
4424;149544573
4425;149578089
4426;149611605
4427;149645121
4428;149678637
4429;149712153
4430;149745669
4431;149779185
4432;149879733
4433;149913249
4434;149946765
4435;149980281
4436;150013797
4437;150047313
4438;150080829
4439;150114345
4440;150147861
4441;150181377
4442;150214893
4443;150248409
4444;150281925
4445;150315441
4446;150348957
4447;150382473
4448;150415989
4449;150449505
4450;150483021
4451;150516537
4452;150550053
4453;150583569
4454;150617085
4455;150650601
4456;150684117
4457;150717633
4458;150751149
4459;150784665
4460;150818181
4461;150851697
4462;150885213
4463;150918729
4464;150952245
4465;150985761
4466;151019277
4467;151052793
4468;151086309
4469;151119825
4470;151153341
4471;151186857
4472;151220373
4473;151253889
4474;151287405
4475;151320921
4476;151354437
4477;151387953
4478;151488501
4479;151522017
4480;151555533
4481;151589049
4482;151622565
4483;151656081
4484;151689597
4485;151723113
4486;151756629
4487;151790145
4488;151823661
4489;151857177
4490;151890693
4491;151924209
4492;151957725
4493;151991241
4494;152024757
4495;152058273
4496;152091789
4497;152125305
4498;152158821
4499;152192337
4500;152225853
4501;152259369
4502;152292885
4503;152326401
4504;152359917
4505;152393433
4506;152426949
4507;152460465
4508;152493981
4509;152527497
4510;152561013
4511;152594529
4512;152628045
4513;152661561
4514;152695077
4515;152728593
4516;152762109
4517;152795625
4518;152829141
4519;152862657
4520;152896173
4521;152929689
4522;152963205
4523;152996721
4524;153030237
4525;153063753
4526;153097269
4527;153130785
4528;153164301
4529;153197817
4530;153231333
4531;153264849
4532;153298365
4533;153331881
4534;153365397
4535;153398913
4536;153432429
4537;153465945
4538;153499461
4539;153532977
4540;153566493
4541;153600009
4542;153633525
4543;153667041
4544;153700557
4545;153734073
4546;153767589
4547;153801105
4548;153834621
4549;153868137
4550;153901653
4551;153935169
4552;153968685
4553;154002201
4554;154035717
4555;154069233
4556;154102749
4557;154136265
4558;154169781
4559;154203297
4560;154236813
4561;154270329
4562;154303845
4563;154337361
4564;154370877
4565;154404393
4566;154437909
4567;154471425
4568;154504941
4569;154538457
4570;154571973
4571;154605489
4572;154639005
4573;154672521
4574;154706037
4575;154739553
4576;154773069
4577;154806585
4578;154840101
4579;154873617
4580;154907133
4581;154940649
4582;154974165
4583;155007681
4584;155041197
4585;155074713
4586;155108229
4587;155141745
4588;155175261
4589;155208777
4590;155242293
4591;155275809
