1;0
2;63212
3;96728
4;130244
5;163760
6;197276
7;230792
8;264308
9;297824
10;331340
11;364856
12;398372
13;431888
14;465404
15;498920
16;532436
17;565952
18;599468
19;632984
20;666500
21;700016
22;733532
23;767048
24;800564
25;834080
26;867596
27;901112
28;934628
29;968144
30;1001660
31;1035176
32;1068692
33;1102208
34;1135724
35;1169240
36;1202756
37;1236272
38;1269788
39;1303304
40;1336820
41;1370336
42;1403852
43;1437368
44;1470884
45;1504400
46;1537916
47;1571432
48;1604948
49;1638464
50;1671980
51;1705496
52;1739012
53;1772528
54;1806044
55;1839560
56;1873076
57;1906592
58;1940108
59;1973624
60;2007140
61;2040656
62;2074172
63;2107688
64;2141204
65;2174720
66;2208236
67;2241752
68;2275268
69;2308784
70;2342300
71;2375816
72;2409332
73;2442848
74;2476364
75;2509880
76;2543396
77;2576912
78;2610428
79;2643944
80;2677460
81;2710976
82;2744492
83;2778008
84;2811524
85;2845040
86;2878556
87;2912072
88;2945588
89;2979104
90;3012620
91;3046136
92;3079652
93;3113168
94;3146684
95;3180200
96;3213716
97;3247232
98;3280748
99;3314264
100;3347780
101;3381296
102;3414812
103;3448328
104;3481844
105;3515360
106;3548876
107;3582392
108;3615908
109;3649424
110;3682940
111;3716456
112;3749972
113;3783488
114;3817004
115;3850520
116;3884036
117;3917552
118;3951068
119;3984584
120;4018100
121;4051616
122;4085132
123;4118648
124;4152164
125;4185680
126;4219196
127;4252712
128;4286228
129;4319744
130;4353260
131;4386776
132;4420292
133;4453808
134;4487324
135;4520840
136;4554356
137;4587872
138;4621388
139;4654904
140;4688420
141;4721936
142;4755452
143;4788968
144;4822484
145;4856000
146;4889516
147;4923032
148;4956548
149;4990064
150;5023580
151;5057096
152;5090612
153;5124128
154;5157644
155;5191160
156;5224676
157;5258192
158;5291708
159;5325224
160;5358740
161;5392256
162;5425772
163;5459288
164;5492804
165;5526320
166;5559836
167;5593352
168;5626868
169;5660384
170;5693900
171;5727416
172;5760932
173;5794448
174;5827964
175;5861480
176;5894996
177;5928512
178;5962028
179;5995544
180;6029060
181;6062576
182;6096092
183;6129608
184;6163124
185;6196640
186;6230156
187;6263672
188;6297188
189;6330704
190;6364220
191;6397736
192;6431252
193;6464768
194;6498284
195;6531800
196;6565316
197;6598832
198;6632348
199;6665864
200;6699380
201;6732896
202;6766412
203;6799928
204;6833444
205;6866960
206;6900476
207;6933992
208;6967508
209;7001024
210;7034540
211;7068056
212;7101572
213;7135088
214;7168604
215;7202120
216;7235636
217;7269152
218;7302668
219;7336184
220;7369700
221;7403216
222;7436732
223;7470248
224;7503764
225;7537280
226;7570796
227;7604312
228;7637828
229;7671344
230;7704860
231;7738376
232;7771892
233;7805408
234;7838924
235;7872440
236;7905956
237;7939472
238;7972988
239;8006504
240;8040020
241;8073536
242;8107052
243;8140568
244;8174084
245;8207600
246;8241116
247;8274632
248;8308148
249;8341664
250;8375180
251;8408696
252;8442212
253;8475728
254;8509244
255;8542760
256;8576276
257;8609792
258;8643308
259;8676824
260;8710340
261;8743856
262;8777372
263;8810888
264;8844404
265;8877920
266;8911436
267;8944952
268;8978468
269;9011984
270;9045500
271;9079016
272;9112532
273;9146048
274;9179564
275;9213080
276;9246596
277;9280112
278;9313628
279;9347144
280;9380660
281;9414176
282;9447692
283;9481208
284;9514724
285;9548240
286;9581756
287;9615272
288;9648788
289;9682304
290;9715820
291;9749336
292;9782852
293;9816368
294;9849884
295;9883400
296;9916916
297;9950432
298;9983948
299;10017464
300;10050980
301;10084496
302;10118012
303;10151528
304;10185044
305;10218560
306;10252076
307;10285592
308;10319108
309;10352624
310;10386140
311;10419656
312;10453172
313;10486688
314;10520204
315;10553720
316;10587236
317;10620752
318;10654268
319;10687784
320;10721300
321;10754816
322;10788332
323;10821848
324;10855364
325;10888880
326;10922396
327;10955912
328;10989428
329;11022944
330;11056460
331;11089976
332;11123492
333;11157008
334;11190524
335;11224040
336;11257556
337;11291072
338;11324588
339;11358104
340;11391620
341;11425136
342;11458652
343;11492168
344;11525684
345;11559200
346;11592716
347;11626232
348;11659748
349;11693264
350;11726780
351;11760296
352;11793812
353;11827328
354;11860844
355;11894360
356;11927876
357;11961392
358;11994908
359;12028424
360;12061940
361;12095456
362;12128972
363;12162488
364;12196004
365;12229520
366;12263036
367;12296552
368;12330068
369;12363584
370;12397100
371;12430616
372;12464132
373;12497648
374;12531164
375;12564680
376;12598196
377;12631712
378;12665228
379;12698744
380;12732260
381;12765776
382;12799292
383;12832808
384;12866324
385;12899840
386;12933356
387;12966872
388;13000388
389;13033904
390;13067420
391;13100936
392;13134452
393;13167968
394;13201484
395;13235000
396;13268516
397;13302032
398;13335548
399;13369064
400;13402580
401;13436096
402;13469612
403;13503128
404;13536644
405;13570160
406;13603676
407;13637192
408;13670708
409;13704224
410;13737740
411;13771256
412;13804772
413;13838288
414;13871804
415;13905320
416;13938836
417;13972352
418;14005868
419;14039384
420;14072900
421;14106416
422;14139932
423;14173448
424;14206964
425;14240480
426;14273996
427;14307512
428;14341028
429;14374544
430;14408060
431;14441576
432;14475092
433;14508608
434;14542124
435;14575640
436;14609156
437;14642672
438;14676188
439;14709704
440;14743220
441;14776736
442;14810252
443;14843768
444;14877284
445;14910800
446;14944316
447;14977832
448;15011348
449;15044864
450;15078380
451;15111896
452;15145412
453;15178928
454;15212444
455;15245960
456;15279476
457;15312992
458;15346508
459;15380024
460;15413540
461;15447056
462;15480572
463;15514088
464;15547604
465;15581120
466;15614636
467;15648152
468;15681668
469;15715184
470;15748700
471;15782216
472;15815732
473;15849248
474;15882764
475;15916280
476;15949796
477;15983312
478;16016828
479;16050344
480;16083860
481;16117376
482;16150892
483;16184408
484;16217924
485;16251440
486;16284956
487;16318472
488;16351988
489;16385504
490;16419020
491;16452536
492;16486052
493;16519568
494;16553084
495;16586600
496;16620116
497;16653632
498;16687148
499;16720664
500;16754180
501;16787696
502;16821212
503;16854728
504;16888244
505;16921760
506;16955276
507;16988792
508;17022308
509;17055824
510;17089340
511;17122856
512;17156372
513;17189888
514;17223404
515;17256920
516;17290436
517;17323952
518;17357468
519;17390984
520;17424500
521;17458016
522;17491532
523;17525048
524;17558564
525;17592080
526;17625596
527;17659112
528;17692628
529;17726144
530;17759660
531;17793176
532;17826692
533;17860208
534;17893724
535;17927240
536;17960756
537;17994272
538;18027788
539;18061304
540;18094820
541;18128336
542;18161852
543;18195368
544;18228884
545;18262400
546;18295916
547;18329432
548;18362948
549;18396464
550;18429980
551;18463496
552;18497012
553;18530528
554;18564044
555;18597560
556;18631076
557;18664592
558;18698108
559;18731624
560;18765140
561;18798656
562;18832172
563;18865688
564;18899204
565;18932720
566;18966236
567;18999752
568;19033268
569;19066784
570;19100300
571;19133816
572;19167332
573;19200848
574;19234364
575;19267880
576;19301396
577;19334912
578;19368428
579;19401944
580;19435460
581;19468976
582;19502492
583;19536008
584;19569524
585;19603040
586;19636556
587;19670072
588;19703588
589;19737104
590;19770620
591;19804136
592;19837652
593;19871168
594;19904684
595;19938200
596;19971716
597;20005232
598;20038748
599;20072264
600;20105780
601;20139296
602;20172812
603;20206328
604;20239844
605;20273360
606;20306876
607;20340392
608;20373908
609;20407424
610;20440940
611;20474456
612;20507972
613;20541488
614;20575004
615;20608520
616;20642036
617;20675552
618;20709068
619;20742584
620;20776100
621;20809616
622;20843132
623;20876648
624;20910164
625;20943680
626;20977196
627;21010712
628;21044228
629;21077744
630;21111260
631;21144776
632;21178292
633;21211808
634;21245324
635;21278840
636;21312356
637;21345872
638;21379388
639;21412904
640;21446420
641;21479936
642;21513452
643;21546968
644;21580484
645;21614000
646;21647516
647;21681032
648;21714548
649;21748064
650;21781580
651;21815096
652;21848612
653;21882128
654;21915644
655;21949160
656;21982676
657;22016192
658;22049708
659;22083224
660;22116740
661;22150256
662;22183772
663;22217288
664;22250804
665;22284320
666;22317836
667;22351352
668;22384868
669;22418384
670;22451900
671;22485416
672;22518932
673;22552448
674;22585964
675;22619480
676;22652996
677;22686512
678;22720028
679;22753544
680;22787060
681;22820576
682;22854092
683;22887608
684;22921124
685;22954640
686;22988156
687;23021672
688;23055188
689;23088704
690;23122220
691;23155736
692;23189252
693;23222768
694;23256284
695;23289800
696;23323316
697;23356832
698;23390348
699;23423864
700;23457380
701;23490896
702;23524412
703;23557928
704;23591444
705;23624960
706;23658476
707;23691992
708;23725508
709;23759024
710;23792540
711;23826056
712;23859572
713;23893088
714;23926604
715;23960120
716;23993636
717;24027152
718;24060668
719;24094184
720;24127700
721;24161216
722;24194732
723;24228248
724;24261764
725;24295280
726;24328796
727;24362312
728;24395828
729;24429344
730;24462860
731;24496376
732;24529892
733;24563408
734;24596924
735;24630440
736;24663956
737;24697472
738;24798020
739;24831536
740;24865052
741;24898568
742;24932084
743;24965600
744;24999116
745;25032632
746;25066148
747;25099664
748;25133180
749;25166696
750;25200212
751;25233728
752;25267244
753;25300760
754;25334276
755;25367792
756;25401308
757;25501856
758;25535372
759;25568888
760;25602404
761;25635920
762;25669436
763;25702952
764;25736468
765;25769984
766;25803500
767;25837016
768;25937564
769;25971080
770;26004596
771;26038112
772;26071628
773;26105144
774;26138660
775;26172176
776;26272724
777;26306240
778;26339756
779;26373272
780;26406788
781;26440304
782;26473820
783;26507336
784;26540852
785;26574368
786;26607884
787;26641400
788;26674916
789;26708432
790;26741948
791;26775464
792;26808980
793;26842496
794;26943044
795;26976560
796;27010076
797;27043592
798;27077108
799;27110624
800;27144140
801;27177656
802;27211172
803;27244688
804;27278204
805;27311720
806;27345236
807;27378752
808;27412268
809;27445784
810;27479300
811;27512816
812;27546332
813;27646880
814;27680396
815;27713912
816;27747428
817;27780944
818;27814460
819;27847976
820;27881492
821;27915008
822;27948524
823;27982040
824;28015556
825;28049072
826;28082588
827;28116104
828;28149620
829;28183136
830;28216652
831;28250168
832;28283684
833;28317200
834;28350716
835;28384232
836;28417748
837;28451264
838;28484780
839;28518296
840;28551812
841;28585328
842;28618844
843;28652360
844;28685876
845;28719392
846;28752908
847;28786424
848;28819940
849;28853456
850;28886972
851;28920488
852;28954004
853;28987520
854;29021036
855;29054552
856;29088068
857;29121584
858;29155100
859;29188616
860;29222132
861;29255648
862;29289164
863;29322680
864;29356196
865;29389712
866;29423228
867;29456744
868;29490260
869;29523776
870;29557292
871;29590808
872;29624324
873;29657840
874;29691356
875;29724872
876;29758388
877;29791904
878;29825420
879;29858936
880;29892452
881;29925968
882;29959484
883;29993000
884;30026516
885;30060032
886;30093548
887;30127064
888;30160580
889;30194096
890;30227612
891;30261128
892;30294644
893;30328160
894;30361676
895;30395192
896;30428708
897;30462224
898;30495740
899;30529256
900;30562772
901;30596288
902;30629804
903;30663320
904;30696836
905;30730352
906;30763868
907;30797384
908;30830900
909;30864416
910;30897932
911;30931448
912;30964964
913;30998480
914;31031996
915;31065512
916;31099028
917;31132544
918;31166060
919;31199576
920;31233092
921;31266608
922;31300124
923;31333640
924;31367156
925;31400672
926;31434188
927;31467704
928;31501220
929;31534736
930;31568252
931;31601768
932;31635284
933;31668800
934;31702316
935;31735832
936;31769348
937;31802864
938;31836380
939;31869896
940;31903412
941;31936928
942;31970444
943;32003960
944;32037476
945;32070992
946;32104508
947;32138024
948;32171540
949;32205056
950;32238572
951;32272088
952;32305604
953;32339120
954;32372636
955;32406152
956;32439668
957;32473184
958;32506700
959;32540216
960;32573732
961;32607248
962;32640764
963;32674280
964;32707796
965;32741312
966;32774828
967;32808344
968;32841860
969;32875376
970;32908892
971;32942408
972;32975924
973;33009440
974;33042956
975;33076472
976;33109988
977;33143504
978;33177020
979;33210536
980;33244052
981;33277568
982;33311084
983;33344600
984;33378116
985;33411632
986;33445148
987;33478664
988;33512180
989;33545696
990;33579212
991;33612728
992;33646244
993;33679760
994;33713276
995;33746792
996;33780308
997;33813824
998;33847340
999;33880856
1000;33914372
1001;33947888
1002;33981404
1003;34014920
1004;34048436
1005;34081952
1006;34115468
1007;34148984
1008;34182500
1009;34216016
1010;34249532
1011;34283048
1012;34316564
1013;34350080
1014;34383596
1015;34417112
1016;34450628
1017;34484144
1018;34517660
1019;34551176
1020;34584692
1021;34618208
1022;34651724
1023;34685240
1024;34718756
1025;34752272
1026;34785788
1027;34819304
1028;34852820
1029;34886336
1030;34919852
1031;34953368
1032;34986884
1033;35020400
1034;35053916
1035;35087432
1036;35120948
1037;35154464
1038;35187980
1039;35221496
1040;35255012
1041;35288528
1042;35322044
1043;35355560
1044;35389076
1045;35422592
1046;35456108
1047;35489624
1048;35523140
1049;35556656
1050;35590172
1051;35623688
1052;35657204
1053;35690720
1054;35724236
1055;35757752
1056;35791268
1057;35824784
1058;35858300
1059;35891816
1060;35925332
1061;35958848
1062;35992364
1063;36025880
1064;36059396
1065;36092912
1066;36126428
1067;36159944
1068;36193460
1069;36226976
1070;36260492
1071;36294008
1072;36327524
1073;36361040
1074;36394556
1075;36428072
1076;36461588
1077;36495104
1078;36528620
1079;36562136
1080;36595652
1081;36629168
1082;36662684
1083;36696200
1084;36729716
1085;36763232
1086;36796748
1087;36830264
1088;36863780
1089;36897296
1090;36930812
1091;36964328
1092;36997844
1093;37031360
1094;37064876
1095;37098392
1096;37131908
1097;37165424
1098;37198940
1099;37232456
1100;37265972
1101;37299488
1102;37333004
1103;37366520
1104;37400036
1105;37433552
1106;37467068
1107;37500584
1108;37534100
1109;37567616
1110;37601132
1111;37634648
1112;37668164
1113;37701680
1114;37735196
1115;37768712
1116;37802228
1117;37835744
1118;37869260
1119;37902776
1120;37936292
1121;37969808
1122;38003324
1123;38036840
1124;38070356
1125;38103872
1126;38137388
1127;38170904
1128;38204420
1129;38237936
1130;38271452
1131;38304968
1132;38338484
1133;38372000
1134;38405516
1135;38439032
1136;38472548
1137;38506064
1138;38539580
1139;38573096
1140;38606612
1141;38640128
1142;38673644
1143;38707160
1144;38740676
1145;38774192
1146;38807708
1147;38841224
1148;38874740
1149;38908256
1150;38941772
1151;38975288
1152;39008804
1153;39042320
1154;39075836
1155;39109352
1156;39142868
1157;39176384
1158;39209900
1159;39243416
1160;39276932
1161;39310448
1162;39343964
1163;39377480
1164;39410996
1165;39444512
1166;39478028
1167;39511544
1168;39545060
1169;39578576
1170;39612092
1171;39645608
1172;39679124
1173;39712640
1174;39746156
1175;39779672
1176;39813188
1177;39846704
1178;39880220
1179;39913736
1180;39947252
1181;39980768
1182;40014284
1183;40047800
1184;40081316
1185;40114832
1186;40148348
1187;40181864
1188;40215380
1189;40248896
1190;40282412
1191;40315928
1192;40349444
1193;40382960
1194;40416476
1195;40449992
1196;40483508
1197;40517024
1198;40550540
1199;40584056
1200;40617572
1201;40651088
1202;40684604
1203;40718120
1204;40751636
1205;40785152
1206;40818668
1207;40852184
1208;40885700
1209;40919216
1210;40952732
1211;40986248
1212;41019764
1213;41053280
1214;41086796
1215;41120312
1216;41153828
1217;41187344
1218;41220860
1219;41254376
1220;41287892
1221;41321408
1222;41354924
1223;41388440
1224;41421956
1225;41455472
1226;41488988
1227;41522504
1228;41556020
1229;41589536
1230;41623052
1231;41656568
1232;41690084
1233;41723600
1234;41757116
1235;41790632
1236;41824148
1237;41857664
1238;41891180
1239;41924696
1240;41958212
1241;41991728
1242;42025244
1243;42058760
1244;42092276
1245;42125792
1246;42159308
1247;42192824
1248;42226340
1249;42259856
1250;42293372
1251;42326888
1252;42360404
1253;42393920
1254;42427436
1255;42460952
1256;42494468
1257;42527984
1258;42561500
1259;42595016
1260;42628532
1261;42662048
1262;42695564
1263;42729080
1264;42762596
1265;42796112
1266;42829628
1267;42863144
1268;42896660
1269;42930176
1270;42963692
1271;42997208
1272;43030724
1273;43064240
1274;43097756
1275;43131272
1276;43164788
1277;43198304
1278;43231820
1279;43265336
1280;43298852
1281;43332368
1282;43365884
1283;43399400
1284;43432916
1285;43466432
1286;43499948
1287;43533464
1288;43566980
1289;43600496
1290;43634012
1291;43667528
1292;43701044
1293;43734560
1294;43768076
1295;43801592
1296;43835108
1297;43868624
1298;43902140
1299;43935656
1300;43969172
1301;44002688
1302;44036204
1303;44069720
1304;44103236
1305;44136752
1306;44170268
1307;44203784
1308;44237300
1309;44270816
1310;44304332
1311;44337848
1312;44371364
1313;44404880
1314;44438396
1315;44471912
1316;44505428
1317;44538944
1318;44572460
1319;44605976
1320;44639492
1321;44673008
1322;44706524
1323;44740040
1324;44773556
1325;44807072
1326;44840588
1327;44874104
1328;44907620
1329;44941136
1330;44974652
1331;45008168
1332;45041684
1333;45075200
1334;45108716
1335;45142232
1336;45175748
1337;45209264
1338;45242780
1339;45276296
1340;45309812
1341;45343328
1342;45376844
1343;45410360
1344;45443876
1345;45477392
1346;45510908
1347;45544424
1348;45577940
1349;45611456
1350;45644972
1351;45678488
1352;45712004
1353;45745520
1354;45779036
1355;45812552
1356;45846068
1357;45879584
1358;45913100
1359;45946616
1360;45980132
1361;46013648
1362;46047164
1363;46080680
1364;46114196
1365;46147712
1366;46181228
1367;46214744
1368;46248260
1369;46281776
1370;46315292
1371;46348808
1372;46382324
1373;46415840
1374;46449356
1375;46482872
1376;46516388
1377;46549904
1378;46583420
1379;46616936
1380;46650452
1381;46683968
1382;46717484
1383;46751000
1384;46784516
1385;46818032
1386;46851548
1387;46885064
1388;46918580
1389;46952096
1390;46985612
1391;47019128
1392;47052644
1393;47086160
1394;47119676
1395;47153192
1396;47186708
1397;47220224
1398;47253740
1399;47287256
1400;47320772
1401;47354288
1402;47387804
1403;47421320
1404;47454836
1405;47488352
1406;47521868
1407;47555384
1408;47588900
1409;47622416
1410;47655932
1411;47689448
1412;47722964
1413;47756480
1414;47789996
1415;47823512
1416;47857028
1417;47890544
1418;47924060
1419;47957576
1420;47991092
1421;48024608
1422;48058124
1423;48091640
1424;48125156
1425;48158672
1426;48192188
1427;48225704
1428;48259220
1429;48292736
1430;48326252
1431;48359768
1432;48393284
1433;48426800
1434;48460316
1435;48493832
1436;48527348
1437;48560864
1438;48594380
1439;48627896
1440;48661412
1441;48694928
1442;48728444
1443;48761960
1444;48795476
1445;48828992
1446;48862508
1447;48896024
1448;48929540
1449;48963056
1450;48996572
1451;49030088
1452;49063604
1453;49097120
1454;49130636
1455;49164152
1456;49197668
1457;49231184
1458;49264700
1459;49298216
1460;49331732
1461;49365248
1462;49398764
1463;49432280
1464;49465796
1465;49499312
1466;49532828
1467;49566344
1468;49599860
1469;49633376
1470;49666892
1471;49700408
1472;49733924
1473;49767440
1474;49800956
1475;49834472
1476;49867988
1477;49901504
1478;49935020
1479;49968536
1480;50002052
1481;50035568
1482;50069084
1483;50102600
1484;50136116
1485;50169632
1486;50203148
1487;50236664
1488;50270180
1489;50303696
1490;50337212
1491;50370728
1492;50404244
1493;50437760
1494;50471276
1495;50504792
1496;50538308
1497;50571824
1498;50605340
1499;50638856
1500;50672372
1501;50705888
1502;50739404
1503;50772920
1504;50806436
1505;50839952
1506;50873468
1507;50906984
1508;50940500
1509;50974016
1510;51007532
1511;51041048
1512;51074564
1513;51108080
1514;51141596
1515;51175112
1516;51208628
1517;51242144
1518;51275660
1519;51309176
1520;51342692
1521;51376208
1522;51409724
1523;51443240
1524;51476756
1525;51510272
1526;51543788
1527;51577304
1528;51610820
1529;51644336
1530;51677852
1531;51711368
1532;51744884
1533;51778400
1534;51811916
1535;51845432
1536;51878948
1537;51912464
1538;51945980
1539;51979496
1540;52013012
1541;52046528
1542;52080044
1543;52113560
1544;52147076
1545;52180592
1546;52214108
1547;52247624
1548;52281140
1549;52314656
1550;52348172
1551;52381688
1552;52415204
1553;52448720
1554;52482236
1555;52515752
1556;52549268
1557;52582784
1558;52616300
1559;52649816
1560;52683332
1561;52716848
1562;52750364
1563;52783880
1564;52817396
1565;52850912
1566;52884428
1567;52917944
1568;52951460
1569;52984976
1570;53018492
1571;53052008
1572;53085524
1573;53119040
1574;53152556
1575;53186072
