1;0
2;63213
3;96729
4;130245
5;163761
6;197277
7;230793
8;264309
9;297825
10;331341
11;364857
12;398373
13;431889
14;465405
15;498921
16;532437
17;565953
18;599469
19;632985
20;666501
21;700017
22;733533
23;767049
24;800565
25;834081
26;867597
27;901113
28;934629
29;968145
30;1001661
31;1035177
32;1068693
33;1102209
34;1135725
35;1169241
36;1202757
37;1236273
38;1269789
39;1303305
40;1336821
41;1370337
42;1403853
43;1437369
44;1470885
45;1504401
46;1537917
47;1571433
48;1604949
49;1638465
50;1671981
51;1705497
52;1739013
53;1772529
54;1806045
55;1839561
56;1873077
57;1906593
58;1940109
59;1973625
60;2007141
61;2040657
62;2074173
63;2107689
64;2141205
65;2174721
66;2208237
67;2241753
68;2275269
69;2308785
70;2342301
71;2375817
72;2409333
73;2442849
74;2476365
75;2509881
76;2543397
77;2576913
78;2610429
79;2643945
80;2677461
81;2710977
82;2744493
83;2778009
84;2811525
85;2845041
86;2878557
87;2912073
88;2945589
89;2979105
90;3012621
91;3046137
92;3079653
93;3113169
94;3146685
95;3180201
96;3213717
97;3247233
98;3280749
99;3314265
100;3347781
101;3381297
102;3414813
103;3448329
104;3481845
105;3515361
106;3548877
107;3582393
108;3615909
109;3649425
110;3682941
111;3716457
112;3749973
113;3783489
114;3817005
115;3850521
116;3884037
117;3917553
118;3951069
119;3984585
120;4018101
121;4051617
122;4085133
123;4118649
124;4152165
125;4185681
126;4219197
127;4252713
128;4286229
129;4319745
130;4353261
131;4386777
132;4420293
133;4453809
134;4487325
135;4520841
136;4554357
137;4587873
138;4621389
139;4654905
140;4688421
141;4721937
142;4755453
143;4788969
144;4822485
145;4856001
146;4889517
147;4923033
148;4956549
149;4990065
150;5023581
151;5057097
152;5090613
153;5124129
154;5157645
155;5191161
156;5224677
157;5258193
158;5291709
159;5325225
160;5358741
161;5392257
162;5425773
163;5459289
164;5492805
165;5526321
166;5559837
167;5593353
168;5626869
169;5660385
170;5693901
171;5727417
172;5760933
173;5794449
174;5827965
175;5861481
176;5894997
177;5928513
178;5962029
179;5995545
180;6029061
181;6062577
182;6096093
183;6129609
184;6163125
185;6196641
186;6230157
187;6263673
188;6297189
189;6330705
190;6364221
191;6397737
192;6431253
193;6464769
194;6498285
195;6531801
196;6565317
197;6598833
198;6632349
199;6665865
200;6699381
201;6732897
202;6766413
203;6799929
204;6833445
205;6866961
206;6900477
207;6933993
208;6967509
209;7001025
210;7034541
211;7068057
212;7101573
213;7135089
214;7168605
215;7202121
216;7235637
217;7269153
218;7302669
219;7336185
220;7369701
221;7403217
222;7436733
223;7470249
224;7503765
225;7537281
226;7570797
227;7604313
228;7637829
229;7671345
230;7704861
231;7738377
232;7771893
233;7805409
234;7838925
235;7872441
236;7905957
237;7939473
238;7972989
239;8006505
240;8040021
241;8073537
242;8107053
243;8140569
244;8174085
245;8207601
246;8241117
247;8274633
248;8308149
249;8341665
250;8375181
251;8408697
252;8442213
253;8475729
254;8509245
255;8542761
256;8576277
257;8609793
258;8643309
259;8676825
260;8710341
261;8743857
262;8777373
263;8810889
264;8844405
265;8877921
266;8911437
267;8944953
268;8978469
269;9011985
270;9045501
271;9079017
272;9112533
273;9146049
274;9179565
275;9213081
276;9246597
277;9280113
278;9313629
279;9347145
280;9380661
281;9414177
282;9447693
283;9481209
284;9514725
285;9548241
286;9581757
287;9615273
288;9648789
289;9682305
290;9715821
291;9749337
292;9782853
293;9816369
294;9849885
295;9883401
296;9916917
297;9950433
298;9983949
299;10017465
300;10050981
301;10084497
302;10118013
303;10151529
304;10185045
305;10218561
306;10252077
307;10285593
308;10319109
309;10352625
310;10386141
311;10419657
312;10453173
313;10486689
314;10520205
315;10553721
316;10587237
317;10620753
318;10654269
319;10687785
320;10721301
321;10754817
322;10788333
323;10821849
324;10855365
325;10888881
326;10922397
327;10955913
328;10989429
329;11022945
330;11056461
331;11089977
332;11123493
333;11157009
334;11190525
335;11224041
336;11257557
337;11291073
338;11324589
339;11358105
340;11391621
341;11425137
342;11458653
343;11492169
344;11525685
345;11559201
346;11592717
347;11626233
348;11659749
349;11693265
350;11726781
351;11760297
352;11793813
353;11827329
354;11860845
355;11894361
356;11927877
357;11961393
358;11994909
359;12028425
360;12061941
361;12095457
362;12128973
363;12162489
364;12196005
365;12229521
366;12263037
367;12296553
368;12330069
369;12363585
370;12397101
371;12430617
372;12464133
373;12497649
374;12531165
375;12564681
376;12598197
377;12631713
378;12665229
379;12698745
380;12732261
381;12765777
382;12799293
383;12832809
384;12866325
385;12899841
386;12933357
387;12966873
388;13000389
389;13033905
390;13067421
391;13100937
392;13134453
393;13167969
394;13201485
395;13235001
396;13268517
397;13302033
398;13335549
399;13369065
400;13402581
401;13436097
402;13469613
403;13503129
404;13536645
405;13570161
406;13603677
407;13637193
408;13670709
409;13704225
410;13737741
411;13771257
412;13804773
413;13838289
414;13871805
415;13905321
416;13938837
417;13972353
418;14005869
419;14039385
420;14072901
421;14106417
422;14139933
423;14173449
424;14206965
425;14240481
426;14273997
427;14307513
428;14341029
429;14374545
430;14408061
431;14441577
432;14475093
433;14508609
434;14542125
435;14575641
436;14609157
437;14642673
438;14676189
439;14709705
440;14743221
441;14776737
442;14810253
443;14843769
444;14877285
445;14910801
446;14944317
447;14977833
448;15011349
449;15044865
450;15078381
451;15111897
452;15145413
453;15178929
454;15212445
455;15245961
456;15279477
457;15312993
458;15346509
459;15380025
460;15413541
461;15447057
462;15480573
463;15514089
464;15547605
465;15581121
466;15614637
467;15648153
468;15681669
469;15715185
470;15748701
471;15782217
472;15815733
473;15849249
474;15882765
475;15916281
476;15949797
477;15983313
478;16016829
479;16050345
480;16083861
481;16117377
482;16150893
483;16184409
484;16217925
485;16251441
486;16284957
487;16318473
488;16351989
489;16385505
490;16419021
491;16452537
492;16486053
493;16519569
494;16553085
495;16586601
496;16620117
497;16653633
498;16687149
499;16720665
500;16754181
501;16787697
502;16821213
503;16854729
504;16888245
505;16921761
506;16955277
507;16988793
508;17022309
509;17055825
510;17089341
511;17122857
512;17156373
513;17189889
514;17223405
515;17256921
516;17290437
517;17323953
518;17357469
519;17390985
520;17424501
521;17458017
522;17491533
523;17525049
524;17558565
525;17592081
526;17625597
527;17659113
528;17692629
529;17726145
530;17759661
531;17793177
532;17826693
533;17860209
534;17893725
535;17927241
536;17960757
537;17994273
538;18027789
539;18061305
540;18094821
541;18128337
542;18161853
543;18195369
544;18228885
545;18262401
546;18295917
547;18329433
548;18362949
549;18396465
550;18429981
551;18463497
552;18497013
553;18530529
554;18564045
555;18597561
556;18631077
557;18664593
558;18698109
559;18731625
560;18765141
561;18798657
562;18832173
563;18865689
564;18899205
565;18932721
566;18966237
567;18999753
568;19033269
569;19066785
570;19100301
571;19133817
572;19167333
573;19200849
574;19234365
575;19267881
576;19301397
577;19334913
578;19368429
579;19401945
580;19435461
581;19468977
582;19502493
583;19536009
584;19569525
585;19603041
586;19636557
587;19670073
588;19703589
589;19737105
590;19770621
591;19804137
592;19837653
593;19871169
594;19904685
595;19938201
596;19971717
597;20005233
598;20038749
599;20072265
600;20105781
601;20139297
602;20172813
603;20206329
604;20239845
605;20273361
606;20306877
607;20340393
608;20373909
609;20407425
610;20440941
611;20474457
612;20507973
613;20541489
614;20575005
615;20608521
616;20642037
617;20675553
618;20709069
619;20742585
620;20776101
621;20809617
622;20843133
623;20876649
624;20910165
625;20943681
626;20977197
627;21010713
628;21044229
629;21077745
630;21111261
631;21144777
632;21178293
633;21211809
634;21245325
635;21278841
636;21312357
637;21345873
638;21379389
639;21412905
640;21446421
641;21479937
642;21513453
643;21546969
644;21580485
645;21614001
646;21647517
647;21681033
648;21714549
649;21748065
650;21781581
651;21815097
652;21848613
653;21882129
654;21915645
655;21949161
656;21982677
657;22016193
658;22049709
659;22083225
660;22116741
661;22150257
662;22183773
663;22217289
664;22250805
665;22284321
666;22317837
667;22351353
668;22384869
669;22418385
670;22451901
671;22485417
672;22518933
673;22552449
674;22585965
675;22619481
676;22652997
677;22686513
678;22720029
679;22753545
680;22787061
681;22820577
682;22854093
683;22887609
684;22921125
685;22954641
686;22988157
687;23021673
688;23055189
689;23088705
690;23122221
691;23155737
692;23189253
693;23222769
694;23256285
695;23289801
696;23323317
697;23356833
698;23390349
699;23423865
700;23457381
701;23490897
702;23524413
703;23557929
704;23591445
705;23624961
706;23658477
707;23691993
708;23725509
709;23759025
710;23792541
711;23826057
712;23859573
713;23893089
714;23926605
715;23960121
716;23993637
717;24027153
718;24060669
719;24094185
720;24127701
721;24161217
722;24194733
723;24228249
724;24261765
725;24295281
726;24328797
727;24362313
728;24395829
729;24429345
730;24462861
731;24496377
732;24529893
733;24563409
734;24596925
735;24630441
736;24663957
737;24697473
738;24730989
739;24764505
740;24798021
741;24831537
742;24865053
743;24898569
744;24932085
745;24965601
746;24999117
747;25032633
748;25066149
749;25099665
750;25133181
751;25166697
752;25200213
753;25233729
754;25267245
755;25300761
756;25334277
757;25367793
758;25401309
759;25434825
760;25468341
761;25501857
762;25535373
763;25568889
764;25602405
765;25635921
766;25669437
767;25702953
768;25736469
769;25769985
770;25803501
771;25837017
772;25870533
773;25904049
774;25937565
775;25971081
776;26004597
777;26038113
778;26071629
779;26105145
780;26138661
781;26172177
782;26205693
783;26239209
784;26272725
785;26306241
786;26339757
787;26373273
788;26406789
789;26440305
790;26473821
791;26507337
792;26540853
793;26574369
794;26607885
795;26641401
796;26674917
797;26708433
798;26741949
799;26775465
800;26808981
801;26842497
802;26876013
803;26909529
804;26943045
805;26976561
806;27010077
807;27043593
808;27077109
809;27110625
810;27144141
811;27177657
812;27211173
813;27244689
814;27278205
815;27311721
816;27345237
817;27378753
818;27412269
819;27445785
820;27479301
821;27512817
822;27546333
823;27579849
824;27613365
825;27646881
826;27680397
827;27713913
828;27747429
829;27780945
830;27814461
831;27847977
832;27881493
833;27915009
834;27948525
835;27982041
836;28015557
837;28049073
838;28082589
839;28116105
840;28149621
841;28183137
842;28216653
843;28250169
844;28283685
845;28317201
846;28350717
847;28384233
848;28417749
849;28451265
850;28484781
851;28518297
852;28551813
853;28585329
854;28618845
855;28652361
856;28685877
857;28719393
858;28752909
859;28786425
860;28819941
861;28853457
862;28886973
863;28920489
864;28954005
865;28987521
866;29021037
867;29054553
868;29088069
869;29121585
870;29155101
871;29188617
872;29222133
873;29255649
874;29289165
875;29322681
876;29356197
877;29389713
878;29423229
879;29456745
880;29490261
881;29523777
882;29557293
883;29590809
884;29624325
885;29657841
886;29691357
887;29724873
888;29758389
889;29791905
890;29825421
891;29858937
892;29892453
893;29925969
894;29959485
895;29993001
896;30026517
897;30060033
898;30093549
899;30127065
900;30160581
901;30194097
902;30227613
903;30261129
904;30294645
905;30328161
906;30361677
907;30395193
908;30428709
909;30462225
910;30495741
911;30529257
912;30562773
913;30596289
914;30629805
915;30663321
916;30696837
917;30730353
918;30763869
919;30797385
920;30830901
921;30864417
922;30897933
923;30931449
924;30964965
925;30998481
926;31031997
927;31065513
928;31099029
929;31132545
930;31166061
931;31199577
932;31233093
933;31266609
934;31300125
935;31333641
936;31367157
937;31400673
938;31434189
939;31467705
940;31501221
941;31534737
942;31568253
943;31601769
944;31635285
945;31668801
946;31702317
947;31735833
948;31769349
949;31802865
950;31836381
951;31970445
952;32003961
953;32037477
954;32070993
955;32104509
956;32138025
957;32171541
958;32205057
959;32238573
960;32272089
961;32305605
962;32339121
963;32372637
964;32406153
965;32439669
966;32473185
967;32506701
968;32540217
969;32573733
970;32607249
971;32640765
972;32674281
973;32707797
974;32741313
975;32774829
976;32808345
977;32841861
978;32875377
979;32908893
980;32942409
981;32975925
982;33009441
983;33042957
984;33076473
985;33109989
986;33143505
987;33177021
988;33210537
989;33244053
990;33277569
991;33311085
992;33344601
993;33378117
994;33411633
995;33445149
996;33478665
997;33545697
998;33579213
999;33612729
1000;33646245
1001;33679761
1002;33713277
1003;33746793
1004;33780309
1005;33813825
1006;33847341
1007;33880857
1008;33914373
1009;33947889
1010;33981405
1011;34014921
1012;34048437
1013;34081953
1014;34115469
1015;34148985
1016;34182501
1017;34249533
1018;34283049
1019;34316565
1020;34350081
1021;34383597
1022;34417113
1023;34450629
1024;34484145
1025;34517661
1026;34551177
1027;34584693
1028;34618209
1029;34651725
1030;34685241
1031;34718757
1032;34752273
1033;34785789
1034;34819305
1035;34852821
1036;34886337
1037;34919853
1038;35020401
1039;35053917
1040;35087433
1041;35120949
1042;35154465
1043;35187981
1044;35221497
1045;35255013
1046;35288529
1047;35322045
1048;35355561
1049;35389077
1050;35422593
1051;35456109
1052;35489625
1053;35523141
1054;35623689
1055;35657205
1056;35690721
1057;35724237
1058;35757753
1059;35791269
1060;35824785
1061;35858301
1062;35891817
1063;35925333
1064;35958849
1065;35992365
1066;36025881
1067;36059397
1068;36092913
1069;36126429
1070;36159945
1071;36193461
1072;36260493
1073;36294009
1074;36327525
1075;36361041
1076;36428073
1077;36461589
1078;36495105
1079;36528621
1080;36562137
1081;36595653
1082;36629169
1083;36662685
1084;36696201
1085;36729717
1086;36763233
1087;36796749
1088;36830265
1089;36863781
1090;36897297
1091;36930813
1092;36964329
1093;36997845
1094;37031361
1095;37064877
1096;37098393
1097;37131909
1098;37165425
1099;37198941
1100;37232457
1101;37265973
1102;37299489
1103;37333005
1104;37366521
1105;37400037
1106;37433553
1107;37467069
1108;37500585
1109;37534101
1110;37567617
1111;37601133
1112;37634649
1113;37668165
1114;37701681
1115;37735197
1116;37768713
1117;37802229
1118;37835745
1119;37869261
1120;37902777
1121;37936293
1122;37969809
1123;38003325
1124;38036841
1125;38070357
1126;38103873
1127;38137389
1128;38170905
1129;38204421
1130;38237937
1131;38271453
1132;38304969
1133;38338485
1134;38372001
1135;38405517
1136;38439033
1137;38472549
1138;38506065
1139;38539581
1140;38573097
1141;38606613
1142;38640129
1143;38673645
1144;38707161
1145;38740677
1146;38774193
1147;38807709
1148;38841225
1149;38874741
1150;38908257
1151;38941773
1152;38975289
1153;39008805
1154;39042321
1155;39075837
1156;39109353
1157;39142869
1158;39176385
1159;39209901
1160;39243417
1161;39276933
1162;39310449
1163;39343965
1164;39377481
1165;39410997
1166;39444513
1167;39478029
1168;39511545
1169;39545061
1170;39578577
1171;39612093
1172;39645609
1173;39679125
1174;39712641
1175;39746157
1176;39779673
1177;39813189
1178;39846705
1179;39880221
1180;39913737
1181;39947253
1182;39980769
1183;40014285
1184;40047801
1185;40081317
1186;40114833
1187;40148349
1188;40181865
1189;40215381
1190;40248897
1191;40282413
1192;40315929
1193;40349445
1194;40382961
1195;40416477
1196;40449993
1197;40483509
1198;40517025
1199;40550541
1200;40584057
1201;40617573
1202;40651089
1203;40684605
1204;40718121
1205;40751637
1206;40785153
1207;40818669
1208;40852185
1209;40885701
1210;40919217
1211;40952733
1212;40986249
1213;41019765
1214;41053281
1215;41086797
1216;41120313
1217;41153829
1218;41187345
1219;41220861
1220;41254377
1221;41287893
1222;41321409
1223;41354925
1224;41388441
1225;41421957
1226;41455473
1227;41488989
1228;41522505
1229;41556021
1230;41589537
1231;41623053
1232;41656569
1233;41690085
1234;41723601
1235;41757117
1236;41790633
1237;41824149
1238;41857665
1239;41891181
1240;41924697
1241;41958213
1242;41991729
1243;42025245
1244;42058761
1245;42092277
1246;42125793
1247;42159309
1248;42192825
1249;42226341
1250;42259857
1251;42293373
1252;42326889
1253;42360405
1254;42393921
1255;42427437
1256;42460953
1257;42494469
1258;42527985
1259;42561501
1260;42595017
1261;42628533
1262;42662049
1263;42695565
1264;42729081
1265;42762597
1266;42796113
1267;42829629
1268;42863145
1269;42896661
1270;42930177
1271;42963693
1272;42997209
1273;43030725
1274;43064241
1275;43097757
1276;43131273
1277;43164789
1278;43198305
1279;43231821
1280;43265337
1281;43298853
1282;43332369
1283;43365885
1284;43399401
1285;43432917
1286;43466433
1287;43499949
1288;43533465
1289;43566981
1290;43600497
1291;43634013
1292;43667529
1293;43701045
1294;43734561
1295;43768077
1296;43801593
1297;43835109
1298;43868625
1299;43902141
1300;43935657
1301;43969173
1302;44002689
1303;44036205
1304;44069721
1305;44103237
1306;44136753
1307;44170269
1308;44203785
1309;44237301
1310;44270817
1311;44304333
1312;44337849
1313;44371365
1314;44404881
1315;44438397
1316;44471913
1317;44505429
1318;44538945
1319;44572461
1320;44605977
1321;44639493
1322;44673009
1323;44706525
1324;44740041
1325;44773557
1326;44807073
1327;44840589
1328;44874105
1329;44907621
1330;44941137
1331;44974653
1332;45008169
1333;45041685
1334;45075201
1335;45108717
1336;45142233
1337;45175749
1338;45209265
1339;45242781
1340;45276297
1341;45309813
1342;45343329
1343;45376845
1344;45410361
1345;45443877
1346;45477393
1347;45510909
1348;45544425
1349;45577941
1350;45611457
1351;45644973
1352;45678489
1353;45712005
1354;45745521
1355;45779037
1356;45812553
1357;45846069
1358;45879585
1359;45913101
1360;45946617
1361;45980133
1362;46013649
1363;46047165
1364;46080681
1365;46114197
1366;46147713
1367;46181229
1368;46214745
1369;46248261
1370;46281777
1371;46315293
1372;46348809
1373;46382325
1374;46415841
1375;46449357
1376;46482873
1377;46516389
1378;46549905
1379;46583421
1380;46616937
1381;46650453
1382;46683969
1383;46717485
1384;46751001
1385;46784517
1386;46818033
1387;46851549
1388;46885065
1389;46918581
1390;46952097
1391;46985613
1392;47019129
1393;47052645
1394;47086161
1395;47119677
1396;47153193
1397;47186709
1398;47220225
1399;47253741
1400;47287257
1401;47320773
1402;47354289
1403;47387805
1404;47421321
1405;47454837
1406;47488353
1407;47521869
1408;47555385
1409;47588901
1410;47622417
1411;47655933
1412;47689449
1413;47722965
1414;47756481
1415;47789997
1416;47823513
1417;47857029
1418;47890545
1419;47924061
1420;47957577
1421;47991093
1422;48024609
1423;48058125
1424;48091641
1425;48125157
1426;48158673
1427;48192189
1428;48225705
1429;48259221
1430;48292737
1431;48326253
1432;48359769
1433;48393285
1434;48426801
1435;48460317
1436;48493833
1437;48527349
1438;48560865
1439;48594381
1440;48627897
1441;48661413
1442;48694929
1443;48728445
1444;48761961
1445;48795477
1446;48828993
1447;48862509
1448;48896025
1449;48929541
1450;48963057
1451;48996573
1452;49030089
1453;49063605
1454;49097121
1455;49130637
1456;49164153
1457;49197669
1458;49231185
1459;49264701
1460;49298217
1461;49331733
1462;49365249
1463;49398765
1464;49432281
1465;49465797
1466;49499313
1467;49532829
1468;49566345
1469;49599861
1470;49633377
1471;49666893
1472;49700409
1473;49733925
1474;49767441
1475;49800957
1476;49834473
1477;49867989
1478;49901505
1479;49935021
1480;49968537
1481;50002053
1482;50035569
1483;50069085
1484;50102601
1485;50136117
1486;50169633
1487;50203149
1488;50236665
1489;50270181
1490;50303697
1491;50337213
1492;50370729
1493;50404245
1494;50437761
1495;50471277
1496;50504793
1497;50538309
1498;50571825
1499;50605341
1500;50638857
1501;50672373
1502;50705889
1503;50739405
1504;50772921
1505;50806437
1506;50839953
1507;50873469
1508;50906985
1509;50940501
1510;50974017
1511;51007533
1512;51041049
1513;51074565
1514;51108081
1515;51141597
1516;51175113
1517;51208629
1518;51242145
1519;51275661
1520;51309177
1521;51342693
1522;51376209
1523;51409725
1524;51443241
1525;51476757
1526;51510273
1527;51543789
1528;51577305
1529;51610821
1530;51644337
1531;51677853
1532;51711369
1533;51744885
1534;51778401
1535;51811917
1536;51845433
1537;51878949
1538;51912465
1539;51945981
1540;51979497
1541;52013013
1542;52046529
1543;52080045
1544;52113561
1545;52147077
1546;52180593
1547;52214109
1548;52247625
1549;52281141
1550;52314657
1551;52348173
1552;52381689
1553;52415205
1554;52448721
1555;52482237
1556;52515753
1557;52549269
1558;52582785
1559;52616301
1560;52649817
1561;52683333
1562;52716849
1563;52750365
1564;52783881
1565;52817397
1566;52850913
1567;52884429
1568;52917945
1569;52951461
1570;52984977
1571;53018493
1572;53052009
1573;53085525
1574;53119041
1575;53152557
1576;53186073
1577;53219589
1578;53253105
1579;53286621
1580;53320137
1581;53353653
1582;53387169
1583;53420685
1584;53454201
1585;53487717
1586;53521233
1587;53554749
1588;53588265
1589;53621781
1590;53655297
1591;53688813
1592;53722329
1593;53755845
1594;53789361
1595;53822877
1596;53856393
1597;53889909
1598;53923425
1599;53956941
1600;53990457
1601;54023973
1602;54057489
1603;54091005
1604;54124521
1605;54158037
1606;54191553
1607;54225069
1608;54258585
1609;54292101
1610;54325617
1611;54359133
1612;54392649
1613;54426165
1614;54459681
1615;54493197
1616;54526713
1617;54560229
1618;54593745
1619;54627261
1620;54660777
1621;54694293
1622;54727809
1623;54761325
1624;54794841
1625;54828357
1626;54861873
1627;54895389
1628;54928905
1629;54962421
1630;54995937
1631;55029453
1632;55062969
1633;55096485
1634;55130001
1635;55163517
1636;55197033
1637;55230549
1638;55264065
1639;55297581
1640;55331097
1641;55364613
1642;55398129
1643;55431645
1644;55465161
1645;55498677
1646;55532193
1647;55565709
1648;55599225
1649;55632741
1650;55666257
1651;55699773
1652;55733289
1653;55766805
1654;55800321
1655;55833837
1656;55867353
1657;55900869
1658;55934385
1659;55967901
1660;56001417
1661;56034933
1662;56068449
1663;56101965
1664;56135481
1665;56168997
1666;56202513
1667;56236029
1668;56269545
1669;56303061
1670;56336577
1671;56370093
1672;56403609
1673;56437125
1674;56470641
1675;56504157
1676;56537673
1677;56571189
1678;56604705
1679;56638221
1680;56671737
1681;56705253
1682;56738769
1683;56772285
1684;56805801
1685;56839317
1686;56872833
1687;56906349
1688;56939865
1689;56973381
1690;57006897
1691;57040413
1692;57073929
1693;57107445
1694;57140961
1695;57174477
1696;57207993
1697;57241509
1698;57275025
1699;57308541
1700;57342057
1701;57375573
1702;57409089
1703;57442605
1704;57476121
1705;57509637
1706;57543153
1707;57576669
1708;57610185
1709;57643701
1710;57677217
1711;57710733
1712;57744249
1713;57777765
1714;57811281
1715;57844797
1716;57878313
1717;57911829
1718;57945345
1719;57978861
1720;58012377
1721;58045893
1722;58079409
1723;58112925
1724;58146441
1725;58179957
1726;58213473
1727;58246989
1728;58280505
1729;58314021
1730;58347537
1731;58381053
1732;58414569
1733;58448085
1734;58481601
1735;58515117
1736;58548633
1737;58582149
1738;58615665
1739;58649181
1740;58682697
1741;58716213
1742;58749729
1743;58783245
1744;58816761
1745;58850277
1746;58883793
1747;58917309
1748;58950825
1749;58984341
1750;59017857
1751;59051373
1752;59084889
1753;59118405
1754;59151921
1755;59185437
1756;59218953
1757;59252469
1758;59285985
1759;59319501
1760;59353017
1761;59386533
1762;59420049
1763;59453565
1764;59487081
