1;0
2;63213
3;96729
4;130245
5;163761
6;197277
7;230793
8;264309
9;297825
10;331341
11;364857
12;398373
13;431889
14;465405
15;498921
16;532437
17;565953
18;599469
19;632985
20;666501
21;700017
22;733533
23;767049
24;800565
25;834081
26;867597
27;901113
28;934629
29;968145
30;1001661
31;1035177
32;1068693
33;1102209
34;1135725
35;1169241
36;1202757
37;1236273
38;1269789
39;1303305
40;1336821
41;1370337
42;1403853
43;1437369
44;1470885
45;1504401
46;1537917
47;1571433
48;1604949
49;1638465
50;1671981
51;1705497
52;1739013
53;1772529
54;1806045
55;1839561
56;1873077
57;1906593
58;1940109
59;1973625
60;2007141
61;2040657
62;2074173
63;2107689
64;2141205
65;2174721
66;2208237
67;2241753
68;2275269
69;2308785
70;2342301
71;2375817
72;2409333
73;2442849
74;2476365
75;2509881
76;2543397
77;2576913
78;2610429
79;2643945
80;2677461
81;2710977
82;2744493
83;2778009
84;2811525
85;2845041
86;2878557
87;2912073
88;2945589
89;2979105
90;3012621
91;3046137
92;3079653
93;3113169
94;3146685
95;3180201
96;3213717
97;3247233
98;3280749
99;3314265
100;3347781
101;3381297
102;3414813
103;3448329
104;3481845
105;3515361
106;3548877
107;3582393
108;3615909
109;3649425
110;3682941
111;3716457
112;3749973
113;3783489
114;3817005
115;3850521
116;3884037
117;3917553
118;3951069
119;3984585
120;4018101
121;4051617
122;4085133
123;4118649
124;4152165
125;4185681
126;4219197
127;4252713
128;4286229
129;4319745
130;4353261
131;4386777
132;4420293
133;4453809
134;4487325
135;4520841
136;4554357
137;4587873
138;4621389
139;4654905
140;4688421
141;4721937
142;4755453
143;4788969
144;4822485
145;4856001
146;4889517
147;4923033
148;4956549
149;4990065
150;5023581
151;5057097
152;5090613
153;5124129
154;5157645
155;5191161
156;5224677
157;5258193
158;5291709
159;5325225
160;5358741
161;5392257
162;5425773
163;5459289
164;5492805
165;5526321
166;5559837
167;5593353
168;5626869
169;5660385
170;5693901
171;5727417
172;5760933
173;5794449
174;5827965
175;5861481
176;5894997
177;5928513
178;5962029
179;5995545
180;6029061
181;6062577
182;6096093
183;6129609
184;6163125
185;6196641
186;6230157
187;6263673
188;6297189
189;6330705
190;6364221
191;6397737
192;6431253
193;6464769
194;6498285
195;6531801
196;6565317
197;6598833
198;6632349
199;6665865
200;6699381
201;6732897
202;6766413
203;6799929
204;6833445
205;6866961
206;6900477
207;6933993
208;6967509
209;7001025
210;7034541
211;7068057
212;7101573
213;7135089
214;7168605
215;7202121
216;7235637
217;7269153
218;7302669
219;7336185
220;7369701
221;7403217
222;7436733
223;7470249
224;7503765
225;7537281
226;7570797
227;7604313
228;7637829
229;7671345
230;7704861
231;7738377
232;7771893
233;7805409
234;7838925
235;7872441
236;7905957
237;7939473
238;7972989
239;8006505
240;8040021
241;8073537
242;8107053
243;8140569
244;8174085
245;8207601
246;8241117
247;8274633
248;8308149
249;8341665
250;8375181
251;8408697
252;8442213
253;8475729
254;8509245
255;8542761
256;8576277
257;8609793
258;8643309
259;8676825
260;8710341
261;8743857
262;8777373
263;8810889
264;8844405
265;8877921
266;8911437
267;8944953
268;8978469
269;9011985
270;9045501
271;9079017
272;9112533
273;9146049
274;9179565
275;9213081
276;9246597
277;9280113
278;9313629
279;9347145
280;9380661
281;9414177
282;9447693
283;9481209
284;9514725
285;9548241
286;9581757
287;9615273
288;9648789
289;9682305
290;9715821
291;9749337
292;9782853
293;9816369
294;9849885
295;9883401
296;9916917
297;9950433
298;9983949
299;10017465
300;10050981
301;10084497
302;10118013
303;10151529
304;10185045
305;10218561
306;10252077
307;10285593
308;10319109
309;10352625
310;10386141
311;10419657
312;10453173
313;10486689
314;10520205
315;10553721
316;10587237
317;10620753
318;10654269
319;10687785
320;10721301
321;10754817
322;10788333
323;10821849
324;10855365
325;10888881
326;10922397
327;10955913
328;10989429
329;11022945
330;11056461
331;11089977
332;11123493
333;11157009
334;11190525
335;11224041
336;11257557
337;11291073
338;11324589
339;11358105
340;11391621
341;11425137
342;11458653
343;11492169
344;11525685
345;11559201
346;11592717
347;11626233
348;11659749
349;11693265
350;11726781
351;11760297
352;11793813
353;11827329
354;11860845
355;11894361
356;11927877
357;11961393
358;11994909
359;12028425
360;12061941
361;12095457
362;12128973
363;12162489
364;12196005
365;12229521
366;12263037
367;12296553
368;12330069
369;12363585
370;12397101
371;12430617
372;12464133
373;12497649
374;12531165
375;12564681
376;12598197
377;12631713
378;12665229
379;12698745
380;12732261
381;12765777
382;12799293
383;12832809
384;12866325
385;12899841
386;12933357
387;12966873
388;13000389
389;13033905
390;13067421
391;13100937
392;13134453
393;13167969
394;13201485
395;13235001
396;13268517
397;13302033
398;13335549
399;13369065
400;13402581
401;13436097
402;13469613
403;13503129
404;13536645
405;13570161
406;13603677
407;13637193
408;13670709
409;13704225
410;13737741
411;13771257
412;13804773
413;13838289
414;13871805
415;13905321
416;13938837
417;13972353
418;14005869
419;14039385
420;14072901
421;14106417
422;14139933
423;14173449
424;14206965
425;14240481
426;14273997
427;14307513
428;14341029
429;14374545
430;14408061
431;14441577
432;14475093
433;14508609
434;14542125
435;14575641
436;14609157
437;14642673
438;14676189
439;14709705
440;14743221
441;14776737
442;14810253
443;14843769
444;14877285
445;14910801
446;14944317
447;14977833
448;15011349
449;15044865
450;15078381
451;15111897
452;15145413
453;15178929
454;15212445
455;15245961
456;15279477
457;15312993
458;15346509
459;15380025
460;15413541
461;15447057
462;15480573
463;15514089
464;15547605
465;15581121
466;15614637
467;15648153
468;15681669
469;15715185
470;15748701
471;15782217
472;15815733
473;15849249
474;15882765
475;15916281
476;15949797
477;15983313
478;16016829
479;16050345
480;16083861
481;16117377
482;16150893
483;16184409
484;16217925
485;16251441
486;16284957
487;16318473
488;16351989
489;16385505
490;16419021
491;16452537
492;16486053
493;16519569
494;16553085
495;16586601
496;16620117
497;16653633
498;16687149
499;16720665
500;16754181
501;16787697
502;16821213
503;16854729
504;16888245
505;16921761
506;16955277
507;16988793
508;17022309
509;17055825
510;17089341
511;17122857
512;17156373
513;17189889
514;17223405
515;17256921
516;17290437
517;17323953
518;17357469
519;17390985
520;17424501
521;17458017
522;17491533
523;17525049
524;17558565
525;17592081
526;17625597
527;17659113
528;17692629
529;17726145
530;17759661
531;17793177
532;17826693
533;17860209
534;17893725
535;17927241
536;17960757
537;17994273
538;18027789
539;18061305
540;18094821
541;18128337
542;18161853
543;18195369
544;18228885
545;18262401
546;18295917
547;18329433
548;18362949
549;18396465
550;18429981
551;18463497
552;18497013
553;18530529
554;18564045
555;18597561
556;18631077
557;18664593
558;18698109
559;18731625
560;18765141
561;18798657
562;18832173
563;18865689
564;18899205
565;18932721
566;18966237
567;18999753
568;19033269
569;19066785
570;19100301
571;19133817
572;19167333
573;19200849
574;19234365
575;19267881
576;19301397
577;19334913
578;19368429
579;19401945
580;19435461
581;19468977
582;19502493
583;19536009
584;19569525
585;19603041
586;19636557
587;19670073
588;19703589
589;19737105
590;19770621
591;19804137
592;19837653
593;19871169
594;19904685
595;19938201
596;19971717
597;20005233
598;20038749
599;20072265
600;20105781
601;20139297
602;20172813
603;20206329
604;20239845
605;20273361
606;20306877
607;20340393
608;20373909
609;20407425
610;20440941
611;20474457
612;20507973
613;20541489
614;20575005
615;20608521
616;20642037
617;20675553
618;20709069
619;20742585
620;20776101
621;20809617
622;20843133
623;20876649
624;20910165
625;20943681
626;20977197
627;21010713
628;21044229
629;21077745
630;21111261
631;21144777
632;21178293
633;21211809
634;21245325
635;21278841
636;21312357
637;21345873
638;21379389
639;21412905
640;21446421
641;21479937
642;21513453
643;21546969
644;21580485
645;21614001
646;21647517
647;21681033
648;21714549
649;21748065
650;21781581
651;21815097
652;21848613
653;21882129
654;21915645
655;21949161
656;21982677
657;22016193
658;22049709
659;22083225
660;22116741
661;22150257
662;22183773
663;22217289
664;22250805
665;22284321
666;22317837
667;22351353
668;22384869
669;22418385
670;22451901
671;22485417
672;22518933
673;22552449
674;22585965
675;22619481
676;22652997
677;22686513
678;22720029
679;22753545
680;22787061
681;22820577
682;22854093
683;22887609
684;22921125
685;22954641
686;22988157
687;23021673
688;23055189
689;23088705
690;23122221
691;23155737
692;23189253
693;23222769
694;23256285
695;23289801
696;23323317
697;23356833
698;23390349
699;23423865
700;23457381
701;23490897
702;23524413
703;23557929
704;23591445
705;23624961
706;23658477
707;23691993
708;23725509
709;23759025
710;23792541
711;23826057
712;23859573
713;23893089
714;23926605
715;23960121
716;23993637
717;24027153
718;24060669
719;24094185
720;24127701
721;24161217
722;24194733
723;24328797
724;24362313
725;24395829
726;24429345
727;24462861
728;24496377
729;24529893
730;24563409
731;24596925
732;24630441
733;24663957
734;24697473
735;24730989
736;24764505
737;24798021
738;24831537
739;24865053
740;24898569
741;24932085
742;24965601
743;24999117
744;25032633
745;25066149
746;25099665
747;25133181
748;25166697
749;25200213
750;25233729
751;25267245
752;25300761
753;25334277
754;25367793
755;25401309
756;25434825
757;25669437
758;25702953
759;25736469
760;25769985
761;25803501
762;25837017
763;25870533
764;25904049
765;25937565
766;26038113
767;26071629
768;26105145
769;26138661
770;26172177
771;26205693
772;26239209
773;26272725
774;26306241
775;26339757
776;26373273
777;26473821
778;26507337
779;26540853
780;26574369
781;26607885
782;26641401
783;26674917
784;26708433
785;26741949
786;26775465
787;26808981
788;26842497
789;26876013
790;26909529
791;26943045
792;26976561
793;27010077
794;27043593
795;27077109
796;27110625
797;27144141
798;27177657
799;27211173
800;27244689
801;27278205
802;27311721
803;27345237
804;27378753
805;27412269
806;27445785
807;27479301
808;27512817
809;27546333
810;27579849
811;27613365
812;27680397
813;27713913
814;27747429
815;27780945
816;27814461
817;27847977
818;27881493
819;27915009
820;27948525
821;27982041
822;28015557
823;28049073
824;28082589
825;28116105
826;28149621
827;28183137
828;28216653
829;28250169
830;28283685
831;28317201
832;28350717
833;28384233
834;28417749
835;28451265
836;28484781
837;28518297
838;28551813
839;28585329
840;28618845
841;28652361
842;28685877
843;28719393
844;28752909
845;28786425
846;28819941
847;28853457
848;28886973
849;28920489
850;28954005
851;28987521
852;29021037
853;29054553
854;29088069
855;29121585
856;29155101
857;29188617
858;29222133
859;29255649
860;29289165
861;29322681
862;29356197
863;29389713
864;29423229
865;29456745
866;29490261
867;29523777
868;29557293
869;29590809
870;29624325
871;29657841
872;29691357
873;29724873
874;29758389
875;29791905
876;29825421
877;29858937
878;29892453
879;29925969
880;29959485
881;29993001
882;30026517
883;30060033
884;30093549
885;30127065
886;30160581
887;30194097
888;30227613
889;30261129
890;30294645
891;30328161
892;30361677
893;30395193
894;30428709
895;30462225
896;30495741
897;30529257
898;30562773
899;30596289
900;30629805
901;30663321
902;30696837
903;30730353
904;30763869
905;30797385
906;30830901
907;30864417
908;30897933
909;30931449
910;30964965
911;30998481
912;31031997
913;31065513
914;31099029
915;31132545
916;31166061
917;31199577
918;31233093
919;31266609
920;31300125
921;31333641
922;31367157
923;31400673
924;31434189
925;31467705
926;31501221
927;31534737
928;31568253
929;31601769
930;31635285
931;31668801
932;31702317
933;31735833
934;31769349
935;31802865
936;31836381
937;31869897
938;31903413
939;31936929
940;31970445
941;32003961
942;32037477
943;32070993
944;32104509
945;32138025
946;32171541
947;32205057
948;32238573
949;32272089
950;32305605
951;32339121
952;32372637
953;32406153
954;32439669
955;32473185
956;32506701
957;32540217
958;32573733
959;32607249
960;32640765
961;32674281
962;32707797
963;32741313
964;32774829
965;32808345
966;32841861
967;32875377
968;32908893
969;32942409
970;32975925
971;33009441
972;33042957
973;33076473
974;33109989
975;33143505
976;33177021
977;33210537
978;33244053
979;33277569
980;33311085
981;33344601
982;33378117
983;33411633
984;33445149
985;33478665
986;33512181
987;33545697
988;33579213
989;33612729
990;33646245
991;33679761
992;33713277
993;33746793
994;33780309
995;33813825
996;33847341
997;33880857
998;33914373
999;33947889
1000;33981405
1001;34014921
1002;34048437
1003;34081953
1004;34115469
1005;34148985
1006;34182501
1007;34216017
1008;34249533
1009;34283049
1010;34316565
1011;34350081
1012;34383597
1013;34417113
1014;34450629
1015;34484145
1016;34517661
1017;34551177
1018;34584693
1019;34618209
1020;34651725
1021;34685241
1022;34718757
1023;34752273
1024;34785789
1025;34819305
1026;34852821
1027;34886337
1028;34919853
1029;34953369
1030;34986885
1031;35020401
1032;35053917
1033;35087433
1034;35120949
1035;35154465
1036;35187981
1037;35221497
1038;35255013
1039;35288529
1040;35322045
1041;35355561
1042;35389077
1043;35422593
1044;35456109
1045;35489625
1046;35523141
1047;35556657
1048;35590173
1049;35623689
1050;35657205
1051;35690721
1052;35724237
1053;35757753
1054;35791269
1055;35824785
1056;35858301
1057;35891817
1058;35925333
1059;35958849
1060;35992365
1061;36025881
1062;36059397
1063;36092913
1064;36126429
1065;36159945
1066;36193461
1067;36226977
1068;36260493
1069;36294009
1070;36327525
1071;36361041
1072;36394557
1073;36428073
1074;36461589
1075;36495105
1076;36528621
1077;36562137
1078;36595653
1079;36629169
1080;36662685
1081;36696201
1082;36729717
1083;36763233
1084;36796749
1085;36830265
1086;36863781
1087;36897297
1088;36930813
1089;36964329
1090;36997845
1091;37031361
1092;37064877
1093;37098393
1094;37131909
1095;37165425
1096;37198941
1097;37232457
1098;37265973
1099;37299489
1100;37333005
1101;37366521
1102;37400037
1103;37433553
1104;37467069
1105;37500585
1106;37534101
1107;37567617
1108;37601133
1109;37634649
1110;37668165
1111;37701681
1112;37735197
1113;37768713
1114;37802229
1115;37835745
1116;37869261
1117;37902777
1118;37936293
1119;37969809
1120;38003325
1121;38036841
1122;38070357
1123;38103873
1124;38137389
1125;38170905
1126;38204421
1127;38237937
1128;38271453
1129;38304969
1130;38338485
1131;38372001
1132;38405517
1133;38439033
1134;38472549
1135;38506065
1136;38539581
1137;38573097
1138;38606613
1139;38640129
1140;38673645
1141;38707161
1142;38740677
1143;38774193
1144;38807709
1145;38841225
1146;38874741
1147;38908257
1148;38941773
1149;38975289
1150;39008805
1151;39042321
1152;39075837
1153;39109353
1154;39142869
1155;39176385
1156;39209901
1157;39243417
1158;39276933
1159;39310449
1160;39343965
1161;39377481
1162;39410997
1163;39444513
1164;39478029
1165;39511545
1166;39545061
1167;39578577
1168;39612093
1169;39645609
1170;39679125
1171;39712641
1172;39746157
1173;39779673
1174;39813189
1175;39846705
1176;39880221
1177;39913737
1178;39947253
1179;39980769
1180;40014285
1181;40047801
1182;40081317
1183;40114833
1184;40148349
1185;40181865
1186;40215381
1187;40248897
1188;40282413
1189;40315929
1190;40349445
1191;40382961
1192;40416477
1193;40449993
1194;40483509
1195;40517025
1196;40550541
1197;40584057
1198;40617573
1199;40651089
1200;40684605
1201;40718121
1202;40751637
1203;40785153
1204;40818669
1205;40852185
1206;40885701
1207;40919217
1208;40952733
1209;40986249
1210;41019765
1211;41053281
1212;41086797
1213;41120313
1214;41153829
1215;41187345
1216;41220861
1217;41254377
1218;41287893
1219;41321409
1220;41354925
1221;41388441
1222;41421957
1223;41455473
1224;41488989
1225;41522505
1226;41556021
1227;41589537
1228;41623053
1229;41656569
1230;41690085
1231;41723601
1232;41757117
1233;41790633
1234;41824149
1235;41857665
1236;41891181
1237;41924697
1238;41958213
1239;41991729
1240;42025245
1241;42058761
1242;42092277
1243;42125793
1244;42159309
1245;42192825
1246;42226341
1247;42259857
1248;42293373
1249;42326889
1250;42360405
1251;42393921
1252;42427437
1253;42460953
1254;42494469
1255;42527985
1256;42561501
1257;42595017
1258;42628533
1259;42662049
1260;42695565
1261;42729081
1262;42762597
1263;42796113
1264;42829629
1265;42863145
1266;42896661
1267;42930177
1268;42963693
1269;42997209
1270;43030725
1271;43064241
1272;43097757
1273;43131273
1274;43164789
1275;43198305
1276;43231821
1277;43265337
1278;43298853
1279;43332369
1280;43365885
1281;43399401
1282;43432917
1283;43466433
1284;43499949
1285;43533465
1286;43566981
1287;43600497
1288;43634013
1289;43667529
1290;43701045
1291;43734561
1292;43768077
1293;43801593
1294;43835109
1295;43868625
1296;43902141
1297;43935657
1298;43969173
1299;44002689
1300;44036205
1301;44069721
1302;44103237
1303;44136753
1304;44170269
1305;44203785
1306;44237301
1307;44270817
1308;44304333
1309;44337849
1310;44371365
1311;44404881
1312;44438397
1313;44471913
1314;44505429
1315;44538945
1316;44572461
1317;44605977
1318;44639493
1319;44673009
1320;44706525
1321;44740041
1322;44773557
1323;44807073
1324;44840589
1325;44874105
1326;44907621
1327;44941137
1328;44974653
1329;45008169
1330;45041685
1331;45075201
1332;45108717
1333;45142233
1334;45175749
1335;45209265
1336;45242781
1337;45276297
1338;45309813
1339;45343329
1340;45376845
1341;45410361
1342;45443877
1343;45477393
1344;45510909
1345;45544425
1346;45577941
1347;45611457
1348;45644973
1349;45678489
1350;45712005
1351;45745521
1352;45779037
1353;45812553
1354;45846069
1355;45879585
1356;45913101
1357;45946617
1358;45980133
1359;46013649
1360;46047165
1361;46080681
1362;46114197
1363;46147713
1364;46181229
1365;46214745
1366;46248261
1367;46281777
1368;46315293
1369;46348809
1370;46382325
1371;46415841
1372;46449357
1373;46482873
1374;46516389
1375;46549905
1376;46583421
1377;46616937
1378;46650453
1379;46683969
1380;46717485
1381;46751001
1382;46784517
1383;46818033
1384;46851549
1385;46885065
1386;46918581
1387;46952097
1388;46985613
1389;47019129
1390;47052645
1391;47086161
1392;47119677
1393;47153193
1394;47186709
1395;47220225
1396;47253741
1397;47287257
1398;47320773
1399;47354289
1400;47387805
1401;47421321
1402;47454837
1403;47488353
1404;47521869
1405;47555385
1406;47588901
1407;47622417
1408;47655933
1409;47689449
1410;47722965
1411;47756481
1412;47789997
1413;47823513
1414;47857029
1415;47890545
1416;47924061
1417;47957577
1418;47991093
1419;48024609
1420;48058125
1421;48091641
1422;48125157
1423;48158673
1424;48192189
1425;48225705
1426;48259221
1427;48292737
1428;48326253
1429;48359769
1430;48393285
1431;48426801
1432;48460317
1433;48493833
1434;48527349
1435;48560865
1436;48594381
1437;48627897
1438;48661413
1439;48694929
1440;48728445
1441;48761961
1442;48795477
1443;48828993
1444;48862509
1445;48896025
1446;48929541
1447;48963057
1448;48996573
1449;49030089
1450;49063605
1451;49097121
1452;49130637
1453;49164153
1454;49197669
1455;49231185
1456;49264701
1457;49298217
1458;49331733
1459;49365249
1460;49398765
1461;49432281
1462;49465797
1463;49499313
1464;49532829
1465;49566345
1466;49599861
1467;49633377
1468;49666893
1469;49700409
1470;49733925
1471;49767441
1472;49800957
1473;49834473
1474;49867989
1475;49901505
1476;49935021
1477;49968537
1478;50002053
1479;50035569
1480;50069085
1481;50102601
1482;50136117
1483;50169633
1484;50203149
1485;50236665
1486;50270181
1487;50303697
1488;50337213
1489;50370729
1490;50404245
1491;50437761
1492;50471277
1493;50504793
1494;50538309
1495;50571825
1496;50605341
1497;50638857
1498;50672373
1499;50705889
1500;50739405
1501;50772921
1502;50806437
1503;50839953
1504;50873469
1505;50906985
1506;50940501
1507;50974017
1508;51007533
1509;51041049
1510;51074565
1511;51108081
1512;51141597
1513;51175113
1514;51208629
1515;51242145
1516;51275661
1517;51309177
1518;51342693
1519;51376209
1520;51409725
1521;51443241
1522;51476757
1523;51510273
1524;51543789
1525;51577305
1526;51610821
1527;51644337
1528;51677853
1529;51711369
1530;51744885
1531;51778401
1532;51811917
1533;51845433
1534;51878949
1535;51912465
1536;51945981
1537;51979497
1538;52013013
1539;52046529
1540;52080045
1541;52113561
1542;52147077
1543;52180593
1544;52214109
1545;52247625
1546;52281141
1547;52314657
1548;52348173
1549;52381689
1550;52415205
1551;52448721
1552;52482237
1553;52515753
1554;52549269
1555;52582785
1556;52616301
1557;52649817
1558;52683333
1559;52716849
1560;52750365
1561;52783881
1562;52817397
1563;52850913
1564;52884429
1565;52917945
1566;52951461
1567;52984977
1568;53018493
1569;53052009
1570;53085525
1571;53119041
1572;53152557
1573;53186073
1574;53219589
1575;53253105
1576;53286621
1577;53320137
1578;53353653
1579;53387169
1580;53420685
1581;53454201
1582;53487717
1583;53521233
1584;53554749
1585;53588265
1586;53621781
1587;53655297
1588;53688813
1589;53722329
1590;53755845
1591;53789361
1592;53822877
1593;53856393
1594;53889909
1595;53923425
1596;53956941
1597;53990457
1598;54023973
1599;54057489
1600;54091005
1601;54124521
1602;54158037
1603;54191553
1604;54225069
1605;54258585
1606;54292101
1607;54325617
1608;54359133
1609;54392649
1610;54426165
1611;54459681
1612;54493197
1613;54526713
1614;54560229
1615;54593745
1616;54627261
1617;54660777
1618;54694293
1619;54727809
1620;54761325
1621;54794841
1622;54828357
1623;54861873
1624;54895389
1625;54928905
1626;54962421
1627;54995937
1628;55029453
1629;55062969
1630;55096485
1631;55130001
1632;55163517
1633;55197033
1634;55230549
1635;55264065
1636;55297581
1637;55331097
1638;55364613
1639;55398129
1640;55431645
1641;55465161
1642;55498677
1643;55532193
1644;55565709
1645;55599225
1646;55632741
1647;55666257
1648;55699773
1649;55733289
1650;55766805
1651;55800321
1652;55833837
1653;55867353
1654;55900869
1655;55934385
1656;55967901
1657;56001417
1658;56034933
1659;56068449
1660;56101965
1661;56135481
1662;56168997
1663;56202513
1664;56236029
1665;56269545
1666;56303061
1667;56336577
1668;56370093
1669;56403609
1670;56437125
1671;56470641
1672;56504157
1673;56537673
1674;56571189
1675;56604705
1676;56638221
1677;56671737
1678;56705253
1679;56738769
1680;56772285
1681;56805801
1682;56839317
1683;56872833
1684;56906349
1685;56939865
1686;56973381
1687;57006897
1688;57040413
1689;57073929
1690;57107445
1691;57140961
1692;57174477
1693;57207993
1694;57241509
1695;57275025
1696;57308541
1697;57342057
1698;57375573
1699;57409089
1700;57442605
1701;57476121
1702;57509637
1703;57543153
1704;57576669
1705;57610185
1706;57643701
1707;57677217
1708;57710733
1709;57744249
1710;57777765
1711;57811281
1712;57844797
1713;57878313
1714;57911829
1715;57945345
1716;57978861
1717;58012377
1718;58045893
1719;58079409
1720;58112925
1721;58146441
1722;58179957
1723;58213473
1724;58246989
1725;58280505
1726;58314021
1727;58347537
1728;58381053
1729;58414569
1730;58448085
1731;58481601
1732;58515117
1733;58548633
1734;58582149
1735;58615665
1736;58649181
1737;58682697
1738;58716213
1739;58749729
1740;58783245
1741;58816761
1742;58850277
1743;58883793
1744;58917309
1745;58950825
1746;58984341
1747;59017857
1748;59051373
1749;59084889
1750;59118405
1751;59151921
1752;59185437
1753;59218953
1754;59252469
1755;59285985
1756;59319501
1757;59353017
1758;59386533
1759;59554113
1760;59587629
1761;59621145
1762;59654661
1763;59688177
1764;59721693
1765;59755209
1766;59788725
1767;59822241
1768;59855757
1769;59889273
1770;59922789
1771;59956305
1772;59989821
1773;60023337
1774;60056853
1775;60090369
1776;60123885
1777;60157401
1778;60190917
1779;60224433
1780;60257949
1781;60291465
1782;60324981
1783;60358497
1784;60392013
1785;60425529
1786;60459045
1787;60492561
1788;60526077
1789;60559593
1790;60593109
1791;60626625
1792;60660141
1793;60693657
1794;60727173
1795;60760689
1796;60794205
1797;60827721
1798;60861237
1799;60894753
1800;60928269
1801;60961785
1802;60995301
1803;61028817
1804;61062333
1805;61095849
1806;61129365
1807;61162881
1808;61196397
1809;61229913
1810;61263429
1811;61296945
1812;61330461
1813;61363977
1814;61397493
1815;61431009
1816;61464525
1817;61498041
1818;61531557
1819;61565073
1820;61598589
1821;61632105
1822;61665621
1823;61699137
1824;61732653
1825;61766169
1826;61799685
1827;61833201
1828;61866717
1829;61900233
1830;61933749
1831;61967265
1832;62000781
1833;62034297
1834;62067813
1835;62101329
1836;62134845
1837;62168361
1838;62201877
1839;62235393
1840;62268909
1841;62302425
1842;62335941
1843;62369457
1844;62402973
1845;62436489
1846;62470005
1847;62503521
1848;62537037
1849;62570553
1850;62604069
1851;62637585
1852;62671101
1853;62704617
1854;62738133
1855;62771649
1856;62805165
1857;62838681
1858;62872197
1859;62905713
1860;62939229
1861;62972745
1862;63006261
1863;63039777
1864;63073293
1865;63106809
1866;63140325
1867;63173841
1868;63207357
1869;63240873
1870;63274389
1871;63307905
1872;63341421
1873;63374937
1874;63408453
1875;63441969
1876;63475485
1877;63509001
1878;63542517
1879;63576033
1880;63609549
1881;63643065
1882;63676581
1883;63710097
1884;63743613
1885;63777129
1886;63810645
1887;63844161
1888;63877677
1889;63911193
1890;63944709
1891;63978225
1892;64011741
1893;64045257
1894;64078773
1895;64112289
1896;64145805
1897;64179321
1898;64212837
1899;64246353
1900;64279869
1901;64313385
1902;64346901
1903;64380417
1904;64413933
1905;64447449
1906;64480965
1907;64514481
1908;64547997
1909;64581513
1910;64615029
1911;64648545
1912;64682061
1913;64715577
1914;64749093
1915;64782609
1916;64816125
1917;64849641
1918;64883157
1919;64916673
1920;64950189
1921;64983705
1922;65017221
1923;65050737
1924;65084253
1925;65117769
1926;65151285
1927;65184801
1928;65218317
1929;65251833
1930;65285349
1931;65318865
1932;65352381
1933;65385897
1934;65419413
1935;65452929
1936;65486445
1937;65519961
1938;65553477
1939;65586993
1940;65620509
1941;65654025
1942;65687541
1943;65721057
1944;65754573
1945;65788089
1946;65821605
1947;65855121
1948;65888637
1949;65922153
1950;65955669
1951;65989185
1952;66022701
1953;66056217
1954;66089733
1955;66123249
1956;66156765
1957;66190281
1958;66223797
1959;66257313
1960;66290829
1961;66324345
1962;66357861
1963;66391377
1964;66424893
1965;66458409
1966;66491925
1967;66525441
1968;66558957
1969;66592473
1970;66625989
1971;66659505
1972;66693021
1973;66726537
1974;66760053
1975;66793569
1976;66827085
1977;66860601
1978;66894117
1979;66927633
1980;66961149
1981;66994665
1982;67028181
1983;67061697
1984;67095213
1985;67128729
1986;67162245
1987;67195761
1988;67229277
1989;67262793
1990;67296309
1991;67329825
1992;67363341
1993;67396857
1994;67430373
1995;67463889
1996;67497405
1997;67530921
1998;67564437
1999;67597953
2000;67631469
2001;67664985
2002;67698501
2003;67732017
2004;67765533
2005;67799049
2006;67832565
2007;67866081
2008;67899597
2009;67933113
2010;67966629
2011;68000145
2012;68033661
2013;68067177
2014;68100693
2015;68134209
2016;68167725
2017;68201241
2018;68234757
2019;68268273
2020;68301789
2021;68335305
