1;0
2;63213
3;96729
4;130245
5;163761
6;197277
7;230793
8;264309
9;297825
10;331341
11;364857
12;398373
13;431889
14;465405
15;498921
16;532437
17;565953
18;599469
19;632985
20;666501
21;700017
22;733533
23;767049
24;800565
25;834081
26;867597
27;901113
28;934629
29;968145
30;1001661
31;1035177
32;1068693
33;1102209
34;1135725
35;1169241
36;1202757
37;1236273
38;1269789
39;1303305
40;1336821
41;1370337
42;1403853
43;1437369
44;1470885
45;1504401
46;1537917
47;1571433
48;1604949
49;1638465
50;1671981
51;1705497
52;1739013
53;1772529
54;1806045
55;1839561
56;1873077
57;1906593
58;1940109
59;1973625
60;2007141
61;2040657
62;2074173
63;2107689
64;2141205
65;2174721
66;2208237
67;2241753
68;2275269
69;2308785
70;2342301
71;2375817
72;2409333
73;2442849
74;2476365
75;2509881
76;2543397
77;2576913
78;2610429
79;2643945
80;2677461
81;2710977
82;2744493
83;2778009
84;2811525
85;2845041
86;2878557
87;2912073
88;2945589
89;2979105
90;3012621
91;3046137
92;3079653
93;3113169
94;3146685
95;3180201
96;3213717
97;3247233
98;3280749
99;3314265
100;3347781
101;3381297
102;3414813
103;3448329
104;3481845
105;3515361
106;3548877
107;3582393
108;3615909
109;3649425
110;3682941
111;3716457
112;3749973
113;3783489
114;3817005
115;3850521
116;3884037
117;3917553
118;3951069
119;3984585
120;4018101
121;4051617
122;4085133
123;4118649
124;4152165
125;4185681
126;4219197
127;4252713
128;4286229
129;4319745
130;4353261
131;4386777
132;4420293
133;4453809
134;4487325
135;4520841
136;4554357
137;4587873
138;4621389
139;4654905
140;4688421
141;4721937
142;4755453
143;4788969
144;4822485
145;4856001
146;4889517
147;4923033
148;4956549
149;4990065
150;5023581
151;5057097
152;5090613
153;5124129
154;5157645
155;5191161
156;5224677
157;5258193
158;5291709
159;5325225
160;5358741
161;5392257
162;5425773
163;5459289
164;5492805
165;5526321
166;5559837
167;5593353
168;5626869
169;5660385
170;5693901
171;5727417
172;5760933
173;5794449
174;5827965
175;5861481
176;5894997
177;5928513
178;5962029
179;5995545
180;6029061
181;6062577
182;6096093
183;6129609
184;6163125
185;6196641
186;6230157
187;6263673
188;6297189
189;6330705
190;6364221
191;6397737
192;6431253
193;6464769
194;6498285
195;6531801
196;6565317
197;6598833
198;6632349
199;6665865
200;6699381
201;6732897
202;6766413
203;6799929
204;6833445
205;6866961
206;6900477
207;6933993
208;6967509
209;7001025
210;7034541
211;7068057
212;7101573
213;7135089
214;7168605
215;7202121
216;7235637
217;7269153
218;7302669
219;7336185
220;7369701
221;7403217
222;7436733
223;7470249
224;7503765
225;7537281
226;7570797
227;7604313
228;7637829
229;7671345
230;7704861
231;7738377
232;7771893
233;7805409
234;7838925
235;7872441
236;7905957
237;7939473
238;7972989
239;8006505
240;8040021
241;8073537
242;8107053
243;8140569
244;8174085
245;8207601
246;8241117
247;8274633
248;8308149
249;8341665
250;8375181
251;8408697
252;8442213
253;8475729
254;8509245
255;8542761
256;8576277
257;8609793
258;8643309
259;8676825
260;8710341
261;8743857
262;8777373
263;8810889
264;8844405
265;8877921
266;8911437
267;8944953
268;8978469
269;9011985
270;9045501
271;9079017
272;9112533
273;9146049
274;9179565
275;9213081
276;9246597
277;9280113
278;9313629
279;9347145
280;9380661
281;9414177
282;9447693
283;9481209
284;9514725
285;9548241
286;9581757
287;9615273
288;9648789
289;9682305
290;9715821
291;9749337
292;9782853
293;9816369
294;9849885
295;9883401
296;9916917
297;9950433
298;9983949
299;10017465
300;10050981
301;10084497
302;10118013
303;10151529
304;10185045
305;10218561
306;10252077
307;10285593
308;10319109
309;10352625
310;10386141
311;10419657
312;10453173
313;10486689
314;10520205
315;10553721
316;10587237
317;10620753
318;10654269
319;10687785
320;10721301
321;10754817
322;10788333
323;10821849
324;10855365
325;10888881
326;10922397
327;10955913
328;10989429
329;11022945
330;11056461
331;11089977
332;11123493
333;11157009
334;11190525
335;11224041
336;11257557
337;11291073
338;11324589
339;11358105
340;11391621
341;11425137
342;11458653
343;11492169
344;11525685
345;11559201
346;11592717
347;11626233
348;11659749
349;11693265
350;11726781
351;11760297
352;11793813
353;11827329
354;11860845
355;11894361
356;11927877
357;11961393
358;11994909
359;12028425
360;12061941
361;12095457
362;12128973
363;12162489
364;12196005
365;12229521
366;12263037
367;12296553
368;12330069
369;12363585
370;12397101
371;12430617
372;12464133
373;12497649
374;12531165
375;12564681
376;12598197
377;12631713
378;12665229
379;12698745
380;12732261
381;12765777
382;12799293
383;12832809
384;12866325
385;12899841
386;12933357
387;12966873
388;13000389
389;13033905
390;13067421
391;13100937
392;13134453
393;13167969
394;13201485
395;13235001
396;13268517
397;13302033
398;13335549
399;13369065
400;13402581
401;13436097
402;13469613
403;13503129
404;13536645
405;13570161
406;13603677
407;13637193
408;13670709
409;13704225
410;13737741
411;13771257
412;13804773
413;13838289
414;13871805
415;13905321
416;13938837
417;13972353
418;14005869
419;14039385
420;14072901
421;14106417
422;14139933
423;14173449
424;14206965
425;14240481
426;14273997
427;14307513
428;14341029
429;14374545
430;14408061
431;14441577
432;14475093
433;14508609
434;14542125
435;14575641
436;14609157
437;14642673
438;14676189
439;14709705
440;14743221
441;14776737
442;14810253
443;14843769
444;14877285
445;14910801
446;14944317
447;14977833
448;15011349
449;15044865
450;15078381
451;15111897
452;15145413
453;15178929
454;15212445
455;15245961
456;15279477
457;15312993
458;15346509
459;15380025
460;15413541
461;15447057
462;15480573
463;15514089
464;15547605
465;15581121
466;15614637
467;15648153
468;15681669
469;15715185
470;15748701
471;15782217
472;15815733
473;15849249
474;15882765
475;15916281
476;15949797
477;15983313
478;16016829
479;16050345
480;16083861
481;16117377
482;16150893
483;16184409
484;16217925
485;16251441
486;16284957
487;16318473
488;16351989
489;16385505
490;16419021
491;16452537
492;16486053
493;16519569
494;16553085
495;16586601
496;16620117
497;16653633
498;16687149
499;16720665
500;16754181
501;16787697
502;16821213
503;16854729
504;16888245
505;16921761
506;16955277
507;16988793
508;17022309
509;17055825
510;17089341
511;17122857
512;17156373
513;17189889
514;17223405
515;17256921
516;17290437
517;17323953
518;17357469
519;17390985
520;17424501
521;17458017
522;17491533
523;17525049
524;17558565
525;17592081
526;17625597
527;17659113
528;17692629
529;17726145
530;17759661
531;17793177
532;17826693
533;17860209
534;17893725
535;17927241
536;17960757
537;17994273
538;18027789
539;18061305
540;18094821
541;18128337
542;18161853
543;18195369
544;18228885
545;18262401
546;18295917
547;18329433
548;18362949
549;18396465
550;18429981
551;18463497
552;18497013
553;18530529
554;18564045
555;18597561
556;18631077
557;18664593
558;18698109
559;18731625
560;18765141
561;18798657
562;18832173
563;18865689
564;18899205
565;18932721
566;18966237
567;18999753
568;19033269
569;19066785
570;19100301
571;19133817
572;19167333
573;19200849
574;19234365
575;19267881
576;19301397
577;19334913
578;19368429
579;19401945
580;19435461
581;19468977
582;19502493
583;19536009
584;19569525
585;19603041
586;19636557
587;19670073
588;19703589
589;19737105
590;19770621
591;19804137
592;19837653
593;19871169
594;19904685
595;19938201
596;19971717
597;20005233
598;20038749
599;20072265
600;20105781
601;20139297
602;20172813
603;20206329
604;20239845
605;20273361
606;20306877
607;20340393
608;20373909
609;20407425
610;20440941
611;20474457
612;20507973
613;20541489
614;20575005
615;20608521
616;20642037
617;20675553
618;20709069
619;20742585
620;20776101
621;20809617
622;20843133
623;20876649
624;20910165
625;20943681
626;20977197
627;21010713
628;21044229
629;21077745
630;21111261
631;21144777
632;21178293
633;21211809
634;21245325
635;21278841
636;21312357
637;21345873
638;21379389
639;21412905
640;21446421
641;21479937
642;21513453
643;21546969
644;21580485
645;21614001
646;21647517
647;21681033
648;21714549
649;21748065
650;21781581
651;21815097
652;21848613
653;21882129
654;21915645
655;21949161
656;21982677
657;22016193
658;22049709
659;22083225
660;22116741
661;22150257
662;22183773
663;22217289
664;22250805
665;22284321
666;22317837
667;22351353
668;22384869
669;22418385
670;22451901
671;22485417
672;22518933
673;22552449
674;22585965
675;22619481
676;22652997
677;22686513
678;22720029
679;22753545
680;22787061
681;22820577
682;22854093
683;22887609
684;22921125
685;22954641
686;22988157
687;23021673
688;23055189
689;23088705
690;23122221
691;23155737
692;23189253
693;23222769
694;23256285
695;23289801
696;23323317
697;23356833
698;23390349
699;23423865
700;23457381
701;23490897
702;23524413
703;23557929
704;23591445
705;23624961
706;23658477
707;23691993
708;23725509
709;23759025
710;23792541
711;23826057
712;23859573
713;23893089
714;23926605
715;23960121
716;23993637
717;24027153
718;24060669
719;24094185
720;24127701
721;24161217
722;24194733
723;24228249
724;24261765
725;24295281
726;24328797
727;24362313
728;24395829
729;24429345
730;24462861
731;24496377
732;24529893
733;24563409
734;24596925
735;24630441
736;24663957
737;24697473
738;24730989
739;24764505
740;24798021
741;24831537
742;24865053
743;24898569
744;24932085
745;24965601
746;24999117
747;25032633
748;25066149
749;25099665
750;25133181
751;25166697
752;25200213
753;25233729
754;25267245
755;25300761
756;25334277
757;25367793
758;25401309
759;25434825
760;25468341
761;25501857
762;25535373
763;25568889
764;25602405
765;25635921
766;25669437
767;25702953
768;25736469
769;25769985
770;25803501
771;25837017
772;25870533
773;25904049
774;25937565
775;25971081
776;26004597
777;26038113
778;26071629
779;26105145
780;26138661
781;26172177
782;26205693
783;26239209
784;26272725
785;26306241
786;26339757
787;26373273
788;26406789
789;26440305
790;26473821
791;26507337
792;26540853
793;26574369
794;26607885
795;26641401
796;26674917
797;26708433
798;26741949
799;26775465
800;26808981
801;26842497
802;26876013
803;26909529
804;26943045
805;26976561
806;27010077
807;27043593
808;27077109
809;27110625
810;27144141
811;27177657
812;27211173
813;27244689
814;27278205
815;27311721
816;27345237
817;27378753
818;27412269
819;27445785
820;27479301
821;27512817
822;27546333
823;27579849
824;27613365
825;27646881
826;27680397
827;27713913
828;27747429
829;27780945
830;27814461
831;27847977
832;27881493
833;27915009
834;27948525
835;27982041
836;28015557
837;28049073
838;28082589
839;28116105
840;28149621
841;28183137
842;28216653
843;28250169
844;28283685
845;28317201
846;28350717
847;28384233
848;28417749
849;28451265
850;28551813
851;28585329
852;28618845
853;28652361
854;28685877
855;28719393
856;28752909
857;28786425
858;28819941
859;28853457
860;28886973
861;28920489
862;28954005
863;28987521
864;29021037
865;29054553
866;29088069
867;29121585
868;29155101
869;29188617
870;29222133
871;29255649
872;29289165
873;29322681
874;29356197
875;29389713
876;29423229
877;29456745
878;29490261
879;29523777
880;29557293
881;29590809
882;29624325
883;29657841
884;29691357
885;29724873
886;29758389
887;29791905
888;29825421
889;29858937
890;29892453
891;29925969
892;29959485
893;29993001
894;30026517
895;30060033
896;30093549
897;30127065
898;30160581
899;30194097
900;30227613
901;30261129
902;30294645
903;30328161
904;30361677
905;30395193
906;30428709
907;30462225
908;30495741
909;30529257
910;30562773
911;30596289
912;30629805
913;30663321
914;30696837
915;30730353
916;30763869
917;30797385
918;30830901
919;30864417
920;30897933
921;30931449
922;30964965
923;30998481
924;31031997
925;31065513
926;31099029
927;31132545
928;31166061
929;31199577
930;31233093
931;31266609
932;31300125
933;31333641
934;31367157
935;31400673
936;31434189
937;31467705
938;31501221
939;31534737
940;31568253
941;31601769
942;31635285
943;31668801
944;31702317
945;31735833
946;31769349
947;31802865
948;31836381
949;31869897
950;31903413
951;31936929
952;31970445
953;32003961
954;32037477
955;32070993
956;32104509
957;32138025
958;32171541
959;32205057
960;32238573
961;32272089
962;32305605
963;32339121
964;32372637
965;32406153
966;32439669
967;32473185
968;32506701
969;32540217
970;32573733
971;32607249
972;32640765
973;32674281
974;32707797
975;32741313
976;32774829
977;32808345
978;32841861
979;32875377
980;32908893
981;32942409
982;32975925
983;33009441
984;33042957
985;33076473
986;33109989
987;33143505
988;33177021
989;33210537
990;33244053
991;33277569
992;33311085
993;33344601
994;33378117
995;33411633
996;33445149
997;33478665
998;33512181
999;33545697
1000;33579213
1001;33612729
1002;33646245
1003;33679761
1004;33713277
1005;33746793
1006;33780309
1007;33813825
1008;33847341
1009;33880857
1010;33914373
1011;33947889
1012;33981405
1013;34014921
1014;34048437
1015;34148985
1016;34182501
1017;34216017
1018;34249533
1019;34283049
1020;34316565
1021;34350081
1022;34383597
1023;34417113
1024;34450629
1025;34484145
1026;34517661
1027;34551177
1028;34584693
1029;34618209
1030;34651725
1031;34685241
1032;34718757
1033;34752273
1034;34785789
1035;34819305
1036;34852821
1037;34886337
1038;34919853
1039;34953369
1040;34986885
1041;35020401
1042;35053917
1043;35087433
1044;35120949
1045;35154465
1046;35187981
1047;35221497
1048;35255013
1049;35288529
1050;35322045
1051;35355561
1052;35389077
1053;35422593
1054;35456109
1055;35489625
1056;35523141
1057;35556657
1058;35590173
1059;35623689
1060;35657205
1061;35690721
1062;35724237
1063;35757753
1064;35791269
1065;35824785
1066;35858301
1067;35891817
1068;35925333
1069;35958849
1070;35992365
1071;36025881
1072;36059397
1073;36092913
1074;36126429
1075;36159945
1076;36193461
1077;36226977
1078;36260493
1079;36294009
1080;36327525
1081;36361041
1082;36394557
1083;36428073
1084;36461589
1085;36495105
1086;36528621
1087;36562137
1088;36595653
1089;36629169
1090;36662685
1091;36696201
1092;36729717
1093;36763233
1094;36796749
1095;36830265
1096;36964329
1097;36997845
1098;37031361
1099;37064877
1100;37098393
1101;37131909
1102;37165425
1103;37198941
1104;37232457
1105;37265973
1106;37299489
1107;37333005
1108;37366521
1109;37400037
1110;37433553
1111;37467069
1112;37500585
1113;37534101
1114;37567617
1115;37601133
1116;37634649
1117;37668165
1118;37701681
1119;37735197
1120;37768713
1121;37802229
1122;37835745
1123;37869261
1124;37902777
1125;37936293
1126;37969809
1127;38003325
1128;38036841
1129;38070357
1130;38103873
1131;38137389
1132;38170905
1133;38204421
1134;38237937
1135;38271453
1136;38304969
1137;38338485
1138;38372001
1139;38405517
1140;38439033
1141;38472549
1142;38506065
1143;38539581
1144;38573097
1145;38606613
1146;38640129
1147;38673645
1148;38707161
1149;38740677
1150;38774193
1151;38807709
1152;38841225
1153;38874741
1154;38908257
1155;38941773
1156;38975289
1157;39008805
1158;39042321
1159;39075837
1160;39109353
1161;39142869
1162;39176385
1163;39209901
1164;39243417
1165;39276933
1166;39310449
1167;39343965
1168;39377481
1169;39410997
1170;39444513
1171;39478029
1172;39511545
1173;39545061
1174;39578577
1175;39612093
1176;39645609
1177;39679125
1178;39712641
1179;39746157
1180;39779673
1181;39813189
1182;39846705
1183;39880221
1184;39913737
1185;39947253
1186;39980769
1187;40014285
1188;40047801
1189;40081317
1190;40114833
1191;40148349
1192;40181865
1193;40215381
1194;40248897
1195;40282413
1196;40315929
1197;40349445
1198;40382961
1199;40416477
1200;40449993
1201;40483509
1202;40517025
1203;40550541
1204;40584057
1205;40617573
1206;40651089
1207;40684605
1208;40718121
1209;40751637
1210;40785153
1211;40818669
1212;40852185
1213;40885701
1214;40919217
1215;40952733
1216;40986249
1217;41019765
1218;41053281
1219;41086797
1220;41120313
1221;41153829
1222;41187345
1223;41220861
1224;41254377
1225;41287893
1226;41321409
1227;41354925
1228;41388441
1229;41421957
1230;41455473
1231;41488989
1232;41522505
1233;41556021
1234;41589537
1235;41623053
1236;41656569
1237;41690085
1238;41723601
1239;41757117
1240;41790633
1241;41824149
1242;41857665
1243;41891181
1244;41924697
1245;41958213
1246;41991729
1247;42025245
1248;42058761
1249;42092277
1250;42125793
1251;42159309
1252;42192825
1253;42226341
1254;42259857
1255;42293373
1256;42326889
1257;42360405
1258;42393921
1259;42427437
1260;42460953
1261;42494469
1262;42527985
1263;42561501
1264;42595017
1265;42628533
1266;42662049
1267;42695565
1268;42729081
1269;42762597
1270;42796113
1271;42829629
1272;42863145
1273;42896661
1274;42930177
1275;42963693
1276;42997209
1277;43030725
1278;43064241
1279;43097757
1280;43131273
1281;43164789
1282;43198305
1283;43231821
1284;43265337
1285;43298853
1286;43332369
1287;43365885
1288;43399401
1289;43432917
1290;43466433
1291;43499949
1292;43533465
1293;43566981
1294;43600497
1295;43634013
1296;43667529
1297;43701045
1298;43734561
1299;43768077
1300;43801593
1301;43835109
1302;43868625
1303;43902141
1304;43935657
1305;43969173
1306;44002689
1307;44036205
1308;44069721
1309;44103237
1310;44136753
1311;44170269
1312;44203785
1313;44237301
1314;44270817
1315;44304333
1316;44337849
1317;44371365
1318;44404881
1319;44438397
1320;44471913
1321;44505429
1322;44538945
1323;44572461
1324;44605977
1325;44639493
1326;44673009
1327;44706525
1328;44740041
1329;44773557
1330;44807073
1331;44840589
1332;44874105
1333;44907621
1334;44941137
1335;44974653
1336;45008169
1337;45041685
1338;45075201
1339;45108717
1340;45142233
1341;45175749
1342;45209265
1343;45242781
1344;45276297
1345;45309813
1346;45343329
1347;45376845
1348;45410361
1349;45443877
1350;45477393
1351;45510909
1352;45544425
1353;45577941
1354;45611457
1355;45644973
1356;45678489
1357;45712005
1358;45745521
1359;45779037
1360;45812553
1361;45846069
1362;45879585
1363;45913101
1364;45946617
1365;45980133
1366;46013649
1367;46047165
1368;46080681
1369;46114197
1370;46147713
1371;46181229
1372;46214745
1373;46248261
1374;46281777
1375;46315293
1376;46348809
1377;46382325
1378;46415841
1379;46449357
1380;46482873
1381;46516389
1382;46549905
1383;46583421
1384;46616937
1385;46650453
1386;46683969
1387;46717485
1388;46751001
1389;46784517
1390;46818033
1391;46851549
1392;46885065
1393;46918581
1394;46952097
1395;46985613
1396;47019129
1397;47052645
1398;47086161
1399;47119677
1400;47153193
1401;47186709
1402;47220225
1403;47253741
1404;47287257
1405;47320773
1406;47354289
1407;47387805
1408;47421321
1409;47454837
1410;47488353
1411;47521869
1412;47555385
1413;47588901
1414;47622417
1415;47655933
1416;47689449
1417;47722965
1418;47756481
1419;47789997
1420;47823513
1421;47857029
1422;47890545
1423;47924061
1424;47957577
1425;47991093
1426;48024609
1427;48058125
1428;48091641
1429;48125157
1430;48158673
1431;48192189
1432;48225705
1433;48259221
1434;48292737
1435;48326253
1436;48359769
1437;48393285
1438;48426801
1439;48460317
1440;48493833
1441;48527349
1442;48560865
1443;48594381
1444;48627897
1445;48661413
1446;48694929
1447;48728445
1448;48761961
1449;48795477
1450;48828993
1451;48862509
1452;48896025
1453;48929541
1454;48963057
1455;48996573
1456;49030089
1457;49063605
1458;49097121
1459;49130637
1460;49164153
1461;49197669
1462;49231185
1463;49264701
1464;49298217
1465;49331733
1466;49365249
1467;49398765
1468;49432281
1469;49465797
1470;49499313
1471;49532829
1472;49566345
1473;49599861
1474;49633377
1475;49666893
1476;49700409
1477;49733925
1478;49767441
1479;49800957
1480;49834473
1481;49867989
1482;49901505
1483;49935021
1484;49968537
1485;50002053
1486;50035569
1487;50069085
1488;50102601
1489;50136117
1490;50169633
1491;50203149
1492;50236665
1493;50270181
1494;50303697
1495;50337213
1496;50370729
1497;50404245
1498;50437761
1499;50471277
1500;50504793
1501;50538309
1502;50571825
1503;50605341
1504;50638857
1505;50672373
1506;50705889
1507;50739405
1508;50772921
1509;50806437
1510;50839953
1511;50873469
1512;50906985
1513;50940501
1514;50974017
1515;51007533
1516;51041049
1517;51074565
1518;51108081
1519;51141597
1520;51175113
1521;51208629
1522;51242145
1523;51275661
1524;51309177
1525;51342693
1526;51376209
1527;51409725
1528;51443241
1529;51476757
1530;51510273
1531;51543789
1532;51577305
1533;51610821
1534;51644337
1535;51677853
1536;51711369
1537;51744885
1538;51778401
1539;51811917
1540;51845433
1541;51878949
1542;51912465
1543;51945981
1544;51979497
1545;52013013
1546;52046529
1547;52080045
1548;52113561
1549;52147077
1550;52180593
1551;52214109
1552;52247625
1553;52281141
1554;52314657
1555;52348173
1556;52381689
1557;52415205
1558;52448721
1559;52482237
1560;52515753
1561;52549269
1562;52582785
1563;52616301
1564;52649817
1565;52683333
1566;52716849
1567;52750365
1568;52783881
1569;52817397
1570;52850913
1571;52884429
1572;52917945
1573;52951461
1574;52984977
1575;53018493
1576;53052009
1577;53085525
1578;53119041
1579;53152557
1580;53186073
1581;53219589
1582;53253105
1583;53286621
1584;53320137
1585;53353653
1586;53387169
1587;53420685
1588;53454201
1589;53487717
1590;53521233
1591;53554749
1592;53588265
1593;53621781
1594;53655297
1595;53688813
1596;53722329
1597;53755845
1598;53789361
1599;53822877
1600;53856393
1601;53889909
1602;53923425
1603;53956941
1604;53990457
1605;54023973
1606;54057489
1607;54091005
1608;54124521
1609;54158037
1610;54191553
1611;54225069
1612;54258585
1613;54292101
1614;54325617
1615;54359133
1616;54392649
1617;54426165
1618;54459681
1619;54493197
1620;54526713
1621;54560229
1622;54593745
1623;54627261
1624;54660777
1625;54694293
1626;54727809
1627;54761325
1628;54794841
1629;54828357
1630;54861873
1631;54895389
1632;54928905
1633;54962421
1634;54995937
1635;55029453
1636;55062969
1637;55096485
1638;55130001
1639;55163517
1640;55197033
1641;55230549
1642;55264065
1643;55297581
1644;55331097
1645;55364613
1646;55398129
1647;55431645
1648;55465161
1649;55498677
1650;55532193
1651;55565709
1652;55599225
1653;55632741
1654;55666257
1655;55699773
1656;55733289
1657;55766805
1658;55800321
1659;55833837
1660;55867353
1661;55900869
1662;55934385
1663;55967901
1664;56001417
1665;56034933
1666;56068449
1667;56101965
1668;56135481
1669;56168997
1670;56202513
1671;56236029
1672;56269545
1673;56303061
1674;56336577
1675;56370093
1676;56403609
1677;56437125
1678;56470641
1679;56504157
1680;56537673
1681;56571189
1682;56604705
1683;56638221
1684;56671737
1685;56705253
1686;56738769
1687;56772285
1688;56805801
1689;56839317
1690;56872833
1691;56906349
1692;56939865
1693;56973381
1694;57006897
1695;57040413
1696;57073929
1697;57107445
1698;57140961
1699;57174477
1700;57207993
1701;57241509
1702;57275025
1703;57308541
1704;57342057
1705;57375573
1706;57409089
1707;57442605
1708;57476121
1709;57509637
1710;57543153
1711;57576669
1712;57610185
1713;57643701
1714;57677217
1715;57710733
1716;57744249
1717;57777765
1718;57811281
1719;57844797
1720;57878313
1721;57911829
1722;57945345
1723;57978861
1724;58012377
1725;58045893
1726;58079409
1727;58112925
1728;58146441
1729;58179957
1730;58213473
1731;58246989
1732;58280505
1733;58314021
1734;58347537
1735;58381053
1736;58414569
1737;58448085
1738;58481601
1739;58515117
1740;58548633
1741;58582149
1742;58615665
1743;58649181
1744;58682697
1745;58716213
1746;58749729
1747;58783245
1748;58816761
1749;58850277
1750;58883793
1751;58917309
1752;58950825
1753;58984341
1754;59017857
1755;59051373
1756;59084889
1757;59118405
1758;59151921
1759;59185437
1760;59218953
1761;59252469
1762;59285985
1763;59319501
1764;59353017
1765;59386533
1766;59420049
1767;59453565
1768;59487081
1769;59520597
1770;59554113
1771;59587629
1772;59621145
1773;59654661
1774;59688177
1775;59721693
1776;59755209
1777;59788725
1778;59822241
1779;59855757
1780;59889273
1781;59922789
1782;59956305
1783;59989821
1784;60023337
1785;60056853
1786;60090369
1787;60123885
1788;60157401
1789;60190917
1790;60224433
1791;60257949
1792;60291465
1793;60324981
1794;60358497
1795;60392013
1796;60425529
1797;60459045
1798;60492561
1799;60526077
1800;60559593
1801;60593109
1802;60626625
1803;60660141
1804;60693657
1805;60727173
1806;60760689
1807;60794205
1808;60827721
1809;60861237
1810;60894753
1811;60928269
1812;60961785
1813;60995301
1814;61028817
1815;61062333
1816;61095849
1817;61129365
1818;61162881
1819;61196397
1820;61229913
1821;61263429
1822;61296945
1823;61330461
1824;61363977
1825;61397493
1826;61431009
1827;61464525
1828;61498041
1829;61531557
1830;61565073
1831;61598589
1832;61632105
1833;61665621
1834;61699137
1835;61732653
1836;61766169
1837;61799685
1838;61833201
1839;61866717
1840;61900233
1841;61933749
1842;61967265
1843;62000781
1844;62034297
1845;62067813
1846;62101329
1847;62134845
1848;62168361
1849;62201877
1850;62235393
1851;62268909
1852;62302425
1853;62335941
1854;62369457
1855;62402973
1856;62436489
1857;62470005
1858;62503521
1859;62537037
1860;62570553
1861;62604069
1862;62637585
1863;62671101
1864;62704617
1865;62738133
1866;62771649
1867;62805165
1868;62838681
1869;62872197
1870;62905713
1871;62939229
1872;62972745
1873;63006261
1874;63039777
1875;63073293
1876;63106809
1877;63140325
1878;63173841
1879;63207357
1880;63240873
1881;63274389
1882;63307905
1883;63341421
1884;63374937
1885;63408453
1886;63441969
1887;63475485
1888;63509001
1889;63542517
1890;63576033
1891;63609549
1892;63643065
1893;63676581
1894;63710097
1895;63743613
1896;63777129
1897;63810645
1898;63844161
1899;63877677
1900;63911193
1901;63944709
1902;63978225
1903;64011741
1904;64045257
1905;64078773
1906;64112289
1907;64145805
1908;64179321
1909;64212837
1910;64246353
1911;64279869
1912;64313385
1913;64346901
1914;64380417
1915;64413933
1916;64447449
1917;64480965
1918;64514481
1919;64547997
1920;64581513
1921;64615029
1922;64648545
1923;64682061
1924;64715577
1925;64749093
1926;64782609
1927;64816125
1928;64849641
1929;64883157
1930;64916673
1931;64950189
1932;64983705
1933;65017221
1934;65050737
1935;65084253
1936;65117769
1937;65151285
1938;65184801
1939;65218317
1940;65251833
1941;65285349
1942;65318865
1943;65352381
1944;65385897
1945;65419413
1946;65452929
1947;65486445
1948;65519961
1949;65553477
1950;65586993
1951;65620509
1952;65654025
1953;65687541
1954;65721057
1955;65754573
1956;65788089
1957;65821605
1958;65855121
1959;65888637
1960;65922153
1961;65955669
1962;65989185
1963;66022701
1964;66056217
1965;66089733
1966;66123249
1967;66156765
1968;66190281
1969;66223797
1970;66257313
1971;66290829
1972;66324345
1973;66357861
1974;66391377
1975;66424893
1976;66458409
1977;66491925
1978;66525441
1979;66558957
1980;66592473
1981;66625989
1982;66659505
1983;66693021
1984;66726537
1985;66760053
1986;66793569
1987;66827085
1988;66860601
1989;66894117
1990;66927633
1991;66961149
1992;66994665
1993;67028181
1994;67061697
1995;67095213
1996;67128729
1997;67162245
1998;67195761
1999;67229277
2000;67262793
2001;67296309
2002;67329825
2003;67363341
2004;67396857
2005;67430373
2006;67463889
2007;67497405
2008;67530921
2009;67564437
2010;67597953
2011;67631469
2012;67664985
2013;67698501
2014;67732017
2015;67765533
2016;67799049
2017;67832565
2018;67866081
2019;67899597
2020;67933113
2021;67966629
2022;68000145
2023;68033661
2024;68067177
2025;68100693
2026;68134209
2027;68167725
2028;68201241
2029;68234757
2030;68268273
2031;68301789
2032;68335305
2033;68368821
2034;68402337
2035;68435853
2036;68469369
2037;68502885
2038;68536401
2039;68569917
2040;68603433
2041;68636949
2042;68670465
2043;68703981
2044;68737497
2045;68771013
2046;68804529
2047;68838045
2048;68871561
2049;68905077
2050;68938593
2051;68972109
2052;69005625
2053;69039141
2054;69072657
2055;69106173
2056;69139689
2057;69173205
2058;69206721
2059;69240237
2060;69273753
2061;69307269
2062;69340785
2063;69374301
2064;69407817
2065;69441333
2066;69474849
2067;69508365
2068;69541881
2069;69575397
2070;69608913
2071;69642429
2072;69675945
2073;69709461
2074;69742977
2075;69776493
2076;69810009
2077;69843525
2078;69877041
2079;69910557
2080;69944073
2081;69977589
2082;70011105
2083;70044621
2084;70078137
2085;70111653
2086;70145169
2087;70178685
2088;70212201
2089;70245717
2090;70279233
2091;70312749
2092;70346265
2093;70379781
2094;70413297
2095;70446813
2096;70480329
2097;70513845
2098;70547361
2099;70580877
2100;70614393
2101;70647909
2102;70681425
2103;70714941
2104;70748457
2105;70781973
2106;70815489
2107;70849005
2108;70882521
2109;70916037
2110;70949553
2111;70983069
2112;71016585
2113;71050101
2114;71083617
2115;71117133
2116;71150649
2117;71184165
2118;71217681
2119;71251197
2120;71284713
2121;71318229
2122;71351745
2123;71385261
2124;71418777
2125;71452293
2126;71485809
2127;71519325
2128;71552841
2129;71586357
2130;71619873
2131;71653389
2132;71686905
2133;71720421
2134;71753937
2135;71787453
2136;71820969
2137;71854485
2138;71888001
2139;71921517
2140;71955033
2141;71988549
2142;72022065
2143;72055581
2144;72089097
2145;72122613
2146;72156129
2147;72189645
2148;72223161
2149;72256677
2150;72290193
2151;72323709
2152;72357225
2153;72390741
2154;72424257
2155;72457773
2156;72491289
2157;72524805
2158;72558321
2159;72591837
2160;72625353
2161;72658869
2162;72692385
2163;72725901
2164;72759417
2165;72792933
2166;72826449
2167;72859965
2168;72893481
2169;72926997
2170;72960513
2171;72994029
2172;73027545
2173;73061061
2174;73094577
2175;73128093
2176;73161609
2177;73195125
2178;73228641
2179;73262157
2180;73295673
2181;73329189
2182;73362705
2183;73396221
2184;73429737
2185;73463253
2186;73496769
2187;73530285
2188;73563801
2189;73597317
2190;73630833
2191;73664349
2192;73697865
2193;73731381
2194;73764897
2195;73798413
2196;73831929
2197;73865445
2198;73898961
2199;73932477
2200;73965993
2201;73999509
2202;74033025
2203;74066541
2204;74100057
2205;74133573
2206;74167089
2207;74200605
2208;74234121
2209;74267637
2210;74301153
2211;74334669
2212;74368185
2213;74401701
2214;74435217
2215;74468733
2216;74502249
2217;74535765
2218;74569281
2219;74602797
2220;74636313
2221;74669829
2222;74703345
2223;74736861
2224;74770377
2225;74803893
2226;74837409
2227;74870925
2228;74904441
2229;74937957
2230;74971473
2231;75004989
2232;75038505
2233;75072021
2234;75105537
2235;75139053
2236;75172569
2237;75206085
2238;75239601
2239;75273117
2240;75306633
2241;75340149
2242;75373665
2243;75407181
2244;75440697
2245;75474213
2246;75507729
2247;75541245
2248;75574761
2249;75608277
2250;75641793
2251;75675309
2252;75708825
2253;75742341
2254;75775857
2255;75809373
2256;75842889
2257;75876405
2258;75909921
2259;75943437
2260;75976953
2261;76010469
2262;76043985
2263;76077501
2264;76111017
2265;76144533
2266;76178049
2267;76211565
2268;76245081
2269;76278597
2270;76312113
2271;76345629
2272;76379145
2273;76412661
2274;76446177
2275;76479693
2276;76513209
2277;76546725
2278;76580241
2279;76613757
2280;76647273
2281;76680789
2282;76714305
2283;76747821
2284;76781337
2285;76814853
2286;76848369
2287;76881885
2288;76915401
2289;76948917
2290;76982433
2291;77015949
2292;77049465
2293;77082981
2294;77116497
2295;77150013
2296;77183529
2297;77217045
2298;77250561
2299;77284077
2300;77317593
2301;77351109
2302;77384625
2303;77418141
2304;77451657
2305;77485173
2306;77518689
2307;77552205
2308;77585721
2309;77619237
2310;77652753
2311;77686269
2312;77719785
2313;77753301
2314;77786817
2315;77820333
2316;77853849
2317;77887365
2318;77920881
2319;77954397
2320;77987913
2321;78021429
2322;78054945
2323;78088461
2324;78121977
2325;78155493
2326;78189009
2327;78222525
2328;78256041
2329;78289557
2330;78323073
2331;78356589
2332;78390105
2333;78423621
2334;78457137
2335;78490653
2336;78524169
2337;78557685
2338;78591201
2339;78624717
2340;78658233
2341;78691749
2342;78725265
2343;78758781
2344;78792297
2345;78825813
2346;78859329
2347;78892845
2348;78926361
2349;78959877
2350;78993393
2351;79093941
2352;79127457
2353;79160973
2354;79194489
2355;79228005
2356;79261521
2357;79295037
2358;79328553
2359;79362069
2360;79395585
2361;79429101
2362;79462617
2363;79496133
2364;79529649
2365;79563165
2366;79596681
2367;79630197
2368;79663713
2369;79697229
2370;79730745
2371;79764261
2372;79797777
2373;79831293
2374;79864809
2375;79898325
2376;79931841
2377;79965357
2378;79998873
2379;80032389
2380;80065905
2381;80099421
2382;80132937
2383;80166453
2384;80199969
2385;80233485
2386;80267001
2387;80300517
2388;80334033
2389;80367549
2390;80401065
2391;80434581
2392;80468097
2393;80501613
2394;80535129
2395;80568645
2396;80602161
2397;80635677
2398;80669193
2399;80702709
2400;80736225
2401;80769741
2402;80803257
2403;80836773
2404;80870289
2405;80903805
2406;80937321
2407;80970837
2408;81004353
2409;81037869
2410;81071385
2411;81104901
2412;81138417
2413;81171933
2414;81205449
2415;81238965
2416;81272481
2417;81305997
2418;81339513
2419;81373029
2420;81406545
2421;81440061
2422;81473577
2423;81507093
2424;81540609
2425;81574125
2426;81607641
2427;81641157
2428;81674673
2429;81708189
2430;81741705
2431;81775221
2432;81808737
2433;81842253
2434;81875769
2435;81909285
2436;81942801
2437;81976317
2438;82009833
2439;82043349
2440;82076865
2441;82110381
2442;82143897
2443;82177413
2444;82210929
2445;82244445
2446;82277961
2447;82311477
2448;82344993
2449;82378509
2450;82412025
2451;82445541
2452;82479057
2453;82512573
2454;82546089
2455;82579605
2456;82613121
2457;82646637
2458;82680153
2459;82713669
2460;82747185
2461;82780701
2462;82814217
2463;82847733
2464;82881249
2465;82914765
2466;82948281
2467;82981797
2468;83015313
2469;83048829
2470;83082345
2471;83115861
2472;83149377
2473;83182893
2474;83216409
2475;83249925
2476;83283441
2477;83316957
2478;83350473
2479;83383989
2480;83417505
2481;83451021
2482;83484537
2483;83518053
2484;83551569
2485;83585085
2486;83618601
2487;83652117
2488;83685633
2489;83719149
2490;83752665
2491;83786181
2492;83819697
2493;83853213
2494;83886729
2495;83920245
2496;83953761
2497;83987277
2498;84020793
2499;84054309
2500;84087825
2501;84121341
2502;84154857
2503;84188373
2504;84221889
2505;84255405
2506;84288921
2507;84322437
2508;84355953
2509;84389469
2510;84422985
2511;84456501
2512;84490017
2513;84523533
2514;84557049
2515;84590565
2516;84624081
2517;84657597
2518;84691113
2519;84724629
2520;84758145
2521;84791661
2522;84825177
2523;84858693
2524;84892209
2525;84925725
2526;84959241
2527;84992757
2528;85026273
2529;85059789
2530;85093305
2531;85126821
2532;85160337
2533;85193853
2534;85227369
2535;85260885
2536;85294401
2537;85327917
2538;85361433
2539;85394949
2540;85428465
2541;85461981
2542;85495497
2543;85529013
2544;85562529
2545;85596045
2546;85629561
2547;85663077
2548;85696593
2549;85730109
2550;85763625
2551;85797141
2552;85830657
2553;85864173
2554;85897689
2555;85931205
2556;85964721
2557;85998237
2558;86031753
2559;86065269
2560;86098785
2561;86132301
2562;86165817
2563;86199333
2564;86232849
2565;86266365
2566;86299881
2567;86333397
2568;86366913
2569;86400429
2570;86433945
2571;86467461
2572;86500977
2573;86534493
2574;86568009
2575;86601525
2576;86635041
2577;86668557
2578;86702073
2579;86735589
2580;86769105
2581;86802621
2582;86836137
2583;86869653
2584;86903169
2585;86936685
2586;86970201
2587;87003717
2588;87037233
2589;87070749
2590;87104265
2591;87137781
2592;87171297
2593;87204813
2594;87238329
2595;87271845
2596;87305361
2597;87338877
2598;87372393
2599;87405909
2600;87439425
2601;87472941
2602;87506457
2603;87539973
2604;87573489
2605;87607005
2606;87640521
2607;87674037
2608;87707553
2609;87741069
2610;87774585
2611;87808101
2612;87841617
2613;87875133
2614;87908649
2615;87942165
2616;87975681
2617;88009197
2618;88042713
2619;88076229
2620;88109745
2621;88143261
2622;88176777
2623;88210293
2624;88243809
2625;88277325
2626;88310841
2627;88344357
2628;88377873
2629;88411389
2630;88444905
2631;88478421
2632;88511937
2633;88545453
2634;88578969
2635;88612485
2636;88646001
2637;88679517
2638;88713033
2639;88746549
2640;88780065
2641;88813581
2642;88847097
2643;88880613
2644;88914129
2645;88947645
2646;88981161
2647;89014677
2648;89048193
2649;89081709
2650;89115225
2651;89148741
2652;89182257
2653;89215773
2654;89249289
2655;89282805
2656;89316321
2657;89349837
2658;89383353
2659;89416869
2660;89450385
2661;89483901
2662;89517417
2663;89550933
2664;89584449
2665;89617965
2666;89651481
2667;89684997
2668;89718513
2669;89752029
2670;89785545
2671;89819061
2672;89852577
2673;89886093
2674;89919609
2675;89953125
2676;89986641
2677;90020157
2678;90053673
2679;90087189
2680;90120705
2681;90154221
2682;90187737
2683;90221253
2684;90254769
2685;90288285
2686;90321801
2687;90355317
2688;90388833
2689;90422349
2690;90455865
2691;90489381
2692;90522897
2693;90556413
2694;90589929
2695;90623445
2696;90656961
2697;90690477
2698;90723993
2699;90757509
2700;90791025
2701;90824541
2702;90858057
2703;90891573
2704;90925089
2705;90958605
2706;90992121
2707;91025637
2708;91059153
2709;91092669
2710;91126185
2711;91159701
2712;91193217
2713;91226733
2714;91260249
2715;91293765
2716;91327281
2717;91360797
2718;91394313
2719;91427829
2720;91461345
2721;91494861
2722;91528377
2723;91561893
2724;91595409
2725;91628925
2726;91662441
2727;91695957
2728;91729473
2729;91762989
2730;91796505
2731;91830021
2732;91863537
2733;91897053
2734;91930569
2735;91964085
2736;91997601
2737;92031117
2738;92064633
2739;92098149
2740;92131665
2741;92165181
2742;92198697
2743;92232213
2744;92265729
2745;92299245
2746;92332761
2747;92366277
2748;92399793
2749;92433309
2750;92466825
2751;92500341
2752;92533857
2753;92567373
2754;92600889
2755;92634405
2756;92667921
2757;92701437
2758;92734953
2759;92768469
2760;92801985
2761;92835501
2762;92869017
2763;92902533
2764;92936049
2765;92969565
2766;93003081
2767;93036597
2768;93070113
2769;93103629
2770;93137145
2771;93170661
2772;93204177
2773;93237693
2774;93271209
2775;93304725
2776;93338241
2777;93371757
2778;93405273
2779;93438789
2780;93472305
2781;93505821
2782;93539337
2783;93572853
2784;93606369
2785;93639885
2786;93673401
2787;93706917
2788;93740433
2789;93773949
2790;93807465
2791;93840981
2792;93874497
2793;93908013
2794;93941529
2795;93975045
2796;94008561
2797;94042077
2798;94075593
2799;94109109
2800;94142625
2801;94176141
2802;94209657
2803;94243173
2804;94276689
2805;94310205
2806;94343721
2807;94377237
2808;94410753
2809;94444269
2810;94477785
2811;94511301
2812;94544817
2813;94578333
2814;94611849
2815;94645365
2816;94678881
2817;94712397
2818;94745913
2819;94779429
2820;94812945
2821;94846461
2822;94879977
2823;94913493
2824;94947009
2825;94980525
2826;95014041
2827;95047557
2828;95081073
2829;95114589
2830;95148105
2831;95181621
2832;95215137
2833;95248653
2834;95282169
2835;95315685
2836;95349201
2837;95382717
2838;95416233
2839;95449749
2840;95483265
2841;95516781
2842;95550297
2843;95583813
2844;95617329
2845;95650845
2846;95684361
2847;95717877
2848;95751393
2849;95784909
2850;95818425
2851;95851941
2852;95885457
2853;95918973
2854;95952489
2855;95986005
2856;96019521
2857;96053037
2858;96086553
2859;96120069
2860;96153585
2861;96187101
2862;96220617
2863;96254133
2864;96287649
2865;96321165
2866;96354681
2867;96388197
2868;96421713
2869;96455229
2870;96488745
2871;96522261
2872;96555777
2873;96589293
2874;96622809
2875;96656325
2876;96689841
2877;96723357
2878;96756873
2879;96790389
2880;96823905
2881;96857421
2882;96890937
2883;96924453
2884;96957969
2885;96991485
2886;97025001
2887;97058517
2888;97092033
2889;97125549
2890;97159065
2891;97192581
2892;97226097
2893;97259613
2894;97293129
2895;97326645
2896;97360161
2897;97393677
2898;97427193
2899;97460709
2900;97494225
2901;97527741
2902;97561257
2903;97594773
2904;97628289
2905;97661805
2906;97695321
2907;97728837
2908;97762353
2909;97795869
2910;97829385
2911;97862901
2912;97896417
2913;97929933
2914;97963449
2915;97996965
2916;98030481
2917;98063997
2918;98097513
2919;98131029
2920;98164545
2921;98198061
2922;98231577
2923;98265093
2924;98298609
2925;98332125
2926;98365641
2927;98399157
2928;98432673
2929;98466189
2930;98499705
2931;98533221
2932;98566737
2933;98600253
2934;98633769
2935;98667285
2936;98700801
2937;98734317
2938;98767833
2939;98801349
2940;98834865
2941;98868381
2942;98901897
2943;98935413
2944;98968929
2945;99002445
2946;99035961
2947;99069477
2948;99102993
2949;99136509
2950;99170025
2951;99203541
2952;99237057
2953;99270573
2954;99304089
2955;99337605
2956;99371121
2957;99404637
2958;99438153
2959;99471669
2960;99505185
2961;99538701
2962;99572217
2963;99605733
2964;99639249
2965;99672765
2966;99706281
2967;99739797
2968;99773313
2969;99806829
2970;99840345
2971;99873861
2972;99907377
2973;99940893
2974;99974409
2975;100007925
2976;100041441
2977;100074957
2978;100108473
2979;100141989
2980;100175505
2981;100209021
2982;100242537
2983;100276053
2984;100309569
2985;100343085
2986;100376601
2987;100410117
2988;100443633
2989;100477149
2990;100510665
2991;100544181
2992;100577697
2993;100611213
2994;100644729
2995;100678245
2996;100711761
2997;100745277
2998;100778793
2999;100812309
3000;100845825
3001;100879341
3002;100912857
3003;100946373
3004;100979889
3005;101013405
3006;101046921
3007;101080437
3008;101113953
3009;101147469
3010;101180985
3011;101214501
3012;101248017
3013;101281533
3014;101315049
3015;101348565
3016;101382081
3017;101415597
3018;101449113
3019;101482629
3020;101516145
3021;101549661
3022;101583177
3023;101616693
3024;101650209
3025;101683725
3026;101717241
3027;101750757
3028;101784273
3029;101817789
3030;101851305
3031;101884821
3032;101918337
3033;101951853
3034;101985369
3035;102018885
3036;102052401
3037;102085917
3038;102119433
3039;102152949
3040;102186465
3041;102219981
3042;102253497
3043;102287013
3044;102320529
3045;102354045
3046;102387561
3047;102421077
3048;102454593
3049;102488109
3050;102521625
3051;102555141
3052;102588657
3053;102622173
3054;102655689
3055;102689205
3056;102722721
3057;102756237
3058;102789753
3059;102823269
3060;102856785
3061;102890301
3062;102923817
3063;102957333
3064;102990849
3065;103024365
3066;103057881
3067;103091397
3068;103124913
3069;103158429
3070;103191945
3071;103225461
3072;103258977
3073;103292493
3074;103326009
3075;103359525
3076;103393041
3077;103426557
3078;103460073
3079;103493589
3080;103527105
3081;103560621
3082;103594137
3083;103627653
3084;103661169
3085;103694685
3086;103728201
3087;103761717
3088;103795233
3089;103828749
3090;103862265
3091;103895781
3092;103929297
3093;103962813
3094;103996329
3095;104029845
3096;104063361
3097;104096877
3098;104130393
3099;104163909
3100;104197425
3101;104230941
3102;104264457
3103;104297973
3104;104331489
3105;104365005
3106;104398521
3107;104432037
3108;104465553
3109;104499069
3110;104532585
3111;104566101
3112;104599617
3113;104633133
3114;104666649
3115;104700165
3116;104733681
3117;104767197
3118;104800713
3119;104834229
3120;104867745
3121;104901261
3122;104934777
3123;104968293
3124;105001809
3125;105035325
3126;105068841
3127;105102357
3128;105135873
3129;105169389
3130;105202905
3131;105236421
3132;105269937
3133;105303453
3134;105336969
3135;105370485
3136;105404001
3137;105437517
3138;105471033
3139;105504549
3140;105538065
3141;105571581
3142;105605097
3143;105638613
3144;105672129
3145;105705645
3146;105739161
3147;105772677
3148;105806193
3149;105839709
3150;105873225
3151;105906741
3152;105940257
3153;105973773
3154;106007289
3155;106040805
3156;106074321
3157;106107837
3158;106141353
3159;106174869
3160;106208385
3161;106241901
3162;106275417
3163;106308933
3164;106342449
3165;106375965
3166;106409481
3167;106442997
3168;106476513
3169;106510029
3170;106543545
3171;106577061
3172;106610577
3173;106644093
3174;106677609
3175;106711125
3176;106744641
3177;106778157
3178;106811673
3179;106845189
3180;106878705
3181;106912221
3182;106945737
3183;106979253
3184;107012769
3185;107046285
3186;107079801
3187;107113317
3188;107146833
3189;107180349
3190;107213865
3191;107247381
3192;107280897
3193;107314413
3194;107347929
3195;107381445
3196;107414961
3197;107448477
3198;107481993
3199;107515509
3200;107549025
3201;107582541
3202;107616057
3203;107649573
3204;107683089
3205;107716605
3206;107750121
3207;107783637
3208;107817153
3209;107850669
3210;107884185
3211;107917701
3212;107951217
3213;107984733
3214;108018249
3215;108051765
3216;108085281
3217;108118797
3218;108152313
3219;108185829
3220;108219345
3221;108252861
3222;108286377
3223;108319893
3224;108353409
3225;108386925
3226;108420441
3227;108453957
3228;108487473
3229;108520989
3230;108554505
3231;108588021
3232;108621537
3233;108655053
3234;108688569
3235;108722085
3236;108755601
3237;108789117
3238;108822633
3239;108856149
3240;108889665
3241;108923181
3242;108956697
3243;108990213
3244;109023729
3245;109057245
3246;109090761
3247;109124277
3248;109157793
3249;109191309
3250;109224825
3251;109258341
3252;109291857
3253;109325373
3254;109358889
3255;109392405
3256;109425921
3257;109459437
3258;109492953
3259;109526469
3260;109559985
3261;109593501
3262;109627017
3263;109660533
3264;109694049
3265;109727565
3266;109761081
3267;109794597
3268;109828113
3269;109861629
3270;109895145
3271;109928661
3272;109962177
3273;109995693
3274;110029209
3275;110062725
3276;110096241
3277;110129757
3278;110163273
3279;110196789
3280;110230305
3281;110263821
3282;110297337
3283;110330853
3284;110364369
3285;110397885
3286;110431401
3287;110464917
3288;110498433
3289;110531949
3290;110565465
3291;110598981
3292;110632497
3293;110666013
3294;110699529
3295;110733045
3296;110766561
3297;110800077
3298;110833593
3299;110867109
3300;110900625
3301;110934141
3302;110967657
3303;111001173
3304;111034689
3305;111068205
3306;111101721
3307;111135237
3308;111168753
3309;111202269
3310;111235785
3311;111269301
3312;111302817
3313;111336333
3314;111369849
3315;111403365
3316;111436881
3317;111470397
3318;111503913
3319;111537429
3320;111570945
3321;111604461
3322;111637977
3323;111671493
3324;111705009
3325;111738525
3326;111772041
3327;111805557
3328;111839073
3329;111872589
3330;111906105
3331;111939621
3332;111973137
3333;112006653
3334;112040169
3335;112073685
3336;112107201
3337;112140717
3338;112174233
3339;112207749
3340;112241265
3341;112274781
3342;112308297
3343;112341813
3344;112375329
3345;112408845
3346;112442361
3347;112475877
3348;112509393
3349;112542909
3350;112576425
3351;112609941
3352;112643457
3353;112676973
3354;112710489
3355;112744005
3356;112777521
3357;112811037
3358;112844553
3359;112878069
3360;112911585
3361;112945101
3362;112978617
3363;113012133
3364;113045649
3365;113079165
3366;113112681
3367;113146197
3368;113179713
3369;113213229
3370;113246745
3371;113280261
3372;113313777
3373;113347293
3374;113380809
3375;113414325
3376;113447841
3377;113481357
3378;113514873
3379;113548389
3380;113581905
3381;113615421
3382;113648937
3383;113682453
3384;113715969
3385;113749485
3386;113783001
3387;113816517
3388;113850033
3389;113883549
3390;113917065
3391;113950581
3392;113984097
3393;114017613
3394;114051129
3395;114084645
3396;114118161
3397;114151677
3398;114185193
3399;114218709
3400;114252225
3401;114285741
3402;114319257
3403;114352773
3404;114386289
3405;114419805
3406;114453321
3407;114486837
3408;114520353
3409;114553869
3410;114587385
3411;114620901
3412;114654417
3413;114687933
3414;114721449
3415;114754965
3416;114788481
3417;114821997
3418;114855513
3419;114889029
3420;114922545
3421;114956061
3422;114989577
3423;115023093
3424;115056609
3425;115090125
3426;115123641
3427;115157157
3428;115190673
3429;115224189
3430;115257705
3431;115291221
3432;115324737
3433;115358253
3434;115391769
3435;115425285
3436;115458801
3437;115492317
3438;115525833
3439;115559349
3440;115592865
3441;115626381
3442;115659897
3443;115693413
3444;115726929
3445;115760445
3446;115793961
3447;115827477
3448;115860993
3449;115894509
3450;115928025
3451;115961541
3452;115995057
3453;116028573
3454;116062089
3455;116095605
3456;116129121
3457;116229669
3458;116263185
3459;116296701
3460;116330217
3461;116363733
3462;116397249
3463;116430765
3464;116464281
3465;116497797
3466;116531313
3467;116564829
3468;116598345
3469;116631861
3470;116665377
3471;116698893
3472;116732409
3473;116765925
3474;116799441
