1;0
2;63212
3;96728
4;130244
5;163760
6;197276
7;230792
8;264308
9;297824
10;331340
11;364856
12;398372
13;431888
14;465404
15;498920
16;532436
17;565952
18;599468
19;632984
20;666500
21;700016
22;733532
23;767048
24;800564
25;834080
26;867596
27;901112
28;934628
29;968144
30;1001660
31;1035176
32;1068692
33;1102208
34;1135724
35;1169240
36;1202756
37;1236272
38;1269788
39;1303304
40;1336820
41;1370336
42;1403852
43;1437368
44;1470884
45;1504400
46;1537916
47;1571432
48;1604948
49;1638464
50;1671980
51;1705496
52;1739012
53;1772528
54;1806044
55;1839560
56;1873076
57;1906592
58;1940108
59;1973624
60;2007140
61;2040656
62;2074172
63;2107688
64;2141204
65;2174720
66;2208236
67;2241752
68;2275268
69;2308784
70;2342300
71;2375816
72;2409332
73;2442848
74;2476364
75;2509880
76;2543396
77;2576912
78;2610428
79;2643944
80;2677460
81;2710976
82;2744492
83;2778008
84;2811524
85;2845040
86;2878556
87;2912072
88;2945588
89;2979104
90;3012620
91;3046136
92;3079652
93;3113168
94;3146684
95;3180200
96;3213716
97;3247232
98;3280748
99;3314264
100;3347780
101;3381296
102;3414812
103;3448328
104;3481844
105;3515360
106;3548876
107;3582392
108;3615908
109;3649424
110;3682940
111;3716456
112;3749972
113;3783488
114;3817004
115;3850520
116;3884036
117;3917552
118;3951068
119;3984584
120;4018100
121;4051616
122;4085132
123;4118648
124;4152164
125;4185680
126;4219196
127;4252712
128;4286228
129;4319744
130;4353260
131;4386776
132;4420292
133;4453808
134;4487324
135;4520840
136;4554356
137;4587872
138;4621388
139;4654904
140;4688420
141;4721936
142;4755452
143;4788968
144;4822484
145;4856000
146;4889516
147;4923032
148;4956548
149;4990064
150;5023580
151;5057096
152;5090612
153;5124128
154;5157644
155;5191160
156;5224676
157;5258192
158;5291708
159;5325224
160;5358740
161;5392256
162;5425772
163;5459288
164;5492804
165;5526320
166;5559836
167;5593352
168;5626868
169;5660384
170;5693900
171;5727416
172;5760932
173;5794448
174;5827964
175;5861480
176;5894996
177;5928512
178;5962028
179;5995544
180;6029060
181;6062576
182;6096092
183;6129608
184;6163124
185;6196640
186;6230156
187;6263672
188;6297188
189;6330704
190;6364220
191;6397736
192;6431252
193;6464768
194;6498284
195;6531800
196;6565316
197;6598832
198;6632348
199;6665864
200;6699380
201;6732896
202;6766412
203;6799928
204;6833444
205;6866960
206;6900476
207;6933992
208;6967508
209;7001024
210;7034540
211;7068056
212;7101572
213;7135088
214;7168604
215;7202120
216;7235636
217;7269152
218;7302668
219;7336184
220;7369700
221;7403216
222;7436732
223;7470248
224;7503764
225;7537280
226;7570796
227;7604312
228;7637828
229;7671344
230;7704860
231;7738376
232;7771892
233;7805408
234;7838924
235;7872440
236;7905956
237;7939472
238;7972988
239;8006504
240;8040020
241;8073536
242;8107052
243;8140568
244;8174084
245;8207600
246;8241116
247;8274632
248;8308148
249;8341664
250;8375180
251;8408696
252;8442212
253;8475728
254;8509244
255;8542760
256;8576276
257;8609792
258;8643308
259;8676824
260;8710340
261;8743856
262;8777372
263;8810888
264;8844404
265;8877920
266;8911436
267;8944952
268;8978468
269;9011984
270;9045500
271;9079016
272;9112532
273;9146048
274;9179564
275;9213080
276;9246596
277;9280112
278;9313628
279;9347144
280;9380660
281;9414176
282;9447692
283;9481208
284;9514724
285;9548240
286;9581756
287;9615272
288;9648788
289;9682304
290;9715820
291;9749336
292;9782852
293;9816368
294;9849884
295;9883400
296;9916916
297;9950432
298;9983948
299;10017464
300;10050980
301;10084496
302;10118012
303;10151528
304;10185044
305;10218560
306;10252076
307;10285592
308;10319108
309;10352624
310;10386140
311;10419656
312;10453172
313;10486688
314;10520204
315;10553720
316;10587236
317;10620752
318;10654268
319;10687784
320;10721300
321;10754816
322;10788332
323;10821848
324;10855364
325;10888880
326;10922396
327;10955912
328;10989428
329;11022944
330;11056460
331;11089976
332;11123492
333;11157008
334;11190524
335;11224040
336;11257556
337;11291072
338;11324588
339;11358104
340;11391620
341;11425136
342;11458652
343;11492168
344;11525684
345;11559200
346;11592716
347;11626232
348;11659748
349;11693264
350;11726780
351;11760296
352;11793812
353;11827328
354;11860844
355;11894360
356;11927876
357;11961392
358;11994908
359;12028424
360;12061940
361;12095456
362;12128972
363;12162488
364;12196004
365;12229520
366;12263036
367;12296552
368;12330068
369;12363584
370;12397100
371;12430616
372;12464132
373;12497648
374;12531164
375;12564680
376;12598196
377;12631712
378;12665228
379;12698744
380;12732260
381;12765776
382;12799292
383;12832808
384;12866324
385;12899840
386;12933356
387;12966872
388;13000388
389;13033904
390;13067420
391;13100936
392;13134452
393;13167968
394;13201484
395;13235000
396;13268516
397;13302032
398;13335548
399;13369064
400;13402580
401;13436096
402;13469612
403;13503128
404;13536644
405;13570160
406;13603676
407;13637192
408;13670708
409;13704224
410;13737740
411;13771256
412;13804772
413;13838288
414;13871804
415;13905320
416;13938836
417;13972352
418;14005868
419;14039384
420;14072900
421;14106416
422;14139932
423;14173448
424;14206964
425;14240480
426;14273996
427;14307512
428;14341028
429;14374544
430;14408060
431;14441576
432;14475092
433;14508608
434;14542124
435;14575640
436;14609156
437;14642672
438;14676188
439;14709704
440;14743220
441;14776736
442;14810252
443;14843768
444;14877284
445;14910800
446;14944316
447;14977832
448;15011348
449;15044864
450;15078380
451;15111896
452;15145412
453;15178928
454;15212444
455;15245960
456;15279476
457;15312992
458;15346508
459;15380024
460;15413540
461;15447056
462;15480572
463;15514088
464;15547604
465;15581120
466;15614636
467;15648152
468;15681668
469;15715184
470;15748700
471;15782216
472;15815732
473;15849248
474;15882764
475;15916280
476;15949796
477;15983312
478;16016828
479;16050344
480;16083860
481;16117376
482;16150892
483;16184408
484;16217924
485;16251440
486;16284956
487;16318472
488;16351988
489;16385504
490;16419020
491;16452536
492;16486052
493;16519568
494;16553084
495;16586600
496;16620116
497;16653632
498;16687148
499;16720664
500;16754180
501;16787696
502;16821212
503;16854728
504;16888244
505;16921760
506;16955276
507;16988792
508;17022308
509;17055824
510;17089340
511;17122856
512;17156372
513;17189888
514;17223404
515;17256920
516;17290436
517;17323952
518;17357468
519;17390984
520;17424500
521;17458016
522;17491532
523;17525048
524;17558564
525;17592080
526;17625596
527;17659112
528;17692628
529;17726144
530;17759660
531;17793176
532;17826692
533;17860208
534;17893724
535;17927240
536;17960756
537;17994272
538;18027788
539;18061304
540;18094820
541;18128336
542;18161852
543;18195368
544;18228884
545;18262400
546;18295916
547;18329432
548;18362948
549;18396464
550;18429980
551;18463496
552;18497012
553;18530528
554;18564044
555;18597560
556;18631076
557;18664592
558;18698108
559;18731624
560;18765140
561;18798656
562;18832172
563;18865688
564;18899204
565;18932720
566;18966236
567;18999752
568;19033268
569;19066784
570;19100300
571;19133816
572;19167332
573;19200848
574;19234364
575;19267880
576;19301396
577;19334912
578;19368428
579;19401944
580;19435460
581;19468976
582;19502492
583;19536008
584;19569524
585;19603040
586;19636556
587;19670072
588;19703588
589;19737104
590;19770620
591;19804136
592;19837652
593;19871168
594;19904684
595;19938200
596;19971716
597;20005232
598;20038748
599;20072264
600;20105780
601;20139296
602;20172812
603;20206328
604;20239844
605;20273360
606;20306876
607;20340392
608;20373908
609;20407424
610;20440940
611;20474456
612;20507972
613;20541488
614;20575004
615;20608520
616;20642036
617;20675552
618;20709068
619;20742584
620;20776100
621;20809616
622;20843132
623;20876648
624;20910164
625;20943680
626;20977196
627;21010712
628;21044228
629;21077744
630;21111260
631;21144776
632;21178292
633;21211808
634;21245324
635;21278840
636;21312356
637;21345872
638;21379388
639;21412904
640;21446420
641;21479936
642;21513452
643;21546968
644;21580484
645;21614000
646;21647516
647;21681032
648;21714548
649;21748064
650;21781580
651;21815096
652;21848612
653;21882128
654;21915644
655;21949160
656;21982676
657;22016192
658;22049708
659;22083224
660;22116740
661;22150256
662;22183772
663;22217288
664;22250804
665;22284320
666;22317836
667;22351352
668;22384868
669;22418384
670;22451900
671;22485416
672;22518932
673;22552448
674;22585964
675;22619480
676;22652996
677;22686512
678;22720028
679;22753544
680;22787060
681;22820576
682;22854092
683;22887608
684;22921124
685;22954640
686;22988156
687;23021672
688;23055188
689;23088704
690;23122220
691;23155736
692;23189252
693;23222768
694;23256284
695;23289800
696;23323316
697;23356832
698;23390348
699;23423864
700;23457380
701;23490896
702;23524412
703;23557928
704;23591444
705;23624960
706;23658476
707;23691992
708;23725508
709;23759024
710;23792540
711;23826056
712;23859572
713;23893088
714;23926604
715;23960120
716;23993636
717;24027152
718;24060668
719;24094184
720;24127700
721;24161216
722;24194732
723;24228248
724;24261764
725;24295280
726;24328796
727;24362312
728;24395828
729;24429344
730;24462860
731;24496376
732;24529892
733;24563408
734;24596924
735;24630440
736;24663956
737;24697472
738;24730988
739;24764504
740;24798020
741;24831536
742;24865052
743;24898568
744;24932084
745;24965600
746;24999116
747;25032632
748;25066148
749;25099664
750;25133180
751;25166696
752;25200212
753;25233728
754;25267244
755;25300760
756;25334276
757;25367792
758;25401308
759;25434824
760;25468340
761;25501856
762;25535372
763;25568888
764;25602404
765;25635920
766;25669436
767;25702952
768;25736468
769;25769984
770;25803500
771;25837016
772;25870532
773;25904048
774;25937564
775;25971080
776;26004596
777;26038112
778;26071628
779;26105144
780;26138660
781;26172176
782;26205692
783;26239208
784;26272724
785;26306240
786;26339756
787;26373272
788;26406788
789;26440304
790;26473820
791;26507336
792;26540852
793;26574368
794;26607884
795;26641400
796;26674916
797;26708432
798;26741948
799;26775464
800;26808980
801;26842496
802;26876012
803;26909528
804;26943044
805;26976560
806;27010076
807;27043592
808;27077108
809;27110624
810;27144140
811;27177656
812;27211172
813;27244688
814;27278204
815;27311720
816;27345236
817;27378752
818;27412268
819;27445784
820;27479300
821;27512816
822;27546332
823;27579848
824;27613364
825;27646880
826;27680396
827;27713912
828;27747428
829;27780944
830;27814460
831;27847976
832;27881492
833;27915008
834;27948524
835;27982040
836;28015556
837;28049072
838;28082588
839;28116104
840;28149620
841;28183136
842;28216652
843;28250168
844;28283684
845;28317200
846;28350716
847;28384232
848;28417748
849;28451264
850;28484780
851;28518296
852;28551812
853;28585328
854;28618844
855;28652360
856;28685876
857;28719392
858;28752908
859;28786424
860;28819940
861;28853456
862;28886972
863;28920488
864;28954004
865;28987520
866;29021036
867;29054552
868;29088068
869;29121584
870;29155100
871;29188616
872;29222132
873;29255648
874;29289164
875;29322680
876;29356196
877;29389712
878;29423228
879;29456744
880;29490260
881;29523776
882;29557292
883;29590808
884;29624324
885;29657840
886;29691356
887;29724872
888;29758388
889;29791904
890;29825420
891;29858936
892;29892452
893;29925968
894;29959484
895;29993000
896;30026516
897;30060032
898;30093548
899;30127064
900;30160580
901;30194096
902;30227612
903;30261128
904;30294644
905;30328160
906;30361676
907;30395192
908;30428708
909;30462224
910;30495740
911;30529256
912;30562772
913;30596288
914;30629804
915;30663320
916;30696836
917;30730352
918;30763868
919;30797384
920;30830900
921;30864416
922;30897932
923;30931448
924;30964964
925;30998480
926;31031996
927;31065512
928;31099028
929;31132544
930;31166060
931;31199576
932;31233092
933;31266608
934;31300124
935;31333640
936;31367156
937;31400672
938;31434188
939;31467704
940;31501220
941;31534736
942;31568252
943;31601768
944;31635284
945;31668800
946;31702316
947;31735832
948;31769348
949;31802864
950;31836380
951;31869896
952;31903412
953;31936928
954;31970444
955;32003960
956;32037476
957;32070992
958;32104508
959;32138024
960;32171540
961;32205056
962;32238572
963;32272088
964;32305604
965;32339120
966;32372636
967;32406152
968;32439668
969;32473184
970;32506700
971;32540216
972;32573732
973;32607248
974;32640764
975;32674280
976;32707796
977;32741312
978;32774828
979;32808344
980;32841860
981;32875376
982;32908892
983;32942408
984;32975924
985;33009440
986;33042956
987;33076472
988;33109988
989;33143504
990;33177020
991;33210536
992;33244052
993;33277568
994;33311084
995;33344600
996;33378116
997;33411632
998;33445148
999;33478664
1000;33512180
1001;33545696
1002;33579212
1003;33612728
1004;33646244
1005;33679760
1006;33713276
1007;33746792
1008;33780308
1009;33813824
1010;33847340
1011;33880856
1012;33914372
1013;33947888
1014;33981404
1015;34014920
1016;34048436
1017;34081952
1018;34115468
1019;34148984
1020;34182500
1021;34216016
1022;34249532
1023;34283048
1024;34316564
1025;34350080
1026;34383596
1027;34417112
1028;34450628
1029;34484144
1030;34517660
1031;34551176
1032;34584692
1033;34618208
1034;34651724
1035;34685240
1036;34718756
1037;34752272
1038;34785788
1039;34819304
1040;34852820
1041;34953368
1042;34986884
1043;35020400
1044;35053916
1045;35087432
1046;35120948
1047;35154464
1048;35187980
1049;35221496
1050;35255012
1051;35288528
1052;35322044
1053;35355560
1054;35389076
1055;35422592
1056;35456108
1057;35489624
1058;35523140
1059;35556656
1060;35590172
1061;35623688
1062;35657204
1063;35690720
1064;35724236
1065;35757752
1066;35791268
1067;35824784
1068;35858300
1069;35891816
1070;35925332
1071;35958848
1072;35992364
1073;36025880
1074;36059396
1075;36092912
1076;36126428
1077;36159944
1078;36193460
1079;36226976
1080;36260492
1081;36294008
1082;36327524
1083;36361040
1084;36394556
1085;36428072
1086;36461588
1087;36495104
1088;36528620
1089;36562136
1090;36595652
1091;36629168
1092;36662684
1093;36696200
1094;36729716
1095;36763232
1096;36796748
1097;36830264
1098;36863780
1099;36897296
1100;36930812
1101;36964328
1102;36997844
1103;37031360
1104;37064876
1105;37098392
1106;37131908
1107;37165424
1108;37198940
1109;37232456
1110;37265972
1111;37299488
1112;37333004
1113;37366520
1114;37400036
1115;37433552
1116;37467068
1117;37500584
1118;37534100
1119;37567616
1120;37601132
1121;37634648
1122;37668164
1123;37701680
1124;37735196
1125;37768712
1126;37802228
1127;37835744
1128;37869260
1129;37902776
1130;37936292
1131;37969808
1132;38003324
1133;38036840
1134;38070356
1135;38103872
1136;38137388
1137;38170904
1138;38204420
1139;38237936
1140;38271452
1141;38304968
1142;38338484
1143;38372000
1144;38405516
1145;38439032
1146;38472548
1147;38506064
1148;38539580
1149;38573096
1150;38606612
1151;38640128
1152;38673644
1153;38707160
1154;38740676
1155;38774192
1156;38807708
1157;38841224
1158;38874740
1159;38908256
1160;38941772
1161;38975288
1162;39008804
1163;39042320
1164;39075836
1165;39109352
1166;39142868
1167;39176384
1168;39209900
1169;39243416
1170;39276932
1171;39310448
1172;39343964
1173;39377480
1174;39410996
1175;39444512
1176;39478028
1177;39511544
1178;39545060
1179;39578576
1180;39612092
1181;39645608
1182;39679124
1183;39712640
1184;39746156
1185;39779672
1186;39813188
1187;39846704
1188;39880220
1189;39913736
1190;39947252
1191;39980768
1192;40014284
1193;40047800
1194;40081316
1195;40114832
1196;40148348
1197;40181864
1198;40215380
1199;40248896
1200;40282412
1201;40315928
1202;40349444
1203;40382960
1204;40416476
1205;40449992
1206;40483508
1207;40517024
1208;40550540
1209;40584056
1210;40617572
1211;40651088
1212;40684604
1213;40718120
1214;40751636
1215;40785152
1216;40818668
1217;40852184
1218;40885700
1219;40919216
1220;40952732
1221;40986248
1222;41019764
1223;41053280
1224;41086796
1225;41120312
1226;41153828
1227;41187344
1228;41220860
1229;41254376
1230;41287892
1231;41321408
1232;41354924
1233;41388440
1234;41421956
1235;41455472
1236;41488988
1237;41522504
1238;41556020
1239;41589536
1240;41623052
1241;41656568
1242;41690084
1243;41723600
1244;41757116
1245;41790632
1246;41824148
1247;41857664
1248;41891180
1249;41924696
1250;41958212
1251;41991728
1252;42025244
1253;42058760
1254;42092276
1255;42125792
1256;42159308
1257;42192824
1258;42226340
1259;42259856
1260;42293372
1261;42326888
1262;42360404
1263;42393920
1264;42427436
1265;42460952
1266;42494468
1267;42527984
1268;42561500
1269;42595016
1270;42628532
1271;42662048
1272;42695564
1273;42729080
1274;42762596
1275;42796112
1276;42829628
1277;42863144
1278;42896660
1279;42930176
1280;42963692
1281;42997208
1282;43030724
1283;43064240
1284;43097756
1285;43131272
1286;43164788
1287;43198304
1288;43231820
1289;43265336
1290;43298852
1291;43332368
1292;43365884
1293;43399400
1294;43432916
1295;43466432
1296;43499948
1297;43533464
1298;43566980
1299;43600496
1300;43634012
1301;43667528
1302;43701044
1303;43734560
1304;43768076
1305;43801592
1306;43835108
1307;43868624
1308;43902140
1309;43935656
1310;43969172
1311;44002688
1312;44036204
1313;44069720
1314;44103236
1315;44136752
1316;44170268
1317;44203784
1318;44237300
1319;44270816
1320;44304332
1321;44337848
1322;44371364
1323;44404880
1324;44438396
1325;44471912
1326;44505428
1327;44538944
1328;44572460
1329;44605976
1330;44639492
1331;44673008
1332;44706524
1333;44740040
1334;44773556
1335;44807072
1336;44840588
1337;44874104
1338;44907620
1339;44941136
1340;44974652
1341;45008168
1342;45041684
1343;45075200
1344;45108716
1345;45142232
1346;45175748
1347;45209264
1348;45242780
1349;45276296
1350;45309812
1351;45343328
1352;45376844
1353;45410360
1354;45443876
1355;45477392
1356;45510908
1357;45544424
1358;45577940
1359;45611456
1360;45644972
1361;45678488
1362;45712004
1363;45745520
1364;45779036
1365;45812552
1366;45846068
1367;45879584
1368;45913100
1369;45946616
1370;45980132
1371;46013648
1372;46047164
1373;46080680
1374;46114196
1375;46147712
1376;46181228
1377;46214744
1378;46248260
1379;46281776
1380;46315292
1381;46348808
1382;46382324
1383;46415840
1384;46449356
1385;46482872
1386;46516388
1387;46549904
1388;46583420
1389;46616936
1390;46650452
1391;46683968
1392;46717484
1393;46751000
1394;46784516
1395;46818032
1396;46851548
1397;46885064
1398;46918580
1399;46952096
1400;46985612
1401;47019128
1402;47052644
1403;47086160
1404;47119676
1405;47153192
1406;47186708
1407;47220224
1408;47253740
1409;47287256
1410;47320772
1411;47354288
1412;47387804
1413;47421320
1414;47454836
1415;47488352
1416;47521868
1417;47555384
1418;47588900
1419;47622416
1420;47655932
1421;47689448
1422;47722964
1423;47756480
1424;47789996
1425;47823512
1426;47857028
1427;47890544
1428;47924060
1429;47957576
1430;47991092
1431;48024608
1432;48058124
1433;48091640
1434;48125156
1435;48158672
1436;48192188
1437;48225704
1438;48259220
1439;48292736
1440;48326252
1441;48359768
1442;48393284
1443;48426800
1444;48460316
1445;48493832
1446;48527348
1447;48560864
1448;48594380
1449;48627896
1450;48661412
1451;48694928
1452;48728444
1453;48761960
1454;48795476
1455;48828992
1456;48862508
1457;48896024
1458;48929540
1459;48963056
1460;48996572
1461;49030088
1462;49063604
1463;49097120
1464;49130636
1465;49164152
1466;49197668
1467;49231184
1468;49264700
1469;49298216
1470;49331732
1471;49365248
1472;49398764
1473;49432280
1474;49465796
1475;49499312
1476;49532828
1477;49566344
1478;49599860
1479;49633376
1480;49666892
1481;49700408
1482;49733924
1483;49767440
1484;49800956
1485;49834472
1486;49867988
1487;49901504
1488;49935020
1489;49968536
1490;50002052
1491;50035568
1492;50069084
1493;50102600
1494;50136116
1495;50169632
1496;50203148
1497;50236664
1498;50270180
1499;50303696
1500;50337212
1501;50370728
1502;50404244
1503;50437760
1504;50471276
1505;50504792
1506;50538308
1507;50571824
1508;50605340
1509;50638856
1510;50672372
1511;50705888
1512;50739404
1513;50772920
1514;50806436
1515;50839952
1516;50873468
1517;50906984
1518;50940500
1519;50974016
1520;51007532
1521;51041048
1522;51074564
1523;51108080
1524;51141596
1525;51175112
1526;51208628
1527;51242144
1528;51275660
1529;51309176
1530;51342692
1531;51376208
1532;51409724
1533;51443240
1534;51476756
1535;51510272
1536;51543788
1537;51577304
1538;51610820
1539;51644336
1540;51677852
1541;51711368
1542;51744884
1543;51778400
1544;51811916
1545;51845432
1546;51878948
1547;51912464
1548;51945980
1549;51979496
1550;52013012
1551;52046528
1552;52080044
1553;52113560
1554;52147076
1555;52180592
1556;52214108
1557;52247624
1558;52281140
1559;52314656
1560;52348172
1561;52381688
1562;52415204
1563;52448720
1564;52482236
1565;52515752
1566;52549268
1567;52582784
1568;52616300
1569;52649816
1570;52683332
1571;52716848
1572;52750364
1573;52783880
1574;52817396
1575;52850912
1576;52884428
1577;52917944
1578;52951460
1579;52984976
1580;53018492
1581;53052008
1582;53085524
1583;53119040
1584;53152556
1585;53186072
1586;53219588
1587;53253104
1588;53286620
1589;53320136
1590;53353652
1591;53387168
1592;53420684
1593;53454200
1594;53487716
1595;53521232
1596;53554748
1597;53588264
1598;53621780
1599;53655296
1600;53688812
1601;53722328
1602;53755844
1603;53789360
1604;53822876
1605;53856392
1606;53889908
1607;53923424
1608;53956940
1609;53990456
1610;54023972
1611;54057488
1612;54091004
1613;54124520
1614;54158036
1615;54191552
1616;54225068
1617;54258584
1618;54292100
1619;54325616
1620;54359132
1621;54392648
1622;54426164
1623;54459680
1624;54493196
1625;54526712
1626;54560228
1627;54593744
1628;54627260
1629;54660776
1630;54694292
1631;54727808
1632;54761324
1633;54794840
1634;54828356
1635;54861872
1636;54895388
1637;54928904
1638;54962420
1639;54995936
1640;55029452
1641;55062968
1642;55096484
1643;55130000
1644;55163516
1645;55197032
1646;55230548
1647;55264064
1648;55297580
1649;55331096
1650;55364612
1651;55398128
1652;55431644
1653;55465160
1654;55498676
1655;55532192
1656;55565708
1657;55599224
1658;55632740
1659;55666256
1660;55699772
1661;55733288
1662;55766804
1663;55800320
1664;55833836
1665;55867352
1666;55900868
1667;55934384
1668;55967900
1669;56001416
1670;56034932
1671;56068448
1672;56101964
1673;56135480
1674;56168996
1675;56202512
1676;56236028
1677;56269544
1678;56303060
1679;56336576
1680;56370092
1681;56403608
1682;56437124
1683;56470640
1684;56504156
1685;56537672
1686;56571188
1687;56604704
1688;56638220
1689;56671736
1690;56705252
1691;56738768
1692;56772284
1693;56805800
1694;56839316
1695;56872832
1696;56906348
1697;56939864
1698;56973380
1699;57006896
1700;57040412
1701;57073928
1702;57107444
1703;57140960
1704;57174476
1705;57207992
1706;57241508
1707;57275024
1708;57308540
1709;57342056
1710;57375572
1711;57409088
1712;57442604
1713;57476120
1714;57509636
1715;57543152
1716;57576668
1717;57610184
1718;57643700
1719;57677216
1720;57710732
1721;57744248
1722;57777764
1723;57811280
1724;57844796
1725;57878312
1726;57911828
1727;57945344
1728;57978860
1729;58012376
1730;58045892
1731;58079408
1732;58112924
1733;58146440
1734;58179956
1735;58213472
1736;58246988
1737;58280504
1738;58314020
1739;58347536
1740;58381052
1741;58414568
1742;58448084
1743;58481600
1744;58515116
1745;58548632
1746;58582148
1747;58615664
1748;58649180
1749;58682696
1750;58716212
1751;58749728
1752;58783244
1753;58816760
1754;58850276
1755;58883792
1756;58917308
1757;58950824
1758;58984340
1759;59017856
1760;59051372
1761;59084888
1762;59118404
1763;59151920
1764;59185436
1765;59218952
1766;59252468
1767;59285984
1768;59319500
1769;59353016
1770;59386532
1771;59420048
1772;59453564
1773;59487080
1774;59520596
1775;59554112
1776;59587628
1777;59621144
1778;59654660
1779;59688176
1780;59721692
1781;59755208
1782;59788724
1783;59822240
1784;59855756
1785;59889272
1786;59922788
1787;59956304
1788;59989820
1789;60023336
1790;60056852
1791;60090368
1792;60123884
1793;60157400
1794;60190916
1795;60224432
1796;60257948
1797;60291464
1798;60324980
1799;60358496
1800;60392012
1801;60425528
1802;60459044
1803;60492560
1804;60526076
1805;60559592
1806;60593108
1807;60626624
1808;60660140
1809;60693656
1810;60727172
1811;60760688
1812;60794204
1813;60827720
1814;60861236
1815;60894752
1816;60928268
1817;60961784
1818;60995300
1819;61028816
1820;61062332
1821;61095848
1822;61129364
1823;61162880
1824;61196396
1825;61229912
1826;61263428
1827;61296944
1828;61330460
1829;61363976
1830;61397492
1831;61431008
1832;61464524
1833;61498040
1834;61531556
1835;61565072
1836;61598588
1837;61632104
1838;61665620
1839;61699136
1840;61732652
1841;61766168
1842;61799684
1843;61833200
1844;61866716
1845;61900232
1846;61933748
1847;61967264
1848;62000780
1849;62034296
1850;62067812
1851;62101328
1852;62134844
1853;62168360
1854;62201876
1855;62235392
1856;62268908
1857;62302424
1858;62335940
1859;62369456
1860;62402972
1861;62436488
1862;62470004
1863;62503520
1864;62537036
1865;62570552
1866;62604068
1867;62637584
1868;62671100
1869;62704616
1870;62738132
1871;62771648
1872;62805164
1873;62838680
1874;62872196
1875;62905712
1876;62939228
1877;62972744
1878;63006260
1879;63039776
1880;63073292
1881;63106808
1882;63140324
1883;63173840
1884;63207356
1885;63240872
1886;63274388
1887;63307904
1888;63341420
1889;63374936
1890;63408452
1891;63441968
1892;63475484
1893;63509000
1894;63542516
1895;63576032
1896;63609548
1897;63643064
1898;63676580
1899;63710096
1900;63743612
1901;63777128
1902;63810644
1903;63844160
1904;63877676
1905;63911192
1906;63944708
1907;63978224
1908;64011740
1909;64045256
1910;64078772
1911;64112288
1912;64145804
1913;64179320
1914;64212836
1915;64246352
1916;64279868
1917;64313384
1918;64346900
1919;64380416
1920;64413932
1921;64447448
1922;64480964
1923;64514480
1924;64547996
1925;64581512
1926;64615028
1927;64648544
1928;64682060
1929;64715576
1930;64749092
1931;64782608
1932;64816124
1933;64849640
1934;64883156
1935;64916672
1936;64950188
1937;64983704
1938;65017220
1939;65050736
1940;65084252
1941;65117768
1942;65151284
1943;65184800
1944;65218316
1945;65251832
1946;65285348
1947;65318864
1948;65352380
1949;65385896
1950;65419412
1951;65452928
1952;65486444
1953;65519960
1954;65553476
1955;65586992
1956;65620508
1957;65654024
1958;65687540
1959;65721056
1960;65754572
1961;65788088
1962;65821604
1963;65855120
1964;65888636
1965;65922152
1966;65955668
1967;65989184
1968;66022700
1969;66056216
1970;66089732
1971;66123248
1972;66156764
1973;66190280
1974;66223796
1975;66257312
1976;66290828
1977;66324344
1978;66357860
1979;66391376
1980;66424892
1981;66458408
1982;66491924
1983;66525440
1984;66558956
1985;66592472
1986;66625988
1987;66659504
1988;66693020
1989;66726536
1990;66760052
1991;66793568
1992;66827084
1993;66860600
1994;66894116
1995;66927632
1996;66961148
1997;66994664
1998;67028180
1999;67061696
2000;67095212
2001;67128728
2002;67162244
2003;67195760
2004;67229276
2005;67262792
2006;67296308
2007;67329824
2008;67363340
2009;67396856
2010;67430372
2011;67463888
2012;67497404
2013;67530920
2014;67564436
2015;67597952
2016;67631468
2017;67664984
2018;67698500
2019;67732016
2020;67765532
2021;67799048
2022;67832564
2023;67866080
2024;67899596
2025;67933112
2026;67966628
2027;68000144
2028;68033660
2029;68067176
2030;68100692
2031;68134208
2032;68167724
2033;68201240
2034;68234756
2035;68435852
2036;68469368
2037;68502884
2038;68536400
2039;68569916
2040;68603432
2041;68636948
2042;68670464
2043;68703980
2044;68737496
2045;68771012
2046;68804528
2047;68838044
2048;68938592
2049;68972108
2050;69005624
2051;69039140
2052;69072656
2053;69106172
2054;69139688
2055;69173204
2056;69273752
2057;69307268
2058;69340784
2059;69374300
2060;69407816
2061;69441332
2062;69474848
2063;69508364
2064;69541880
2065;69575396
2066;69608912
2067;69642428
2068;69675944
2069;69709460
2070;69742976
2071;69776492
2072;69810008
2073;69843524
2074;69877040
2075;69910556
2076;69944072
2077;69977588
2078;70111652
2079;70145168
2080;70178684
2081;70212200
2082;70245716
2083;70279232
2084;70312748
2085;70346264
2086;70379780
2087;70413296
2088;70446812
2089;70480328
2090;70513844
2091;70547360
2092;70580876
2093;70614392
2094;70647908
2095;70681424
2096;70714940
2097;70748456
2098;70781972
2099;70815488
2100;70849004
2101;70882520
2102;70916036
2103;70949552
2104;70983068
2105;71016584
2106;71050100
2107;71083616
2108;71117132
2109;71150648
2110;71184164
2111;71217680
2112;71251196
2113;71284712
2114;71318228
2115;71351744
2116;71385260
2117;71418776
2118;71452292
2119;71485808
2120;71519324
2121;71552840
2122;71586356
2123;71619872
2124;71653388
2125;71686904
2126;71720420
2127;71753936
2128;71787452
2129;71820968
2130;71854484
2131;71888000
2132;71921516
2133;71955032
2134;71988548
2135;72022064
2136;72055580
2137;72089096
2138;72122612
2139;72156128
2140;72189644
2141;72223160
2142;72256676
2143;72290192
2144;72323708
2145;72357224
2146;72390740
2147;72424256
2148;72457772
2149;72491288
2150;72591836
2151;72625352
2152;72658868
2153;72692384
2154;72725900
2155;72759416
2156;72792932
2157;72826448
2158;72859964
2159;72893480
2160;72926996
2161;72960512
2162;72994028
2163;73027544
2164;73061060
2165;73094576
2166;73128092
2167;73161608
2168;73195124
2169;73228640
2170;73262156
2171;73295672
2172;73329188
2173;73362704
2174;73396220
2175;73429736
2176;73463252
2177;73496768
2178;73530284
2179;73563800
2180;73597316
2181;73630832
2182;73664348
2183;73697864
2184;73731380
2185;73764896
2186;73798412
2187;73831928
2188;73865444
2189;73898960
2190;73932476
2191;73965992
2192;73999508
2193;74033024
2194;74066540
2195;74100056
2196;74133572
2197;74167088
2198;74200604
2199;74234120
2200;74267636
2201;74301152
2202;74334668
2203;74368184
2204;74401700
2205;74435216
2206;74468732
2207;74502248
2208;74535764
2209;74569280
2210;74602796
2211;74636312
2212;74669828
2213;74703344
2214;74736860
2215;74770376
2216;74803892
2217;74837408
2218;74870924
2219;74904440
2220;74937956
2221;74971472
2222;75004988
2223;75038504
2224;75072020
2225;75105536
2226;75139052
2227;75172568
2228;75206084
2229;75239600
2230;75273116
2231;75306632
2232;75340148
2233;75373664
2234;75407180
2235;75440696
2236;75474212
2237;75507728
2238;75541244
2239;75574760
2240;75608276
2241;75641792
2242;75675308
2243;75708824
2244;75742340
2245;75775856
2246;75809372
2247;75842888
2248;75876404
2249;75909920
2250;75943436
2251;75976952
2252;76010468
2253;76043984
2254;76077500
2255;76111016
2256;76144532
2257;76178048
2258;76211564
2259;76245080
2260;76278596
2261;76312112
2262;76345628
2263;76379144
2264;76412660
2265;76446176
2266;76479692
2267;76513208
2268;76546724
2269;76580240
2270;76613756
2271;76647272
2272;76680788
2273;76714304
2274;76747820
2275;76781336
2276;76814852
2277;76848368
2278;76881884
2279;76915400
2280;76948916
2281;76982432
2282;77015948
2283;77049464
2284;77082980
2285;77116496
2286;77150012
2287;77183528
2288;77217044
2289;77250560
2290;77284076
2291;77317592
2292;77351108
2293;77384624
2294;77418140
2295;77451656
2296;77485172
2297;77518688
2298;77552204
2299;77585720
2300;77619236
2301;77652752
2302;77686268
2303;77719784
2304;77753300
2305;77786816
2306;77820332
2307;77853848
2308;77887364
2309;77920880
2310;77954396
2311;77987912
2312;78021428
2313;78054944
2314;78088460
2315;78121976
2316;78155492
2317;78189008
2318;78222524
2319;78256040
2320;78289556
2321;78323072
2322;78356588
2323;78390104
2324;78423620
2325;78457136
2326;78490652
2327;78524168
2328;78557684
2329;78591200
2330;78624716
2331;78658232
2332;78691748
2333;78725264
2334;78758780
2335;78792296
2336;78825812
2337;78859328
2338;78892844
2339;78926360
2340;78959876
2341;78993392
2342;79026908
2343;79060424
2344;79093940
2345;79127456
2346;79160972
2347;79194488
2348;79228004
2349;79261520
2350;79295036
2351;79328552
2352;79362068
2353;79395584
2354;79429100
2355;79462616
2356;79496132
2357;79529648
2358;79563164
2359;79596680
2360;79630196
2361;79663712
2362;79697228
2363;79730744
2364;79764260
2365;79797776
2366;79831292
2367;79864808
2368;79898324
2369;79931840
2370;79965356
2371;79998872
2372;80032388
2373;80065904
2374;80099420
2375;80132936
2376;80166452
2377;80199968
2378;80233484
2379;80267000
2380;80300516
2381;80334032
2382;80367548
2383;80401064
2384;80434580
2385;80468096
2386;80501612
2387;80535128
2388;80568644
2389;80602160
2390;80635676
2391;80669192
2392;80702708
2393;80736224
2394;80769740
2395;80803256
2396;80836772
2397;80870288
2398;80903804
2399;80937320
2400;80970836
2401;81004352
2402;81037868
2403;81071384
2404;81104900
2405;81138416
2406;81171932
2407;81205448
2408;81238964
2409;81272480
2410;81305996
2411;81339512
2412;81373028
2413;81406544
2414;81440060
2415;81473576
2416;81507092
2417;81540608
2418;81574124
2419;81607640
2420;81641156
2421;81674672
2422;81708188
2423;81741704
2424;81775220
2425;81808736
2426;81842252
2427;81875768
2428;81909284
2429;81942800
2430;81976316
2431;82009832
2432;82043348
2433;82076864
2434;82110380
2435;82143896
2436;82177412
2437;82210928
2438;82244444
2439;82277960
2440;82311476
2441;82344992
2442;82378508
2443;82412024
2444;82445540
2445;82479056
2446;82512572
2447;82546088
2448;82579604
2449;82613120
2450;82646636
2451;82680152
2452;82713668
2453;82747184
2454;82780700
2455;82814216
2456;82847732
