1;0
2;63213
3;96729
4;130245
5;163761
6;197277
7;230793
8;264309
9;297825
10;331341
11;364857
12;398373
13;431889
14;465405
15;498921
16;532437
17;565953
18;599469
19;632985
20;666501
21;700017
22;733533
23;767049
24;800565
25;834081
26;867597
27;901113
28;934629
29;968145
30;1001661
31;1035177
32;1068693
33;1102209
34;1135725
35;1169241
36;1202757
37;1236273
38;1269789
39;1303305
40;1336821
41;1370337
42;1403853
43;1437369
44;1470885
45;1504401
46;1537917
47;1571433
48;1604949
49;1638465
50;1671981
51;1705497
52;1739013
53;1772529
54;1806045
55;1839561
56;1873077
57;1906593
58;1940109
59;1973625
60;2007141
61;2040657
62;2074173
63;2107689
64;2141205
65;2174721
66;2208237
67;2241753
68;2275269
69;2308785
70;2342301
71;2375817
72;2409333
73;2442849
74;2476365
75;2509881
76;2543397
77;2576913
78;2610429
79;2643945
80;2677461
81;2710977
82;2744493
83;2778009
84;2811525
85;2845041
86;2878557
87;2912073
88;2945589
89;2979105
90;3012621
91;3046137
92;3079653
93;3113169
94;3146685
95;3180201
96;3213717
97;3247233
98;3280749
99;3314265
100;3347781
101;3381297
102;3414813
103;3448329
104;3481845
105;3515361
106;3548877
107;3582393
108;3615909
109;3649425
110;3682941
111;3716457
112;3749973
113;3783489
114;3817005
115;3850521
116;3884037
117;3917553
118;3951069
119;3984585
120;4018101
121;4051617
122;4085133
123;4118649
124;4152165
125;4185681
126;4219197
127;4252713
128;4286229
129;4319745
130;4353261
131;4386777
132;4420293
133;4453809
134;4487325
135;4520841
136;4554357
137;4587873
138;4621389
139;4654905
140;4688421
141;4721937
142;4755453
143;4788969
144;4822485
145;4856001
146;4889517
147;4923033
148;4956549
149;4990065
150;5023581
151;5057097
152;5090613
153;5124129
154;5157645
155;5191161
156;5224677
157;5258193
158;5291709
159;5325225
160;5358741
161;5392257
162;5425773
163;5459289
164;5492805
165;5526321
166;5559837
167;5593353
168;5626869
169;5660385
170;5693901
171;5727417
172;5760933
173;5794449
174;5827965
175;5861481
176;5894997
177;5928513
178;5962029
179;5995545
180;6029061
181;6062577
182;6096093
183;6129609
184;6163125
185;6196641
186;6230157
187;6263673
188;6297189
189;6330705
190;6364221
191;6397737
192;6431253
193;6464769
194;6498285
195;6531801
196;6565317
197;6598833
198;6632349
199;6665865
200;6699381
201;6732897
202;6766413
203;6799929
204;6833445
205;6866961
206;6900477
207;6933993
208;6967509
209;7001025
210;7034541
211;7068057
212;7101573
213;7135089
214;7168605
215;7202121
216;7235637
217;7269153
218;7302669
219;7336185
220;7369701
221;7403217
222;7436733
223;7470249
224;7503765
225;7537281
226;7570797
227;7604313
228;7637829
229;7671345
230;7704861
231;7738377
232;7771893
233;7805409
234;7838925
235;7872441
236;7905957
237;7939473
238;7972989
239;8006505
240;8040021
241;8073537
242;8107053
243;8140569
244;8174085
245;8207601
246;8241117
247;8274633
248;8308149
249;8341665
250;8375181
251;8408697
252;8442213
253;8475729
254;8509245
255;8542761
256;8576277
257;8609793
258;8643309
259;8676825
260;8710341
261;8743857
262;8777373
263;8810889
264;8844405
265;8877921
266;8911437
267;8944953
268;8978469
269;9011985
270;9045501
271;9079017
272;9112533
273;9146049
274;9179565
275;9213081
276;9246597
277;9280113
278;9313629
279;9347145
280;9380661
281;9414177
282;9447693
283;9481209
284;9514725
285;9548241
286;9581757
287;9615273
288;9648789
289;9682305
290;9715821
291;9749337
292;9782853
293;9816369
294;9849885
295;9883401
296;9916917
297;9950433
298;9983949
299;10017465
300;10050981
301;10084497
302;10118013
303;10151529
304;10185045
305;10218561
306;10252077
307;10285593
308;10319109
309;10352625
310;10386141
311;10419657
312;10453173
313;10486689
314;10520205
315;10553721
316;10587237
317;10620753
318;10654269
319;10687785
320;10721301
321;10754817
322;10788333
323;10821849
324;10855365
325;10888881
326;10922397
327;10955913
328;10989429
329;11022945
330;11056461
331;11089977
332;11123493
333;11157009
334;11190525
335;11224041
336;11257557
337;11291073
338;11324589
339;11358105
340;11391621
341;11425137
342;11458653
343;11492169
344;11525685
345;11559201
346;11592717
347;11626233
348;11659749
349;11693265
350;11726781
351;11760297
352;11793813
353;11827329
354;11860845
355;11894361
356;11927877
357;11961393
358;11994909
359;12028425
360;12061941
361;12095457
362;12128973
363;12162489
364;12196005
365;12229521
366;12263037
367;12296553
368;12330069
369;12363585
370;12397101
371;12430617
372;12464133
373;12497649
374;12531165
375;12564681
376;12598197
377;12631713
378;12665229
379;12698745
380;12732261
381;12765777
382;12799293
383;12832809
384;12866325
385;12899841
386;12933357
387;12966873
388;13000389
389;13033905
390;13067421
391;13100937
392;13134453
393;13167969
394;13201485
395;13235001
396;13268517
397;13302033
398;13335549
399;13369065
400;13402581
401;13436097
402;13469613
403;13503129
404;13536645
405;13570161
406;13603677
407;13637193
408;13670709
409;13704225
410;13737741
411;13771257
412;13804773
413;13838289
414;13871805
415;13905321
416;13938837
417;13972353
418;14005869
419;14039385
420;14072901
421;14106417
422;14139933
423;14173449
424;14206965
425;14240481
426;14273997
427;14307513
428;14341029
429;14374545
430;14408061
431;14441577
432;14475093
433;14508609
434;14542125
435;14575641
436;14609157
437;14642673
438;14676189
439;14709705
440;14743221
441;14776737
442;14810253
443;14843769
444;14877285
445;14910801
446;14944317
447;14977833
448;15011349
449;15044865
450;15078381
451;15111897
452;15145413
453;15178929
454;15212445
455;15245961
456;15279477
457;15312993
458;15346509
459;15380025
460;15413541
461;15447057
462;15480573
463;15514089
464;15547605
465;15581121
466;15614637
467;15648153
468;15681669
469;15715185
470;15748701
471;15782217
472;15815733
473;15849249
474;15882765
475;15916281
476;15949797
477;15983313
478;16016829
479;16050345
480;16083861
481;16117377
482;16150893
483;16184409
484;16217925
485;16251441
486;16284957
487;16318473
488;16351989
489;16385505
490;16419021
491;16452537
492;16486053
493;16519569
494;16553085
495;16586601
496;16620117
497;16653633
498;16687149
499;16720665
500;16754181
501;16787697
502;16821213
503;16854729
504;16888245
505;16921761
506;16955277
507;16988793
508;17022309
509;17055825
510;17089341
511;17122857
512;17156373
513;17189889
514;17223405
515;17256921
516;17290437
517;17323953
518;17357469
519;17390985
520;17424501
521;17458017
522;17491533
523;17525049
524;17558565
525;17592081
526;17625597
527;17659113
528;17692629
529;17726145
530;17759661
531;17793177
532;17826693
533;17860209
534;17893725
535;17927241
536;17960757
537;17994273
538;18027789
539;18061305
540;18094821
541;18128337
542;18161853
543;18195369
544;18228885
545;18262401
546;18295917
547;18329433
548;18362949
549;18396465
550;18429981
551;18463497
552;18497013
553;18530529
554;18564045
555;18597561
556;18631077
557;18664593
558;18698109
559;18731625
560;18765141
561;18798657
562;18832173
563;18865689
564;18899205
565;18932721
566;18966237
567;18999753
568;19033269
569;19066785
570;19100301
571;19133817
572;19167333
573;19200849
574;19234365
575;19267881
576;19301397
577;19334913
578;19368429
579;19401945
580;19435461
581;19468977
582;19502493
583;19536009
584;19569525
585;19603041
586;19636557
587;19670073
588;19703589
589;19737105
590;19770621
591;19804137
592;19837653
593;19871169
594;19904685
595;19938201
596;19971717
597;20005233
598;20038749
599;20072265
600;20105781
601;20139297
602;20172813
603;20206329
604;20239845
605;20273361
606;20306877
607;20340393
608;20373909
609;20407425
610;20440941
611;20474457
612;20507973
613;20541489
614;20575005
615;20608521
616;20642037
617;20675553
618;20709069
619;20742585
620;20776101
621;20809617
622;20843133
623;20876649
624;20910165
625;20943681
626;20977197
627;21010713
628;21044229
629;21077745
630;21111261
631;21144777
632;21178293
633;21211809
634;21245325
635;21278841
636;21312357
637;21345873
638;21379389
639;21412905
640;21446421
641;21479937
642;21513453
643;21546969
644;21580485
645;21614001
646;21647517
647;21681033
648;21714549
649;21748065
650;21781581
651;21815097
652;21848613
653;21882129
654;21915645
655;21949161
656;21982677
657;22016193
658;22049709
659;22083225
660;22116741
661;22150257
662;22183773
663;22217289
664;22250805
665;22284321
666;22317837
667;22351353
668;22384869
669;22418385
670;22451901
671;22485417
672;22518933
673;22552449
674;22585965
675;22619481
676;22652997
677;22686513
678;22720029
679;22753545
680;22787061
681;22820577
682;22854093
683;22887609
684;22921125
685;22954641
686;22988157
687;23021673
688;23055189
689;23088705
690;23122221
691;23155737
692;23189253
693;23222769
694;23256285
695;23289801
696;23323317
697;23356833
698;23390349
699;23423865
700;23457381
701;23490897
702;23524413
703;23557929
704;23591445
705;23624961
706;23658477
707;23691993
708;23725509
709;23759025
710;23792541
711;23826057
712;23859573
713;23893089
714;23926605
715;23960121
716;23993637
717;24027153
718;24060669
719;24094185
720;24127701
721;24161217
722;24194733
723;24228249
724;24261765
725;24295281
726;24328797
727;24362313
728;24395829
729;24429345
730;24462861
731;24496377
732;24529893
733;24563409
734;24596925
735;24630441
736;24663957
737;24697473
738;24730989
739;24764505
740;24798021
741;24831537
742;24865053
743;24898569
744;24932085
745;24965601
746;24999117
747;25032633
748;25066149
749;25099665
750;25133181
751;25166697
752;25200213
753;25233729
754;25267245
755;25300761
756;25334277
757;25367793
758;25401309
759;25434825
760;25468341
761;25501857
762;25535373
763;25568889
764;25602405
765;25635921
766;25669437
767;25702953
768;25736469
769;25769985
770;25803501
771;25837017
772;25870533
773;25904049
774;25937565
775;25971081
776;26004597
777;26038113
778;26071629
779;26105145
780;26138661
781;26172177
782;26205693
783;26239209
784;26272725
785;26306241
786;26339757
787;26373273
788;26406789
789;26440305
790;26473821
791;26507337
792;26540853
793;26574369
794;26607885
795;26641401
796;26674917
797;26708433
798;26741949
799;26775465
800;26808981
801;26842497
802;26876013
803;26909529
804;26943045
805;26976561
806;27010077
807;27043593
808;27077109
809;27110625
810;27144141
811;27177657
812;27211173
813;27244689
814;27278205
815;27311721
816;27345237
817;27378753
818;27412269
819;27445785
820;27479301
821;27512817
822;27546333
823;27579849
824;27613365
825;27646881
826;27680397
827;27713913
828;27747429
829;27780945
830;27814461
831;27847977
832;27881493
833;27915009
834;27948525
835;27982041
836;28015557
837;28049073
838;28082589
839;28116105
840;28149621
841;28183137
842;28216653
843;28250169
844;28283685
845;28317201
846;28350717
847;28384233
848;28417749
849;28451265
850;28484781
851;28518297
852;28551813
853;28585329
854;28618845
855;28652361
856;28685877
857;28719393
858;28752909
859;28786425
860;28819941
861;28853457
862;28886973
863;28920489
864;28954005
865;28987521
866;29021037
867;29054553
868;29088069
869;29121585
870;29155101
871;29322681
872;29356197
873;29389713
874;29423229
875;29456745
876;29490261
877;29523777
878;29557293
879;29590809
880;29624325
881;29657841
882;29691357
883;29724873
884;29758389
885;29791905
886;29825421
887;29858937
888;29892453
889;29925969
890;29959485
891;29993001
892;30026517
893;30060033
894;30093549
895;30127065
896;30160581
897;30194097
898;30227613
899;30261129
900;30294645
901;30328161
902;30361677
903;30395193
904;30428709
905;30462225
906;30495741
907;30529257
908;30562773
909;30596289
910;30629805
911;30663321
912;30696837
913;30730353
914;30763869
915;30797385
916;30830901
917;30864417
918;30897933
919;30931449
920;30964965
921;30998481
922;31031997
923;31065513
924;31099029
925;31132545
926;31166061
927;31199577
928;31233093
929;31266609
930;31300125
931;31333641
932;31367157
933;31400673
934;31434189
935;31467705
936;31501221
937;31534737
938;31568253
939;31601769
940;31635285
941;31668801
942;31702317
943;31735833
944;31769349
945;31802865
946;31836381
947;31869897
948;31903413
949;31936929
950;31970445
951;32003961
952;32037477
953;32070993
954;32104509
955;32138025
956;32171541
957;32205057
958;32238573
959;32272089
960;32305605
961;32339121
962;32372637
963;32406153
964;32439669
965;32473185
966;32506701
967;32540217
968;32573733
969;32607249
970;32640765
971;32674281
972;32707797
973;32741313
974;32774829
975;32808345
976;32841861
977;32875377
978;32908893
979;32942409
980;32975925
981;33009441
982;33042957
983;33076473
984;33109989
985;33143505
986;33177021
987;33210537
988;33244053
989;33277569
990;33311085
991;33344601
992;33378117
993;33411633
994;33445149
995;33478665
996;33512181
997;33545697
998;33579213
999;33612729
1000;33646245
1001;33679761
1002;33713277
1003;33746793
1004;33780309
1005;33813825
1006;33847341
1007;33880857
1008;33914373
1009;33947889
1010;33981405
1011;34014921
1012;34048437
1013;34081953
1014;34115469
1015;34148985
1016;34182501
1017;34216017
1018;34249533
1019;34283049
1020;34316565
1021;34350081
1022;34383597
1023;34417113
1024;34450629
1025;34484145
1026;34517661
1027;34551177
1028;34584693
1029;34618209
1030;34651725
1031;34685241
1032;34718757
1033;34752273
1034;34785789
1035;34819305
1036;34852821
1037;34886337
1038;34919853
1039;34953369
1040;34986885
1041;35020401
1042;35053917
1043;35087433
1044;35120949
1045;35154465
1046;35187981
1047;35221497
1048;35255013
1049;35288529
1050;35322045
1051;35355561
1052;35389077
1053;35422593
1054;35456109
1055;35489625
1056;35523141
1057;35556657
1058;35590173
1059;35623689
1060;35657205
1061;35690721
1062;35724237
1063;35757753
1064;35791269
1065;35824785
1066;35858301
1067;35891817
1068;35925333
1069;35958849
1070;35992365
1071;36025881
1072;36059397
1073;36092913
1074;36126429
1075;36159945
1076;36193461
1077;36226977
1078;36260493
1079;36294009
1080;36327525
1081;36361041
1082;36394557
1083;36428073
1084;36461589
1085;36495105
1086;36528621
1087;36562137
1088;36595653
1089;36629169
1090;36662685
1091;36696201
1092;36729717
1093;36763233
1094;36796749
1095;36830265
1096;36863781
1097;36897297
1098;36930813
1099;36964329
1100;36997845
1101;37031361
1102;37064877
1103;37098393
1104;37131909
1105;37165425
1106;37198941
1107;37232457
1108;37265973
1109;37299489
1110;37333005
1111;37366521
1112;37400037
1113;37433553
1114;37467069
1115;37500585
1116;37534101
1117;37567617
1118;37601133
1119;37634649
1120;37668165
1121;37701681
1122;37735197
1123;37768713
1124;37802229
1125;37835745
1126;37869261
1127;37902777
1128;37936293
1129;37969809
1130;38003325
1131;38036841
1132;38070357
1133;38103873
1134;38137389
1135;38170905
1136;38204421
1137;38237937
1138;38271453
1139;38304969
1140;38338485
1141;38372001
1142;38405517
1143;38439033
1144;38472549
1145;38506065
1146;38539581
1147;38573097
1148;38606613
1149;38640129
1150;38673645
1151;38707161
1152;38740677
1153;38774193
1154;38807709
1155;38841225
1156;38874741
1157;38908257
1158;38941773
1159;38975289
1160;39008805
1161;39042321
1162;39075837
1163;39109353
1164;39142869
1165;39176385
1166;39209901
1167;39243417
1168;39276933
1169;39310449
1170;39343965
1171;39377481
1172;39410997
1173;39444513
1174;39478029
1175;39511545
1176;39545061
1177;39578577
1178;39612093
1179;39645609
1180;39679125
1181;39712641
1182;39746157
1183;39779673
1184;39813189
1185;39846705
1186;39880221
1187;39913737
1188;39947253
1189;39980769
1190;40014285
1191;40047801
1192;40081317
1193;40114833
1194;40148349
1195;40181865
1196;40215381
1197;40248897
1198;40282413
1199;40315929
1200;40349445
1201;40382961
1202;40416477
1203;40449993
1204;40483509
1205;40517025
1206;40550541
1207;40584057
1208;40617573
1209;40651089
1210;40684605
1211;40718121
1212;40751637
1213;40785153
1214;40818669
1215;40852185
1216;40885701
1217;40919217
1218;40952733
1219;40986249
1220;41019765
1221;41053281
1222;41086797
1223;41120313
1224;41153829
1225;41187345
1226;41220861
1227;41254377
1228;41287893
1229;41321409
1230;41354925
1231;41388441
1232;41421957
1233;41455473
1234;41488989
1235;41522505
1236;41556021
1237;41589537
1238;41623053
1239;41656569
1240;41690085
1241;41723601
1242;41757117
1243;41790633
1244;41824149
1245;41857665
1246;41891181
1247;41924697
1248;41958213
1249;41991729
1250;42025245
1251;42058761
1252;42092277
1253;42125793
1254;42159309
1255;42192825
1256;42226341
1257;42259857
1258;42293373
1259;42326889
1260;42360405
1261;42393921
1262;42427437
1263;42460953
1264;42494469
1265;42527985
1266;42561501
1267;42595017
1268;42628533
1269;42662049
1270;42695565
1271;42729081
1272;42762597
1273;42796113
1274;42829629
1275;42863145
1276;42896661
1277;42930177
1278;42963693
1279;42997209
1280;43030725
1281;43064241
1282;43097757
1283;43131273
1284;43164789
1285;43198305
1286;43231821
1287;43265337
1288;43298853
1289;43332369
1290;43365885
1291;43399401
1292;43432917
1293;43466433
1294;43499949
1295;43533465
1296;43566981
1297;43600497
1298;43634013
1299;43667529
1300;43701045
1301;43734561
1302;43768077
1303;43801593
1304;43835109
1305;43868625
1306;43902141
1307;43935657
1308;43969173
1309;44002689
1310;44036205
1311;44069721
1312;44103237
1313;44136753
1314;44170269
1315;44203785
1316;44237301
1317;44270817
1318;44304333
1319;44337849
1320;44371365
1321;44404881
1322;44438397
1323;44471913
1324;44505429
1325;44538945
1326;44572461
1327;44605977
1328;44639493
1329;44673009
1330;44706525
1331;44740041
1332;44773557
1333;44807073
1334;44840589
1335;44874105
1336;44907621
1337;44941137
1338;44974653
1339;45008169
1340;45041685
1341;45075201
1342;45108717
1343;45142233
1344;45175749
1345;45209265
1346;45242781
1347;45276297
1348;45309813
1349;45343329
1350;45376845
1351;45410361
1352;45443877
1353;45477393
1354;45510909
1355;45544425
1356;45577941
1357;45611457
1358;45644973
1359;45678489
1360;45712005
1361;45745521
1362;45779037
1363;45812553
1364;45846069
1365;45879585
1366;45913101
1367;45946617
1368;45980133
1369;46013649
1370;46047165
1371;46080681
1372;46114197
1373;46147713
1374;46181229
1375;46214745
1376;46248261
1377;46281777
1378;46315293
1379;46348809
1380;46382325
1381;46415841
1382;46449357
1383;46482873
1384;46516389
1385;46549905
1386;46583421
1387;46616937
1388;46650453
1389;46683969
1390;46717485
1391;46751001
1392;46784517
1393;46818033
1394;46851549
1395;46885065
1396;46918581
1397;46952097
1398;46985613
1399;47019129
1400;47052645
1401;47086161
1402;47119677
1403;47153193
1404;47186709
1405;47220225
1406;47253741
1407;47287257
1408;47320773
1409;47354289
1410;47387805
1411;47421321
1412;47454837
1413;47488353
1414;47521869
1415;47555385
1416;47588901
1417;47622417
1418;47655933
1419;47689449
1420;47722965
1421;47756481
1422;47789997
1423;47823513
1424;47857029
1425;47890545
1426;47924061
1427;47957577
1428;47991093
1429;48024609
1430;48058125
1431;48091641
1432;48125157
1433;48158673
1434;48192189
1435;48225705
1436;48259221
1437;48292737
1438;48326253
1439;48359769
1440;48393285
1441;48426801
1442;48460317
1443;48493833
1444;48527349
1445;48560865
1446;48594381
1447;48627897
1448;48661413
1449;48694929
1450;48728445
1451;48761961
1452;48795477
1453;48828993
1454;48862509
1455;48896025
1456;48929541
1457;48963057
1458;48996573
1459;49030089
1460;49063605
1461;49097121
1462;49130637
1463;49164153
1464;49197669
1465;49231185
1466;49264701
1467;49298217
1468;49331733
1469;49365249
1470;49398765
1471;49432281
1472;49465797
1473;49499313
1474;49532829
1475;49566345
1476;49599861
1477;49633377
1478;49666893
1479;49700409
1480;49733925
1481;49767441
1482;49800957
1483;49834473
1484;49867989
1485;49901505
1486;49935021
1487;49968537
1488;50002053
1489;50035569
1490;50069085
1491;50102601
1492;50136117
1493;50169633
1494;50203149
1495;50236665
1496;50270181
1497;50303697
1498;50337213
1499;50370729
1500;50404245
1501;50437761
1502;50471277
1503;50504793
1504;50538309
1505;50571825
1506;50605341
1507;50638857
1508;50672373
1509;50705889
1510;50739405
1511;50772921
1512;50806437
1513;50839953
1514;50873469
1515;50906985
1516;50940501
1517;50974017
1518;51007533
1519;51041049
1520;51074565
1521;51108081
1522;51141597
1523;51175113
1524;51208629
1525;51242145
1526;51275661
1527;51309177
1528;51342693
1529;51376209
1530;51409725
1531;51443241
1532;51476757
1533;51510273
1534;51543789
1535;51577305
1536;51610821
1537;51644337
1538;51677853
1539;51711369
1540;51744885
1541;51778401
1542;51811917
1543;51845433
1544;51878949
1545;51912465
1546;51945981
1547;51979497
1548;52013013
1549;52046529
1550;52080045
1551;52113561
1552;52147077
1553;52180593
1554;52214109
1555;52247625
1556;52281141
1557;52314657
1558;52348173
1559;52381689
1560;52415205
1561;52448721
1562;52482237
1563;52515753
1564;52549269
1565;52582785
1566;52616301
1567;52649817
1568;52683333
1569;52716849
1570;52750365
1571;52783881
1572;52817397
1573;52850913
1574;52884429
1575;52917945
1576;52951461
1577;52984977
1578;53018493
1579;53052009
1580;53085525
1581;53119041
1582;53152557
1583;53186073
1584;53219589
1585;53253105
1586;53286621
1587;53320137
1588;53353653
1589;53387169
1590;53420685
1591;53454201
1592;53487717
1593;53521233
1594;53554749
1595;53588265
1596;53621781
1597;53655297
1598;53688813
1599;53722329
1600;53755845
1601;53789361
1602;53822877
1603;53856393
1604;53889909
1605;53923425
1606;53956941
1607;53990457
1608;54023973
1609;54057489
1610;54091005
1611;54124521
1612;54158037
1613;54191553
1614;54225069
1615;54258585
1616;54292101
1617;54325617
1618;54359133
1619;54392649
1620;54426165
1621;54459681
1622;54493197
1623;54526713
1624;54560229
1625;54593745
1626;54627261
1627;54660777
1628;54694293
1629;54727809
1630;54761325
1631;54794841
1632;54828357
1633;54861873
1634;54895389
1635;54928905
1636;54962421
1637;54995937
1638;55029453
1639;55062969
1640;55096485
1641;55130001
1642;55163517
1643;55197033
1644;55230549
1645;55264065
1646;55297581
1647;55331097
1648;55364613
1649;55398129
1650;55431645
1651;55465161
1652;55498677
1653;55532193
1654;55565709
1655;55599225
1656;55632741
1657;55666257
1658;55699773
1659;55733289
1660;55766805
1661;55800321
1662;55833837
1663;55867353
1664;55900869
1665;55934385
1666;55967901
1667;56001417
1668;56034933
1669;56068449
1670;56101965
1671;56135481
1672;56168997
1673;56202513
1674;56236029
1675;56269545
1676;56303061
1677;56336577
1678;56370093
1679;56403609
1680;56437125
1681;56470641
1682;56504157
1683;56537673
1684;56571189
1685;56604705
1686;56638221
1687;56671737
1688;56705253
1689;56738769
1690;56772285
1691;56805801
1692;56839317
1693;56872833
1694;56906349
1695;56939865
1696;56973381
1697;57006897
1698;57040413
1699;57073929
1700;57107445
1701;57140961
1702;57174477
1703;57207993
1704;57241509
1705;57275025
1706;57308541
1707;57342057
1708;57375573
1709;57409089
1710;57442605
1711;57476121
1712;57509637
1713;57543153
1714;57576669
1715;57610185
1716;57643701
1717;57677217
1718;57710733
1719;57744249
1720;57777765
1721;57811281
1722;57844797
1723;57878313
1724;57911829
1725;57945345
1726;57978861
1727;58012377
1728;58045893
1729;58079409
1730;58112925
1731;58146441
1732;58179957
1733;58213473
1734;58246989
1735;58280505
1736;58314021
1737;58347537
1738;58381053
1739;58414569
1740;58448085
1741;58481601
1742;58515117
1743;58548633
1744;58582149
1745;58615665
1746;58649181
1747;58682697
1748;58716213
1749;58749729
1750;58783245
1751;58816761
1752;58850277
1753;58883793
1754;58917309
1755;58950825
1756;58984341
1757;59017857
1758;59051373
1759;59084889
1760;59118405
1761;59151921
1762;59185437
1763;59218953
1764;59252469
1765;59285985
1766;59319501
1767;59353017
1768;59386533
1769;59420049
1770;59453565
1771;59487081
1772;59520597
1773;59554113
1774;59587629
1775;59621145
1776;59654661
1777;59688177
1778;59721693
1779;59755209
1780;59788725
1781;59822241
1782;59855757
1783;59889273
1784;59922789
1785;59956305
1786;59989821
1787;60023337
1788;60056853
1789;60090369
1790;60123885
1791;60157401
1792;60190917
1793;60224433
1794;60257949
1795;60291465
1796;60324981
1797;60358497
1798;60392013
1799;60425529
1800;60459045
1801;60492561
1802;60526077
1803;60559593
1804;60593109
1805;60626625
1806;60660141
1807;60693657
1808;60727173
1809;60760689
1810;60794205
1811;60827721
1812;60861237
1813;60894753
1814;60928269
1815;60961785
1816;60995301
1817;61028817
1818;61062333
1819;61095849
1820;61129365
1821;61162881
1822;61196397
1823;61229913
1824;61263429
1825;61296945
1826;61330461
1827;61363977
1828;61397493
1829;61431009
1830;61464525
1831;61498041
1832;61531557
1833;61565073
1834;61598589
1835;61632105
1836;61665621
1837;61699137
1838;61732653
1839;61766169
1840;61799685
1841;61833201
1842;61866717
1843;61900233
1844;61933749
1845;61967265
1846;62000781
1847;62034297
1848;62067813
1849;62101329
1850;62134845
1851;62168361
1852;62201877
1853;62235393
1854;62268909
1855;62302425
1856;62335941
1857;62369457
1858;62402973
1859;62436489
1860;62470005
1861;62503521
1862;62537037
1863;62570553
1864;62604069
1865;62637585
1866;62671101
1867;62704617
1868;62738133
1869;62771649
1870;62805165
1871;62838681
1872;62872197
1873;62905713
1874;62939229
1875;62972745
1876;63006261
1877;63039777
1878;63073293
1879;63106809
1880;63140325
1881;63173841
1882;63207357
1883;63240873
1884;63274389
1885;63307905
1886;63341421
1887;63374937
1888;63408453
1889;63441969
1890;63475485
1891;63509001
1892;63542517
1893;63576033
1894;63609549
1895;63643065
1896;63676581
1897;63710097
1898;63743613
1899;63777129
1900;63810645
1901;63844161
1902;63877677
1903;63911193
1904;63944709
1905;63978225
1906;64011741
1907;64045257
1908;64078773
1909;64112289
1910;64145805
1911;64179321
1912;64212837
1913;64246353
1914;64279869
1915;64313385
1916;64346901
1917;64380417
1918;64413933
1919;64447449
1920;64480965
1921;64514481
1922;64547997
1923;64581513
1924;64615029
1925;64749093
1926;64782609
1927;64816125
1928;64849641
1929;64883157
1930;64916673
1931;64950189
1932;64983705
1933;65017221
1934;65050737
1935;65084253
1936;65117769
1937;65151285
1938;65184801
1939;65218317
1940;65251833
1941;65285349
1942;65318865
1943;65352381
1944;65385897
1945;65419413
1946;65452929
1947;65486445
1948;65519961
1949;65553477
1950;65586993
1951;65620509
1952;65654025
1953;65754573
1954;65788089
1955;65821605
1956;65855121
1957;65888637
1958;65922153
1959;65955669
1960;65989185
1961;66022701
1962;66056217
1963;66089733
1964;66123249
1965;66156765
1966;66190281
1967;66223797
1968;66257313
1969;66290829
1970;66324345
1971;66357861
1972;66391377
1973;66424893
1974;66458409
1975;66491925
1976;66525441
1977;66558957
1978;66592473
1979;66625989
1980;66659505
1981;66693021
1982;66726537
1983;66760053
1984;66793569
1985;66827085
1986;66860601
1987;66894117
1988;66927633
1989;66961149
1990;66994665
1991;67028181
1992;67061697
1993;67095213
1994;67128729
1995;67162245
1996;67195761
1997;67229277
1998;67262793
1999;67296309
2000;67329825
2001;67363341
2002;67396857
2003;67430373
2004;67463889
2005;67497405
2006;67530921
2007;67564437
2008;67597953
2009;67631469
2010;67664985
2011;67698501
2012;67732017
2013;67765533
2014;67799049
2015;67832565
2016;67866081
2017;67899597
2018;67933113
2019;67966629
2020;68000145
2021;68033661
2022;68067177
2023;68100693
2024;68134209
2025;68167725
2026;68201241
2027;68234757
2028;68268273
2029;68301789
2030;68335305
2031;68368821
2032;68402337
2033;68435853
2034;68469369
2035;68502885
2036;68536401
2037;68569917
2038;68603433
2039;68636949
2040;68670465
2041;68703981
2042;68737497
2043;68771013
2044;68804529
2045;68838045
2046;68871561
2047;68905077
2048;68938593
2049;68972109
2050;69005625
2051;69039141
2052;69072657
2053;69106173
2054;69139689
2055;69173205
2056;69206721
2057;69240237
2058;69273753
2059;69307269
2060;69340785
2061;69374301
2062;69407817
2063;69441333
2064;69474849
2065;69508365
2066;69541881
2067;69575397
2068;69608913
2069;69642429
2070;69675945
2071;69709461
2072;69742977
2073;69776493
2074;69810009
2075;69843525
2076;69877041
2077;69910557
2078;69944073
2079;69977589
2080;70011105
2081;70044621
2082;70078137
2083;70111653
2084;70145169
2085;70178685
2086;70212201
2087;70245717
2088;70279233
2089;70312749
2090;70346265
2091;70379781
2092;70413297
2093;70446813
2094;70480329
2095;70513845
2096;70547361
2097;70580877
2098;70614393
2099;70647909
2100;70681425
2101;70714941
2102;70748457
2103;70781973
2104;70815489
2105;70849005
2106;70882521
2107;70916037
2108;70949553
2109;70983069
2110;71016585
2111;71050101
2112;71083617
2113;71117133
2114;71150649
2115;71184165
2116;71217681
2117;71251197
2118;71284713
2119;71318229
2120;71351745
2121;71385261
2122;71418777
2123;71452293
2124;71485809
2125;71519325
2126;71552841
2127;71586357
2128;71619873
2129;71653389
2130;71686905
2131;71720421
2132;71753937
2133;71787453
2134;71820969
2135;71854485
2136;71888001
2137;71921517
2138;71955033
2139;71988549
2140;72022065
2141;72055581
2142;72089097
2143;72122613
2144;72156129
2145;72189645
2146;72223161
2147;72256677
2148;72290193
2149;72323709
2150;72357225
2151;72390741
2152;72424257
2153;72457773
2154;72491289
2155;72524805
2156;72558321
2157;72591837
2158;72625353
2159;72658869
2160;72692385
2161;72725901
2162;72759417
2163;72792933
2164;72826449
2165;72859965
2166;72893481
2167;72926997
2168;72960513
2169;72994029
2170;73027545
2171;73061061
2172;73094577
2173;73128093
2174;73161609
2175;73195125
2176;73228641
2177;73262157
2178;73295673
2179;73329189
2180;73362705
2181;73396221
2182;73429737
2183;73463253
2184;73496769
2185;73530285
2186;73563801
2187;73597317
2188;73630833
2189;73664349
2190;73697865
2191;73731381
2192;73764897
2193;73798413
2194;73831929
2195;73865445
2196;73898961
2197;73932477
2198;73965993
2199;73999509
2200;74033025
2201;74066541
2202;74100057
2203;74133573
2204;74167089
2205;74200605
2206;74234121
2207;74267637
2208;74301153
2209;74334669
2210;74368185
2211;74401701
2212;74435217
2213;74468733
2214;74502249
2215;74535765
2216;74569281
2217;74602797
2218;74636313
2219;74669829
2220;74703345
2221;74736861
2222;74770377
2223;74803893
2224;74837409
2225;74870925
2226;74904441
2227;74937957
2228;74971473
2229;75004989
2230;75038505
2231;75072021
2232;75105537
2233;75139053
2234;75172569
2235;75206085
2236;75239601
2237;75273117
2238;75306633
2239;75340149
2240;75373665
2241;75407181
2242;75440697
2243;75474213
2244;75507729
