1;0
2;63212
3;96728
4;130244
5;163760
6;197276
7;230792
8;264308
9;297824
10;331340
11;364856
12;398372
13;431888
14;465404
15;498920
16;532436
17;565952
18;599468
19;632984
20;666500
21;700016
22;733532
23;767048
24;800564
25;834080
26;867596
27;901112
28;934628
29;968144
30;1001660
31;1035176
32;1068692
33;1102208
34;1135724
35;1169240
36;1202756
37;1236272
38;1269788
39;1303304
40;1336820
41;1370336
42;1403852
43;1437368
44;1470884
45;1504400
46;1537916
47;1571432
48;1604948
49;1638464
50;1671980
51;1705496
52;1739012
53;1772528
54;1806044
55;1839560
56;1873076
57;1906592
58;1940108
59;1973624
60;2007140
61;2040656
62;2074172
63;2107688
64;2141204
65;2174720
66;2208236
67;2241752
68;2275268
69;2308784
70;2342300
71;2375816
72;2409332
73;2442848
74;2476364
75;2509880
76;2543396
77;2576912
78;2610428
79;2643944
80;2677460
81;2710976
82;2744492
83;2778008
84;2811524
85;2845040
86;2878556
87;2912072
88;2945588
89;2979104
90;3012620
91;3046136
92;3079652
93;3113168
94;3146684
95;3180200
96;3213716
97;3247232
98;3280748
99;3314264
100;3347780
101;3381296
102;3414812
103;3448328
104;3481844
105;3515360
106;3548876
107;3582392
108;3615908
109;3649424
110;3682940
111;3716456
112;3749972
113;3783488
114;3817004
115;3850520
116;3884036
117;3917552
118;3951068
119;3984584
120;4018100
121;4051616
122;4085132
123;4118648
124;4152164
125;4185680
126;4219196
127;4252712
128;4286228
129;4319744
130;4353260
131;4386776
132;4420292
133;4453808
134;4487324
135;4520840
136;4554356
137;4587872
138;4621388
139;4654904
140;4688420
141;4721936
142;4755452
143;4788968
144;4822484
145;4856000
146;4889516
147;4923032
148;4956548
149;4990064
150;5023580
151;5057096
152;5090612
153;5124128
154;5157644
155;5191160
156;5224676
157;5258192
158;5291708
159;5325224
160;5358740
161;5392256
162;5425772
163;5459288
164;5492804
165;5526320
166;5559836
167;5593352
168;5626868
169;5660384
170;5693900
171;5727416
172;5760932
173;5794448
174;5827964
175;5861480
176;5894996
177;5928512
178;5962028
179;5995544
180;6029060
181;6062576
182;6096092
183;6129608
184;6163124
185;6196640
186;6230156
187;6263672
188;6297188
189;6330704
190;6364220
191;6397736
192;6431252
193;6464768
194;6498284
195;6531800
196;6565316
197;6598832
198;6632348
199;6665864
200;6699380
201;6732896
202;6766412
203;6799928
204;6833444
205;6866960
206;6900476
207;6933992
208;6967508
209;7001024
210;7034540
211;7068056
212;7101572
213;7135088
214;7168604
215;7202120
216;7235636
217;7269152
218;7302668
219;7336184
220;7369700
221;7403216
222;7436732
223;7470248
224;7503764
225;7537280
226;7570796
227;7604312
228;7637828
229;7671344
230;7704860
231;7738376
232;7771892
233;7805408
234;7838924
235;7872440
236;7905956
237;7939472
238;7972988
239;8006504
240;8040020
241;8073536
242;8107052
243;8140568
244;8174084
245;8207600
246;8241116
247;8274632
248;8308148
249;8341664
250;8375180
251;8408696
252;8442212
253;8475728
254;8509244
255;8542760
256;8576276
257;8609792
258;8643308
259;8676824
260;8710340
261;8743856
262;8777372
263;8810888
264;8844404
265;8877920
266;8911436
267;8944952
268;8978468
269;9011984
270;9045500
271;9079016
272;9112532
273;9146048
274;9179564
275;9213080
276;9246596
277;9280112
278;9313628
279;9347144
280;9380660
281;9414176
282;9447692
283;9481208
284;9514724
285;9548240
286;9581756
287;9615272
288;9648788
289;9682304
290;9715820
291;9749336
292;9782852
293;9816368
294;9849884
295;9883400
296;9916916
297;9950432
298;9983948
299;10017464
300;10050980
301;10084496
302;10118012
303;10151528
304;10185044
305;10218560
306;10252076
307;10285592
308;10319108
309;10352624
310;10386140
311;10419656
312;10453172
313;10486688
314;10520204
315;10553720
316;10587236
317;10620752
318;10654268
319;10687784
320;10721300
321;10754816
322;10788332
323;10821848
324;10855364
325;10888880
326;10922396
327;10955912
328;10989428
329;11022944
330;11056460
331;11089976
332;11123492
333;11157008
334;11190524
335;11224040
336;11257556
337;11291072
338;11324588
339;11358104
340;11391620
341;11425136
342;11458652
343;11492168
344;11525684
345;11559200
346;11592716
347;11626232
348;11659748
349;11693264
350;11726780
351;11760296
352;11793812
353;11827328
354;11860844
355;11894360
356;11927876
357;11961392
358;11994908
359;12028424
360;12061940
361;12095456
362;12128972
363;12162488
364;12196004
365;12229520
366;12263036
367;12296552
368;12330068
369;12363584
370;12397100
371;12430616
372;12464132
373;12497648
374;12531164
375;12564680
376;12598196
377;12631712
378;12665228
379;12698744
380;12732260
381;12765776
382;12799292
383;12832808
384;12866324
385;12899840
386;12933356
387;12966872
388;13000388
389;13033904
390;13067420
391;13100936
392;13134452
393;13167968
394;13201484
395;13235000
396;13268516
397;13302032
398;13335548
399;13369064
400;13402580
401;13436096
402;13469612
403;13503128
404;13536644
405;13570160
406;13603676
407;13637192
408;13670708
409;13704224
410;13737740
411;13771256
412;13804772
413;13838288
414;13871804
415;13905320
416;13938836
417;13972352
418;14005868
419;14039384
420;14072900
421;14106416
422;14139932
423;14173448
424;14206964
425;14240480
426;14273996
427;14307512
428;14341028
429;14374544
430;14408060
431;14441576
432;14475092
433;14508608
434;14542124
435;14575640
436;14609156
437;14642672
438;14676188
439;14709704
440;14743220
441;14776736
442;14810252
443;14843768
444;14877284
445;14910800
446;14944316
447;14977832
448;15011348
449;15044864
450;15078380
451;15111896
452;15145412
453;15178928
454;15212444
455;15245960
456;15279476
457;15312992
458;15346508
459;15380024
460;15413540
461;15447056
462;15480572
463;15514088
464;15547604
465;15581120
466;15614636
467;15648152
468;15681668
469;15715184
470;15748700
471;15782216
472;15815732
473;15849248
474;15882764
475;15916280
476;15949796
477;15983312
478;16016828
479;16050344
480;16083860
481;16117376
482;16150892
483;16184408
484;16217924
485;16251440
486;16284956
487;16318472
488;16351988
489;16385504
490;16419020
491;16452536
492;16486052
493;16519568
494;16553084
495;16586600
496;16620116
497;16653632
498;16687148
499;16720664
500;16754180
501;16787696
502;16821212
503;16854728
504;16888244
505;16921760
506;16955276
507;16988792
508;17022308
509;17055824
510;17089340
511;17122856
512;17156372
513;17189888
514;17223404
515;17256920
516;17290436
517;17323952
518;17357468
519;17390984
520;17424500
521;17458016
522;17491532
523;17525048
524;17558564
525;17592080
526;17625596
527;17659112
528;17692628
529;17726144
530;17759660
531;17793176
532;17826692
533;17860208
534;17893724
535;17927240
536;17960756
537;17994272
538;18027788
539;18061304
540;18094820
541;18128336
542;18161852
543;18195368
544;18228884
545;18262400
546;18295916
547;18329432
548;18362948
549;18396464
550;18429980
551;18463496
552;18497012
553;18530528
554;18564044
555;18597560
556;18631076
557;18664592
558;18698108
559;18731624
560;18765140
561;18798656
562;18832172
563;18865688
564;18899204
565;18932720
566;18966236
567;18999752
568;19033268
569;19066784
570;19100300
571;19133816
572;19167332
573;19200848
574;19234364
575;19267880
576;19301396
577;19334912
578;19368428
579;19401944
580;19435460
581;19468976
582;19502492
583;19536008
584;19569524
585;19603040
586;19636556
587;19670072
588;19703588
589;19737104
590;19770620
591;19804136
592;19837652
593;19871168
594;19904684
595;19938200
596;19971716
597;20005232
598;20038748
599;20072264
600;20105780
601;20139296
602;20172812
603;20206328
604;20239844
605;20273360
606;20306876
607;20340392
608;20373908
609;20407424
610;20440940
611;20474456
612;20507972
613;20541488
614;20575004
615;20608520
616;20642036
617;20675552
618;20709068
619;20742584
620;20776100
621;20809616
622;20843132
623;20876648
624;20910164
625;20943680
626;20977196
627;21010712
628;21044228
629;21077744
630;21111260
631;21144776
632;21178292
633;21211808
634;21245324
635;21278840
636;21312356
637;21345872
638;21379388
639;21412904
640;21446420
641;21479936
642;21513452
643;21546968
644;21580484
645;21614000
646;21647516
647;21681032
648;21714548
649;21748064
650;21781580
651;21815096
652;21848612
653;21882128
654;21915644
655;21949160
656;21982676
657;22016192
658;22049708
659;22083224
660;22116740
661;22150256
662;22183772
663;22217288
664;22250804
665;22284320
666;22317836
667;22351352
668;22384868
669;22418384
670;22451900
671;22485416
672;22518932
673;22552448
674;22585964
675;22619480
676;22652996
677;22686512
678;22720028
679;22753544
680;22787060
681;22820576
682;22854092
683;22887608
684;22921124
685;22954640
686;22988156
687;23021672
688;23055188
689;23088704
690;23122220
691;23155736
692;23189252
693;23222768
694;23256284
695;23289800
696;23323316
697;23356832
698;23390348
699;23423864
700;23457380
701;23490896
702;23524412
703;23557928
704;23591444
705;23624960
706;23658476
707;23691992
708;23725508
709;23759024
710;23792540
711;23826056
712;23859572
713;23893088
714;23926604
715;23960120
716;23993636
717;24027152
718;24060668
719;24094184
720;24127700
721;24161216
722;24194732
723;24228248
724;24261764
725;24295280
726;24328796
727;24362312
728;24395828
729;24429344
730;24462860
731;24496376
732;24529892
733;24563408
734;24596924
735;24630440
736;24663956
737;24697472
738;24730988
739;24764504
740;24798020
741;24831536
742;24865052
743;24898568
744;24932084
745;24965600
746;24999116
747;25032632
748;25066148
749;25099664
750;25133180
751;25166696
752;25200212
753;25233728
754;25267244
755;25300760
756;25334276
757;25367792
758;25401308
759;25434824
760;25468340
761;25501856
762;25535372
763;25568888
764;25602404
765;25635920
766;25669436
767;25702952
768;25736468
769;25769984
770;25803500
771;25837016
772;25870532
773;25904048
774;25937564
775;25971080
776;26004596
777;26038112
778;26071628
779;26105144
780;26138660
781;26172176
782;26205692
783;26239208
784;26272724
785;26306240
786;26339756
787;26373272
788;26406788
789;26440304
790;26473820
791;26507336
792;26540852
793;26574368
794;26607884
795;26641400
796;26674916
797;26708432
798;26741948
799;26775464
800;26808980
801;26842496
802;26876012
803;26909528
804;26943044
805;26976560
806;27010076
807;27043592
808;27077108
809;27110624
810;27144140
811;27177656
812;27211172
813;27244688
814;27278204
815;27311720
816;27345236
817;27378752
818;27412268
819;27445784
820;27479300
821;27512816
822;27546332
823;27579848
824;27613364
825;27646880
826;27680396
827;27713912
828;27747428
829;27780944
830;27814460
831;27847976
832;27881492
833;27915008
834;27948524
835;27982040
836;28015556
837;28049072
838;28082588
839;28116104
840;28149620
841;28183136
842;28216652
843;28250168
844;28283684
845;28317200
846;28350716
847;28384232
848;28417748
849;28451264
850;28484780
851;28518296
852;28551812
853;28585328
854;28618844
855;28652360
856;28685876
857;28719392
858;28752908
859;28786424
860;28819940
861;28853456
862;28886972
863;28920488
864;28954004
865;28987520
866;29021036
867;29054552
868;29088068
869;29121584
870;29155100
871;29188616
872;29222132
873;29255648
874;29289164
875;29322680
876;29356196
877;29389712
878;29423228
879;29456744
880;29490260
881;29523776
882;29557292
883;29590808
884;29624324
885;29657840
886;29691356
887;29724872
888;29758388
889;29791904
890;29825420
891;29858936
892;29892452
893;29925968
894;29959484
895;29993000
896;30026516
897;30060032
898;30093548
899;30127064
900;30160580
901;30194096
902;30227612
903;30261128
904;30294644
905;30328160
906;30361676
907;30395192
908;30428708
909;30462224
910;30495740
911;30529256
912;30562772
913;30596288
914;30629804
915;30663320
916;30696836
917;30730352
918;30763868
919;30797384
920;30830900
921;30864416
922;30897932
923;30931448
924;30964964
925;30998480
926;31031996
927;31065512
928;31099028
929;31132544
930;31166060
931;31199576
932;31233092
933;31266608
934;31300124
935;31333640
936;31367156
937;31400672
938;31434188
939;31467704
940;31501220
941;31534736
942;31568252
943;31601768
944;31635284
945;31668800
946;31702316
947;31735832
948;31769348
949;31802864
950;31836380
951;31869896
952;31903412
953;31936928
954;31970444
955;32003960
956;32037476
957;32070992
958;32104508
959;32138024
960;32171540
961;32205056
962;32238572
963;32272088
964;32305604
965;32339120
966;32372636
967;32406152
968;32439668
969;32473184
970;32506700
971;32540216
972;32573732
973;32607248
974;32640764
975;32674280
976;32707796
977;32741312
978;32774828
979;32808344
980;32841860
981;32875376
982;32908892
983;32942408
984;32975924
985;33009440
986;33042956
987;33076472
988;33109988
989;33143504
990;33177020
991;33210536
992;33244052
993;33277568
994;33311084
995;33344600
996;33378116
997;33411632
998;33445148
999;33478664
1000;33512180
1001;33545696
1002;33579212
1003;33612728
1004;33646244
1005;33679760
1006;33713276
1007;33746792
1008;33780308
1009;33813824
1010;33847340
1011;33880856
1012;33914372
1013;33947888
1014;33981404
1015;34014920
1016;34048436
1017;34081952
1018;34115468
1019;34148984
1020;34182500
1021;34216016
1022;34249532
1023;34283048
1024;34316564
1025;34350080
1026;34383596
1027;34417112
1028;34450628
1029;34484144
1030;34517660
1031;34551176
1032;34584692
1033;34618208
1034;34651724
1035;34685240
1036;34718756
1037;34752272
1038;34785788
1039;34819304
1040;34852820
1041;34886336
1042;34919852
1043;34953368
1044;34986884
1045;35020400
1046;35053916
1047;35087432
1048;35120948
1049;35154464
1050;35187980
1051;35221496
1052;35255012
1053;35288528
1054;35322044
1055;35355560
1056;35389076
1057;35422592
1058;35456108
1059;35489624
1060;35523140
1061;35556656
1062;35590172
1063;35623688
1064;35657204
1065;35690720
1066;35724236
1067;35757752
1068;35791268
1069;35824784
1070;35858300
1071;35891816
1072;35925332
1073;35958848
1074;35992364
1075;36025880
1076;36059396
1077;36092912
1078;36126428
1079;36159944
1080;36193460
1081;36226976
1082;36260492
1083;36294008
1084;36327524
1085;36361040
1086;36394556
1087;36428072
1088;36461588
1089;36495104
1090;36528620
1091;36562136
1092;36595652
1093;36629168
1094;36662684
1095;36696200
1096;36729716
1097;36763232
1098;36796748
1099;36830264
1100;36863780
1101;36897296
1102;36930812
1103;36964328
1104;36997844
1105;37031360
1106;37064876
1107;37098392
1108;37131908
1109;37165424
1110;37198940
1111;37232456
1112;37265972
1113;37299488
1114;37333004
1115;37366520
1116;37400036
1117;37433552
1118;37467068
1119;37500584
1120;37534100
1121;37567616
1122;37601132
1123;37634648
1124;37668164
1125;37701680
1126;37735196
1127;37768712
1128;37802228
1129;37835744
1130;37869260
1131;37902776
1132;37936292
1133;37969808
1134;38003324
1135;38036840
1136;38070356
1137;38103872
1138;38137388
1139;38170904
1140;38204420
1141;38237936
1142;38271452
1143;38304968
1144;38338484
1145;38372000
1146;38405516
1147;38439032
1148;38472548
1149;38506064
1150;38539580
1151;38573096
1152;38606612
1153;38640128
1154;38673644
1155;38707160
1156;38740676
1157;38774192
1158;38807708
1159;38841224
1160;38874740
1161;38908256
1162;38941772
1163;38975288
1164;39008804
1165;39042320
1166;39075836
1167;39109352
1168;39142868
1169;39176384
1170;39209900
1171;39243416
1172;39276932
1173;39310448
1174;39343964
1175;39377480
1176;39410996
1177;39444512
1178;39478028
1179;39511544
1180;39545060
1181;39578576
1182;39612092
1183;39645608
1184;39679124
1185;39712640
1186;39746156
1187;39779672
1188;39813188
1189;39846704
1190;39880220
1191;39913736
1192;39947252
1193;39980768
1194;40014284
1195;40047800
1196;40081316
1197;40114832
1198;40148348
1199;40181864
1200;40215380
1201;40248896
1202;40282412
1203;40315928
1204;40349444
1205;40483508
1206;40517024
1207;40550540
1208;40584056
1209;40617572
1210;40651088
1211;40751636
1212;40785152
1213;40818668
1214;40852184
1215;40885700
1216;40919216
1217;40952732
1218;40986248
1219;41019764
1220;41053280
1221;41086796
1222;41120312
1223;41153828
1224;41187344
1225;41220860
1226;41254376
1227;41287892
1228;41321408
1229;41354924
1230;41388440
1231;41421956
1232;41455472
1233;41488988
1234;41522504
1235;41556020
1236;41589536
1237;41623052
1238;41656568
1239;41690084
1240;41723600
1241;41757116
1242;41790632
1243;41824148
1244;41857664
1245;41891180
1246;41924696
1247;41958212
1248;41991728
1249;42025244
1250;42058760
1251;42092276
1252;42125792
1253;42159308
1254;42192824
1255;42226340
1256;42259856
1257;42293372
1258;42326888
1259;42360404
1260;42393920
1261;42427436
1262;42460952
1263;42494468
1264;42527984
1265;42561500
1266;42595016
1267;42628532
1268;42662048
1269;42695564
1270;42729080
1271;42762596
1272;42796112
1273;42829628
1274;42863144
1275;42896660
1276;42930176
1277;42963692
1278;42997208
1279;43030724
1280;43064240
1281;43097756
1282;43131272
1283;43164788
1284;43198304
1285;43231820
1286;43265336
1287;43298852
1288;43332368
1289;43365884
1290;43399400
1291;43432916
1292;43466432
1293;43499948
1294;43533464
1295;43566980
1296;43600496
1297;43634012
1298;43667528
1299;43701044
1300;43734560
1301;43768076
1302;43801592
1303;43835108
1304;43868624
1305;43902140
1306;43935656
1307;43969172
1308;44002688
1309;44036204
1310;44069720
1311;44103236
1312;44136752
1313;44170268
1314;44203784
1315;44237300
1316;44270816
1317;44304332
1318;44337848
1319;44371364
1320;44404880
1321;44438396
1322;44471912
1323;44505428
1324;44639492
1325;44673008
1326;44706524
1327;44740040
1328;44773556
1329;44807072
1330;44840588
1331;44874104
1332;44907620
1333;44941136
1334;44974652
1335;45008168
1336;45041684
1337;45075200
1338;45108716
1339;45142232
1340;45175748
1341;45209264
1342;45242780
1343;45276296
1344;45309812
1345;45343328
1346;45376844
1347;45410360
1348;45443876
1349;45477392
1350;45510908
1351;45544424
1352;45577940
1353;45611456
1354;45644972
1355;45678488
1356;45712004
1357;45745520
1358;45779036
1359;45812552
1360;45846068
1361;45879584
1362;45913100
1363;45946616
1364;45980132
1365;46013648
1366;46047164
1367;46080680
1368;46114196
1369;46147712
1370;46181228
1371;46214744
1372;46248260
1373;46281776
1374;46315292
1375;46348808
1376;46382324
1377;46415840
1378;46449356
1379;46482872
1380;46516388
1381;46549904
1382;46583420
1383;46616936
1384;46650452
1385;46683968
1386;46717484
1387;46751000
1388;46784516
1389;46818032
1390;46851548
1391;46885064
1392;46918580
1393;46952096
1394;46985612
1395;47019128
1396;47052644
1397;47086160
1398;47119676
1399;47153192
1400;47186708
1401;47220224
1402;47253740
1403;47287256
1404;47320772
1405;47354288
1406;47387804
1407;47421320
1408;47454836
1409;47488352
1410;47521868
1411;47555384
1412;47588900
1413;47622416
1414;47655932
1415;47689448
1416;47722964
1417;47756480
1418;47789996
1419;47823512
1420;47857028
1421;47890544
1422;47924060
1423;47957576
1424;47991092
1425;48024608
1426;48058124
1427;48091640
1428;48125156
1429;48158672
1430;48192188
1431;48225704
1432;48259220
1433;48292736
1434;48326252
1435;48359768
1436;48393284
1437;48426800
1438;48460316
1439;48493832
1440;48527348
1441;48560864
1442;48594380
1443;48627896
1444;48661412
1445;48694928
1446;48728444
1447;48761960
1448;48795476
1449;48828992
1450;48862508
1451;48896024
1452;48929540
1453;48963056
1454;48996572
1455;49030088
1456;49063604
1457;49097120
1458;49130636
1459;49164152
1460;49197668
1461;49231184
1462;49264700
1463;49298216
1464;49331732
1465;49365248
1466;49398764
1467;49432280
1468;49465796
1469;49499312
1470;49532828
1471;49566344
1472;49599860
1473;49633376
1474;49666892
1475;49700408
1476;49733924
1477;49767440
1478;49800956
1479;49834472
1480;49867988
1481;49901504
1482;49935020
1483;49968536
1484;50002052
1485;50035568
1486;50069084
1487;50102600
1488;50136116
1489;50169632
1490;50203148
1491;50236664
1492;50270180
1493;50303696
1494;50337212
1495;50370728
1496;50471276
1497;50504792
1498;50538308
1499;50571824
1500;50605340
1501;50638856
1502;50672372
1503;50705888
1504;50739404
1505;50772920
1506;50806436
1507;50839952
1508;50873468
1509;50906984
1510;50940500
1511;50974016
1512;51007532
1513;51041048
1514;51074564
1515;51108080
1516;51141596
1517;51175112
1518;51208628
1519;51242144
1520;51275660
1521;51309176
1522;51342692
1523;51376208
1524;51409724
1525;51443240
1526;51476756
1527;51510272
1528;51543788
1529;51577304
1530;51610820
1531;51644336
1532;51677852
1533;51711368
1534;51744884
1535;51778400
1536;51811916
1537;51845432
1538;51878948
1539;51912464
1540;51945980
1541;51979496
1542;52013012
1543;52046528
1544;52080044
1545;52113560
1546;52147076
1547;52180592
1548;52214108
1549;52247624
1550;52281140
1551;52314656
1552;52348172
1553;52381688
1554;52415204
1555;52448720
1556;52482236
1557;52515752
1558;52549268
1559;52582784
1560;52616300
1561;52649816
1562;52683332
1563;52716848
1564;52750364
1565;52783880
1566;52817396
1567;52850912
1568;52884428
1569;52917944
1570;52951460
1571;52984976
1572;53018492
1573;53052008
1574;53085524
1575;53119040
1576;53152556
1577;53186072
1578;53219588
1579;53253104
1580;53286620
1581;53320136
1582;53353652
1583;53387168
1584;53420684
1585;53454200
1586;53487716
1587;53521232
1588;53554748
1589;53588264
1590;53621780
1591;53655296
1592;53688812
1593;53722328
1594;53755844
1595;53789360
1596;53822876
1597;53856392
1598;53889908
1599;53923424
1600;53956940
1601;53990456
1602;54023972
1603;54057488
1604;54091004
1605;54124520
1606;54158036
1607;54191552
1608;54225068
1609;54258584
1610;54292100
1611;54325616
1612;54359132
1613;54392648
1614;54426164
1615;54459680
1616;54493196
1617;54526712
1618;54560228
1619;54593744
1620;54627260
1621;54660776
1622;54694292
1623;54727808
1624;54761324
1625;54794840
1626;54828356
1627;54861872
1628;54895388
1629;54928904
1630;54962420
1631;54995936
1632;55029452
1633;55062968
1634;55096484
1635;55130000
1636;55163516
1637;55197032
1638;55230548
1639;55264064
1640;55297580
1641;55331096
1642;55364612
1643;55398128
1644;55431644
1645;55465160
1646;55498676
1647;55532192
1648;55565708
1649;55599224
1650;55632740
1651;55666256
1652;55699772
1653;55733288
1654;55766804
1655;55800320
1656;55833836
1657;55867352
1658;55900868
1659;55934384
1660;55967900
1661;56001416
1662;56034932
1663;56068448
1664;56101964
1665;56135480
1666;56168996
1667;56202512
1668;56236028
1669;56269544
1670;56303060
1671;56336576
1672;56370092
1673;56403608
1674;56437124
1675;56470640
1676;56504156
1677;56537672
1678;56571188
1679;56604704
1680;56638220
1681;56671736
1682;56705252
1683;56738768
1684;56772284
1685;56805800
1686;56839316
1687;56872832
1688;56906348
1689;56939864
1690;56973380
1691;57006896
1692;57040412
1693;57073928
1694;57107444
1695;57140960
1696;57174476
1697;57207992
1698;57241508
1699;57275024
1700;57308540
1701;57342056
1702;57375572
1703;57409088
1704;57442604
1705;57476120
1706;57509636
1707;57543152
1708;57576668
1709;57610184
1710;57643700
1711;57677216
1712;57710732
1713;57744248
1714;57777764
1715;57811280
1716;57844796
1717;57878312
1718;57911828
1719;57945344
1720;57978860
1721;58012376
1722;58045892
1723;58079408
1724;58112924
1725;58146440
1726;58179956
1727;58213472
1728;58246988
1729;58280504
1730;58314020
1731;58347536
1732;58381052
1733;58414568
1734;58448084
1735;58481600
1736;58515116
1737;58548632
1738;58582148
1739;58615664
1740;58649180
1741;58682696
1742;58716212
1743;58749728
1744;58783244
1745;58816760
1746;58850276
1747;58883792
1748;58917308
1749;58950824
1750;58984340
1751;59017856
1752;59051372
1753;59084888
1754;59118404
1755;59151920
1756;59185436
1757;59218952
1758;59252468
1759;59285984
1760;59319500
1761;59353016
1762;59386532
1763;59420048
1764;59453564
1765;59487080
1766;59520596
1767;59554112
1768;59587628
1769;59621144
1770;59654660
1771;59688176
1772;59721692
1773;59755208
1774;59788724
1775;59822240
1776;59855756
1777;59889272
1778;59922788
1779;59956304
1780;59989820
1781;60023336
1782;60056852
1783;60090368
1784;60123884
1785;60157400
1786;60190916
1787;60224432
1788;60257948
1789;60291464
1790;60324980
1791;60358496
1792;60392012
1793;60425528
1794;60459044
1795;60492560
1796;60526076
1797;60559592
1798;60593108
1799;60626624
1800;60660140
1801;60693656
1802;60727172
1803;60760688
1804;60794204
1805;60827720
1806;60861236
1807;60894752
1808;60928268
1809;60961784
1810;60995300
1811;61028816
1812;61062332
1813;61095848
1814;61129364
1815;61162880
1816;61196396
1817;61229912
1818;61263428
1819;61296944
1820;61330460
1821;61363976
1822;61397492
1823;61431008
1824;61464524
1825;61498040
1826;61531556
1827;61565072
1828;61598588
1829;61632104
1830;61665620
1831;61699136
1832;61732652
1833;61766168
1834;61799684
1835;61833200
1836;61866716
1837;61900232
1838;61933748
1839;61967264
1840;62000780
1841;62034296
1842;62067812
1843;62101328
1844;62134844
1845;62168360
1846;62201876
1847;62235392
1848;62268908
1849;62302424
1850;62335940
1851;62369456
1852;62402972
1853;62436488
1854;62470004
1855;62503520
1856;62537036
1857;62570552
1858;62604068
1859;62637584
1860;62671100
1861;62704616
1862;62738132
1863;62771648
1864;62805164
1865;62838680
1866;62872196
1867;62905712
1868;62939228
1869;62972744
1870;63006260
1871;63039776
1872;63073292
1873;63106808
1874;63140324
1875;63173840
1876;63207356
1877;63240872
1878;63274388
1879;63307904
1880;63341420
1881;63374936
1882;63408452
1883;63441968
1884;63475484
1885;63509000
1886;63542516
1887;63576032
1888;63609548
1889;63643064
1890;63676580
1891;63710096
1892;63743612
1893;63777128
1894;63810644
1895;63844160
1896;63877676
1897;63911192
1898;63944708
1899;63978224
1900;64011740
1901;64045256
1902;64078772
1903;64112288
1904;64145804
1905;64179320
1906;64212836
1907;64246352
1908;64279868
1909;64313384
1910;64346900
1911;64380416
1912;64413932
1913;64447448
1914;64480964
1915;64514480
1916;64547996
1917;64581512
1918;64615028
1919;64648544
1920;64682060
1921;64715576
1922;64749092
1923;64782608
1924;64816124
1925;64849640
1926;64883156
1927;64916672
1928;64950188
1929;64983704
1930;65017220
1931;65050736
1932;65084252
1933;65117768
1934;65151284
1935;65184800
1936;65218316
1937;65251832
1938;65285348
1939;65318864
1940;65352380
1941;65385896
1942;65419412
1943;65452928
1944;65486444
1945;65519960
1946;65553476
1947;65586992
1948;65620508
1949;65654024
1950;65687540
1951;65721056
1952;65754572
1953;65788088
1954;65821604
1955;65855120
1956;65888636
1957;65922152
1958;65955668
1959;65989184
1960;66022700
1961;66056216
1962;66089732
1963;66123248
1964;66156764
1965;66190280
1966;66223796
1967;66257312
1968;66290828
1969;66324344
1970;66357860
1971;66391376
1972;66424892
1973;66458408
1974;66491924
1975;66525440
1976;66558956
1977;66592472
1978;66625988
1979;66659504
1980;66693020
1981;66726536
1982;66760052
1983;66793568
1984;66827084
1985;66860600
1986;66894116
1987;66927632
1988;66961148
1989;66994664
1990;67028180
1991;67061696
1992;67095212
1993;67128728
1994;67162244
1995;67195760
1996;67229276
1997;67262792
1998;67296308
1999;67329824
2000;67363340
2001;67396856
2002;67430372
2003;67463888
2004;67497404
2005;67530920
2006;67564436
2007;67597952
2008;67631468
2009;67664984
2010;67698500
2011;67732016
2012;67765532
2013;67799048
2014;67832564
2015;67866080
2016;67899596
2017;67933112
2018;67966628
2019;68000144
2020;68033660
2021;68067176
2022;68100692
2023;68134208
2024;68167724
2025;68201240
2026;68234756
2027;68268272
2028;68301788
2029;68335304
2030;68368820
2031;68402336
2032;68435852
2033;68469368
2034;68502884
2035;68536400
2036;68569916
2037;68603432
2038;68636948
2039;68670464
2040;68703980
2041;68737496
2042;68771012
2043;68804528
2044;68838044
2045;68871560
2046;68905076
2047;68938592
2048;68972108
2049;69005624
2050;69039140
2051;69072656
2052;69106172
2053;69139688
2054;69173204
2055;69206720
2056;69240236
2057;69273752
2058;69307268
2059;69340784
2060;69374300
2061;69407816
2062;69441332
2063;69474848
2064;69508364
2065;69541880
2066;69575396
2067;69608912
2068;69642428
2069;69675944
2070;69709460
2071;69742976
2072;69776492
2073;69810008
2074;69843524
2075;69877040
2076;69910556
2077;69944072
2078;69977588
2079;70011104
2080;70044620
2081;70078136
2082;70111652
2083;70145168
2084;70178684
2085;70212200
2086;70245716
2087;70279232
2088;70312748
2089;70346264
2090;70379780
2091;70413296
2092;70446812
2093;70480328
2094;70513844
2095;70547360
2096;70580876
2097;70614392
2098;70647908
2099;70681424
2100;70714940
2101;70748456
2102;70781972
2103;70815488
2104;70849004
2105;70882520
2106;70916036
2107;70949552
2108;70983068
2109;71016584
2110;71050100
2111;71083616
2112;71117132
2113;71150648
2114;71184164
2115;71217680
2116;71251196
2117;71284712
2118;71318228
2119;71351744
2120;71385260
2121;71418776
2122;71452292
2123;71485808
2124;71519324
2125;71552840
2126;71586356
2127;71619872
2128;71653388
2129;71686904
2130;71720420
2131;71753936
2132;71787452
2133;71820968
2134;71854484
2135;71888000
2136;71921516
2137;71955032
2138;71988548
2139;72022064
2140;72055580
2141;72089096
2142;72122612
2143;72156128
2144;72189644
2145;72223160
2146;72256676
2147;72290192
2148;72323708
2149;72357224
2150;72390740
2151;72424256
2152;72457772
2153;72491288
2154;72524804
2155;72558320
2156;72591836
2157;72625352
2158;72658868
2159;72692384
2160;72725900
2161;72759416
2162;72792932
2163;72826448
2164;72859964
2165;72893480
2166;72926996
2167;72960512
2168;72994028
2169;73027544
2170;73061060
2171;73094576
2172;73128092
2173;73161608
2174;73195124
2175;73228640
2176;73262156
2177;73295672
2178;73329188
2179;73362704
2180;73396220
2181;73429736
2182;73463252
2183;73496768
2184;73530284
2185;73563800
2186;73597316
2187;73630832
2188;73664348
2189;73697864
2190;73731380
2191;73764896
2192;73798412
2193;73831928
2194;73865444
2195;73898960
2196;73932476
2197;73965992
2198;73999508
2199;74033024
2200;74066540
2201;74100056
2202;74133572
2203;74167088
2204;74200604
2205;74234120
2206;74267636
2207;74301152
2208;74334668
2209;74368184
2210;74401700
2211;74435216
2212;74468732
2213;74502248
2214;74535764
2215;74569280
2216;74602796
2217;74636312
2218;74669828
2219;74703344
2220;74736860
2221;74770376
2222;74803892
2223;74837408
2224;74870924
2225;74904440
2226;74937956
2227;74971472
2228;75004988
2229;75038504
2230;75072020
2231;75105536
2232;75139052
2233;75172568
2234;75206084
2235;75239600
2236;75273116
2237;75306632
2238;75340148
2239;75373664
2240;75407180
2241;75440696
2242;75474212
2243;75507728
2244;75541244
2245;75574760
2246;75608276
2247;75641792
2248;75675308
2249;75708824
2250;75742340
2251;75775856
2252;75809372
2253;75842888
2254;75876404
2255;75909920
2256;75943436
2257;75976952
2258;76010468
2259;76043984
2260;76077500
2261;76111016
2262;76144532
2263;76178048
2264;76211564
2265;76245080
2266;76278596
2267;76312112
2268;76345628
2269;76379144
2270;76412660
2271;76446176
2272;76479692
2273;76513208
2274;76546724
2275;76580240
2276;76613756
2277;76647272
2278;76680788
2279;76714304
2280;76747820
2281;76781336
2282;76814852
2283;76848368
2284;76881884
2285;76915400
2286;76948916
2287;76982432
2288;77015948
2289;77049464
2290;77082980
2291;77116496
2292;77150012
2293;77183528
2294;77217044
2295;77250560
2296;77284076
2297;77317592
2298;77351108
2299;77384624
2300;77418140
2301;77451656
2302;77485172
2303;77518688
2304;77552204
2305;77585720
2306;77619236
2307;77652752
2308;77686268
2309;77719784
2310;77753300
2311;77786816
2312;77820332
2313;77853848
2314;77887364
2315;77920880
2316;77954396
2317;77987912
2318;78021428
2319;78054944
2320;78088460
2321;78121976
2322;78155492
2323;78189008
2324;78222524
2325;78256040
2326;78289556
2327;78323072
2328;78356588
2329;78390104
2330;78423620
2331;78457136
2332;78490652
2333;78524168
2334;78557684
2335;78591200
2336;78624716
2337;78658232
2338;78691748
2339;78725264
2340;78758780
2341;78792296
2342;78825812
2343;78859328
2344;78892844
2345;78926360
2346;78959876
2347;78993392
2348;79026908
2349;79060424
2350;79093940
2351;79127456
2352;79160972
2353;79194488
2354;79228004
2355;79261520
2356;79295036
2357;79328552
2358;79362068
2359;79395584
2360;79429100
2361;79462616
2362;79496132
2363;79529648
2364;79563164
2365;79596680
2366;79630196
2367;79663712
2368;79697228
2369;79730744
2370;79764260
2371;79797776
2372;79831292
2373;79864808
2374;79898324
2375;79931840
2376;79965356
2377;79998872
2378;80032388
2379;80065904
2380;80099420
2381;80132936
2382;80166452
2383;80199968
2384;80233484
2385;80267000
2386;80300516
2387;80334032
2388;80367548
2389;80401064
2390;80434580
2391;80468096
2392;80501612
2393;80535128
2394;80568644
2395;80602160
2396;80635676
2397;80669192
2398;80702708
2399;80736224
2400;80769740
2401;80803256
2402;80836772
2403;80870288
2404;80903804
2405;80937320
2406;80970836
2407;81004352
2408;81037868
2409;81071384
2410;81104900
2411;81138416
2412;81171932
2413;81205448
2414;81238964
2415;81272480
2416;81305996
2417;81339512
2418;81373028
2419;81406544
2420;81440060
2421;81473576
2422;81507092
2423;81540608
2424;81574124
2425;81607640
2426;81641156
2427;81674672
2428;81708188
2429;81741704
2430;81775220
2431;81808736
2432;81842252
2433;81875768
2434;81909284
2435;81942800
2436;81976316
2437;82009832
2438;82043348
2439;82076864
2440;82110380
2441;82143896
2442;82177412
2443;82210928
2444;82244444
2445;82277960
2446;82311476
2447;82344992
2448;82378508
2449;82412024
2450;82445540
2451;82479056
2452;82512572
2453;82546088
2454;82579604
2455;82613120
2456;82646636
2457;82680152
2458;82713668
2459;82747184
2460;82780700
2461;82814216
2462;82847732
2463;82881248
2464;82914764
2465;82948280
2466;82981796
2467;83015312
2468;83048828
2469;83082344
2470;83115860
2471;83149376
2472;83182892
2473;83216408
2474;83249924
2475;83283440
2476;83316956
2477;83350472
2478;83383988
2479;83417504
2480;83451020
2481;83484536
2482;83518052
2483;83551568
2484;83585084
2485;83618600
2486;83652116
2487;83685632
2488;83719148
2489;83752664
2490;83786180
2491;83819696
2492;83853212
2493;83886728
2494;83920244
2495;83953760
2496;83987276
2497;84020792
2498;84054308
2499;84087824
2500;84121340
2501;84154856
2502;84188372
2503;84221888
2504;84255404
2505;84288920
2506;84322436
2507;84355952
2508;84389468
2509;84422984
2510;84456500
2511;84490016
2512;84523532
2513;84557048
2514;84590564
2515;84624080
2516;84657596
2517;84691112
2518;84724628
2519;84758144
2520;84892208
2521;84925724
2522;84959240
2523;84992756
2524;85026272
2525;85059788
2526;85093304
2527;85126820
2528;85227368
2529;85260884
2530;85294400
2531;85327916
2532;85361432
2533;85394948
2534;85428464
2535;85461980
2536;85495496
2537;85529012
2538;85562528
2539;85596044
2540;85629560
2541;85663076
2542;85696592
2543;85730108
2544;85763624
2545;85797140
2546;85830656
2547;85864172
2548;85897688
2549;85931204
2550;85964720
2551;85998236
2552;86031752
2553;86065268
2554;86098784
2555;86132300
