1;0
2;63213
3;96729
4;130245
5;163761
6;197277
7;230793
8;264309
9;297825
10;331341
11;364857
12;398373
13;431889
14;465405
15;498921
16;532437
17;565953
18;599469
19;632985
20;666501
21;700017
22;733533
23;767049
24;800565
25;834081
26;867597
27;901113
28;934629
29;968145
30;1001661
31;1035177
32;1068693
33;1102209
34;1135725
35;1169241
36;1202757
37;1236273
38;1269789
39;1303305
40;1336821
41;1370337
42;1403853
43;1437369
44;1470885
45;1504401
46;1537917
47;1571433
48;1604949
49;1638465
50;1671981
51;1705497
52;1739013
53;1772529
54;1806045
55;1839561
56;1873077
57;1906593
58;1940109
59;1973625
60;2007141
61;2040657
62;2074173
63;2107689
64;2141205
65;2174721
66;2208237
67;2241753
68;2275269
69;2308785
70;2342301
71;2375817
72;2409333
73;2442849
74;2476365
75;2509881
76;2543397
77;2576913
78;2610429
79;2643945
80;2677461
81;2710977
82;2744493
83;2778009
84;2811525
85;2845041
86;2878557
87;2912073
88;2945589
89;2979105
90;3012621
91;3046137
92;3079653
93;3113169
94;3146685
95;3180201
96;3213717
97;3247233
98;3280749
99;3314265
100;3347781
101;3381297
102;3414813
103;3448329
104;3481845
105;3515361
106;3548877
107;3582393
108;3615909
109;3649425
110;3682941
111;3716457
112;3749973
113;3783489
114;3817005
115;3850521
116;3884037
117;3917553
118;3951069
119;3984585
120;4018101
121;4051617
122;4085133
123;4118649
124;4152165
125;4185681
126;4219197
127;4252713
128;4286229
129;4319745
130;4353261
131;4386777
132;4420293
133;4453809
134;4487325
135;4520841
136;4554357
137;4587873
138;4621389
139;4654905
140;4688421
141;4721937
142;4755453
143;4788969
144;4822485
145;4856001
146;4889517
147;4923033
148;4956549
149;4990065
150;5023581
151;5057097
152;5090613
153;5124129
154;5157645
155;5191161
156;5224677
157;5258193
158;5291709
159;5325225
160;5358741
161;5392257
162;5425773
163;5459289
164;5492805
165;5526321
166;5559837
167;5593353
168;5626869
169;5660385
170;5693901
171;5727417
172;5760933
173;5794449
174;5827965
175;5861481
176;5894997
177;5928513
178;5962029
179;5995545
180;6029061
181;6062577
182;6096093
183;6129609
184;6163125
185;6196641
186;6230157
187;6263673
188;6297189
189;6330705
190;6364221
191;6397737
192;6431253
193;6464769
194;6498285
195;6531801
196;6565317
197;6598833
198;6632349
199;6665865
200;6699381
201;6732897
202;6766413
203;6799929
204;6833445
205;6866961
206;6900477
207;6933993
208;6967509
209;7001025
210;7034541
211;7068057
212;7101573
213;7135089
214;7168605
215;7202121
216;7235637
217;7269153
218;7302669
219;7336185
220;7369701
221;7403217
222;7436733
223;7470249
224;7503765
225;7537281
226;7570797
227;7604313
228;7637829
229;7671345
230;7704861
231;7738377
232;7771893
233;7805409
234;7838925
235;7872441
236;7905957
237;7939473
238;7972989
239;8006505
240;8040021
241;8073537
242;8107053
243;8140569
244;8174085
245;8207601
246;8241117
247;8274633
248;8308149
249;8341665
250;8375181
251;8408697
252;8442213
253;8475729
254;8509245
255;8542761
256;8576277
257;8609793
258;8643309
259;8676825
260;8710341
261;8743857
262;8777373
263;8810889
264;8844405
265;8877921
266;8911437
267;8944953
268;8978469
269;9011985
270;9045501
271;9079017
272;9112533
273;9146049
274;9179565
275;9213081
276;9246597
277;9280113
278;9313629
279;9347145
280;9380661
281;9414177
282;9447693
283;9481209
284;9514725
285;9548241
286;9581757
287;9615273
288;9648789
289;9682305
290;9715821
291;9749337
292;9782853
293;9816369
294;9849885
295;9883401
296;9916917
297;9950433
298;9983949
299;10017465
300;10050981
301;10084497
302;10118013
303;10151529
304;10185045
305;10218561
306;10252077
307;10285593
308;10319109
309;10352625
310;10386141
311;10419657
312;10453173
313;10486689
314;10520205
315;10553721
316;10587237
317;10620753
318;10654269
319;10687785
320;10721301
321;10754817
322;10788333
323;10821849
324;10855365
325;10888881
326;10922397
327;10955913
328;10989429
329;11022945
330;11056461
331;11089977
332;11123493
333;11157009
334;11190525
335;11224041
336;11257557
337;11291073
338;11324589
339;11358105
340;11391621
341;11425137
342;11458653
343;11492169
344;11525685
345;11559201
346;11592717
347;11626233
348;11659749
349;11693265
350;11726781
351;11760297
352;11793813
353;11827329
354;11860845
355;11894361
356;11927877
357;11961393
358;11994909
359;12028425
360;12061941
361;12095457
362;12128973
363;12162489
364;12196005
365;12229521
366;12263037
367;12296553
368;12330069
369;12363585
370;12397101
371;12430617
372;12464133
373;12497649
374;12531165
375;12564681
376;12598197
377;12631713
378;12665229
379;12698745
380;12732261
381;12765777
382;12799293
383;12832809
384;12866325
385;12899841
386;12933357
387;12966873
388;13000389
389;13033905
390;13067421
391;13100937
392;13134453
393;13167969
394;13201485
395;13235001
396;13268517
397;13302033
398;13335549
399;13369065
400;13402581
401;13436097
402;13469613
403;13503129
404;13536645
405;13570161
406;13603677
407;13637193
408;13670709
409;13704225
410;13737741
411;13771257
412;13804773
413;13838289
414;13871805
415;13905321
416;13938837
417;13972353
418;14005869
419;14039385
420;14072901
421;14106417
422;14139933
423;14173449
424;14206965
425;14240481
426;14273997
427;14307513
428;14341029
429;14374545
430;14408061
431;14441577
432;14475093
433;14508609
434;14542125
435;14575641
436;14609157
437;14642673
438;14676189
439;14709705
440;14743221
441;14776737
442;14810253
443;14843769
444;14877285
445;14910801
446;14944317
447;14977833
448;15011349
449;15044865
450;15078381
451;15111897
452;15145413
453;15178929
454;15212445
455;15245961
456;15279477
457;15312993
458;15346509
459;15380025
460;15413541
461;15447057
462;15480573
463;15514089
464;15547605
465;15581121
466;15614637
467;15648153
468;15681669
469;15715185
470;15748701
471;15782217
472;15815733
473;15849249
474;15882765
475;15916281
476;15949797
477;15983313
478;16016829
479;16050345
480;16083861
481;16117377
482;16150893
483;16184409
484;16217925
485;16251441
486;16284957
487;16318473
488;16351989
489;16385505
490;16419021
491;16452537
492;16486053
493;16519569
494;16553085
495;16586601
496;16620117
497;16653633
498;16687149
499;16720665
500;16754181
501;16787697
502;16821213
503;16854729
504;16888245
505;16921761
506;16955277
507;16988793
508;17022309
509;17055825
510;17089341
511;17122857
512;17156373
513;17189889
514;17223405
515;17256921
516;17290437
517;17323953
518;17357469
519;17390985
520;17424501
521;17458017
522;17491533
523;17525049
524;17558565
525;17592081
526;17625597
527;17659113
528;17692629
529;17726145
530;17759661
531;17793177
532;17826693
533;17860209
534;17893725
535;17927241
536;17960757
537;17994273
538;18027789
539;18061305
540;18094821
541;18128337
542;18161853
543;18195369
544;18228885
545;18262401
546;18295917
547;18329433
548;18362949
549;18396465
550;18429981
551;18463497
552;18497013
553;18530529
554;18564045
555;18597561
556;18631077
557;18664593
558;18698109
559;18731625
560;18765141
561;18798657
562;18832173
563;18865689
564;18899205
565;18932721
566;18966237
567;18999753
568;19033269
569;19066785
570;19100301
571;19133817
572;19301397
573;19334913
574;19368429
575;19401945
576;19435461
577;19468977
578;19502493
579;19536009
580;19569525
581;19603041
582;19636557
583;19670073
584;19703589
585;19737105
586;19770621
587;19804137
588;19837653
589;19871169
590;19904685
591;19938201
592;19971717
593;20005233
594;20038749
595;20072265
596;20172813
597;20206329
598;20239845
599;20273361
600;20306877
601;20340393
602;20373909
603;20407425
604;20440941
605;20541489
606;20575005
607;20608521
608;20642037
609;20675553
610;20709069
611;20742585
612;20776101
613;20809617
614;20843133
615;20876649
616;20910165
617;20943681
618;20977197
619;21010713
620;21044229
621;21077745
622;21111261
623;21144777
624;21312357
625;21345873
626;21379389
627;21412905
628;21446421
629;21479937
630;21513453
631;21546969
632;21580485
633;21614001
634;21647517
635;21681033
636;21714549
637;21748065
638;21781581
639;21815097
640;21848613
641;21882129
642;21915645
643;21949161
644;21982677
645;22016193
646;22049709
647;22083225
648;22116741
649;22150257
650;22183773
651;22217289
652;22250805
653;22284321
654;22317837
655;22351353
656;22384869
657;22418385
658;22451901
659;22485417
660;22518933
661;22552449
662;22585965
663;22619481
664;22652997
665;22686513
666;22720029
667;22753545
668;22787061
669;22820577
670;22854093
671;22887609
672;22921125
673;22954641
674;22988157
675;23021673
676;23055189
677;23088705
678;23122221
679;23155737
680;23189253
681;23222769
682;23256285
683;23289801
684;23323317
685;23356833
686;23390349
687;23423865
688;23457381
689;23490897
690;23524413
691;23557929
692;23591445
693;23624961
694;23658477
695;23691993
696;23725509
697;23759025
698;23792541
699;23826057
700;23859573
701;23893089
702;23926605
703;23960121
704;23993637
705;24027153
706;24060669
707;24094185
708;24127701
709;24161217
710;24194733
711;24228249
712;24261765
713;24295281
714;24328797
715;24362313
716;24395829
717;24429345
718;24462861
719;24496377
720;24529893
721;24563409
722;24596925
723;24630441
724;24663957
725;24697473
726;24730989
727;24764505
728;24798021
729;24831537
730;24865053
731;24898569
732;24932085
733;24965601
734;24999117
735;25032633
736;25066149
737;25099665
738;25133181
739;25166697
740;25200213
741;25233729
742;25267245
743;25300761
744;25334277
745;25367793
746;25401309
747;25434825
748;25468341
749;25501857
750;25535373
751;25568889
752;25602405
753;25635921
754;25669437
755;25702953
756;25736469
757;25769985
758;25803501
759;25837017
760;25870533
761;25904049
762;25937565
763;25971081
764;26004597
765;26038113
766;26071629
767;26105145
768;26138661
769;26172177
770;26205693
771;26239209
772;26272725
773;26306241
774;26339757
775;26373273
776;26406789
777;26440305
778;26473821
779;26507337
780;26540853
781;26574369
782;26607885
783;26641401
784;26674917
785;26708433
786;26741949
787;26775465
788;26808981
789;26842497
790;26876013
791;26909529
792;26943045
793;26976561
794;27010077
795;27043593
796;27077109
797;27110625
798;27144141
799;27177657
800;27211173
801;27244689
802;27278205
803;27311721
804;27345237
805;27378753
806;27412269
807;27445785
808;27479301
809;27512817
810;27546333
811;27579849
812;27613365
813;27646881
814;27680397
815;27713913
816;27747429
817;27780945
818;27814461
819;27847977
820;27881493
821;27915009
822;27948525
823;27982041
824;28015557
825;28049073
826;28082589
827;28116105
828;28149621
829;28183137
830;28216653
831;28250169
832;28283685
833;28317201
834;28350717
835;28384233
836;28417749
837;28451265
838;28484781
839;28518297
840;28551813
841;28585329
842;28618845
843;28652361
844;28685877
845;28719393
846;28752909
847;28786425
848;28819941
849;28853457
850;28886973
851;28920489
852;28954005
853;28987521
854;29021037
855;29054553
856;29088069
857;29121585
858;29155101
859;29188617
860;29222133
861;29255649
862;29289165
863;29322681
864;29356197
865;29389713
866;29423229
867;29456745
868;29490261
869;29523777
870;29557293
871;29590809
872;29624325
873;29657841
874;29691357
875;29724873
876;29758389
877;29791905
878;29825421
879;29858937
880;29892453
881;29925969
882;29959485
883;29993001
884;30026517
885;30060033
886;30093549
887;30127065
888;30160581
889;30194097
890;30227613
891;30261129
892;30294645
893;30328161
894;30361677
895;30395193
896;30428709
897;30462225
898;30495741
899;30529257
900;30562773
901;30596289
902;30629805
903;30663321
904;30696837
905;30730353
906;30763869
907;30797385
908;30830901
909;30864417
910;30897933
911;30931449
912;30964965
913;30998481
914;31031997
915;31065513
916;31099029
917;31132545
918;31166061
919;31199577
920;31233093
921;31266609
922;31300125
923;31333641
924;31367157
925;31400673
926;31434189
927;31467705
928;31501221
929;31534737
930;31568253
931;31601769
932;31635285
933;31668801
934;31702317
935;31735833
936;31769349
937;31802865
938;31836381
939;31869897
940;31903413
941;31936929
942;31970445
943;32003961
944;32037477
945;32070993
946;32104509
947;32138025
948;32171541
949;32205057
950;32238573
951;32272089
952;32305605
953;32339121
954;32372637
955;32406153
956;32439669
957;32473185
958;32506701
959;32540217
960;32573733
961;32607249
962;32640765
963;32674281
964;32707797
965;32741313
966;32774829
967;32808345
968;32841861
969;32875377
970;32908893
971;32942409
972;32975925
973;33009441
974;33042957
975;33076473
976;33109989
977;33143505
978;33177021
979;33210537
980;33244053
981;33277569
982;33311085
983;33344601
984;33378117
985;33411633
986;33445149
987;33478665
988;33512181
989;33545697
990;33579213
991;33612729
992;33646245
993;33679761
994;33713277
995;33746793
996;33780309
997;33813825
998;33847341
999;33880857
1000;33914373
1001;33947889
1002;33981405
1003;34014921
1004;34048437
1005;34081953
1006;34115469
1007;34148985
1008;34182501
1009;34216017
1010;34249533
1011;34283049
1012;34316565
1013;34350081
1014;34383597
1015;34417113
1016;34450629
1017;34484145
1018;34517661
1019;34551177
1020;34584693
1021;34618209
1022;34651725
1023;34685241
1024;34718757
1025;34752273
1026;34785789
1027;34819305
1028;34852821
1029;34886337
1030;34919853
1031;34953369
1032;34986885
1033;35020401
1034;35053917
1035;35087433
1036;35120949
1037;35154465
1038;35187981
1039;35221497
1040;35255013
1041;35288529
1042;35322045
1043;35355561
1044;35389077
1045;35422593
1046;35456109
1047;35489625
1048;35523141
1049;35556657
1050;35590173
1051;35623689
1052;35657205
1053;35690721
1054;35724237
1055;35757753
1056;35791269
1057;35824785
1058;35858301
1059;35891817
1060;35925333
1061;35958849
1062;35992365
1063;36025881
1064;36059397
1065;36092913
1066;36126429
1067;36159945
1068;36193461
1069;36226977
1070;36260493
1071;36294009
1072;36327525
1073;36361041
1074;36394557
1075;36428073
1076;36461589
1077;36495105
1078;36528621
1079;36562137
1080;36595653
1081;36629169
1082;36662685
1083;36696201
1084;36729717
1085;36763233
1086;36796749
1087;36830265
1088;36863781
1089;36897297
1090;36930813
1091;36964329
1092;36997845
1093;37031361
1094;37064877
1095;37098393
1096;37131909
1097;37165425
1098;37198941
1099;37232457
1100;37265973
1101;37299489
1102;37333005
1103;37366521
1104;37400037
1105;37433553
1106;37467069
1107;37500585
1108;37534101
1109;37567617
1110;37601133
1111;37634649
1112;37668165
1113;37701681
1114;37735197
1115;37768713
1116;37802229
1117;37835745
1118;37869261
1119;37902777
1120;37936293
1121;37969809
1122;38003325
1123;38036841
1124;38070357
1125;38103873
1126;38137389
1127;38170905
1128;38204421
1129;38237937
1130;38271453
1131;38304969
1132;38338485
1133;38372001
1134;38405517
1135;38439033
1136;38472549
1137;38506065
1138;38539581
1139;38573097
1140;38606613
1141;38640129
1142;38673645
1143;38707161
1144;38740677
1145;38774193
1146;38807709
1147;38841225
1148;38874741
1149;38908257
1150;38941773
1151;38975289
1152;39008805
1153;39042321
1154;39075837
1155;39109353
1156;39142869
1157;39176385
1158;39209901
1159;39243417
1160;39276933
1161;39310449
1162;39343965
1163;39377481
1164;39410997
1165;39444513
1166;39478029
1167;39511545
1168;39545061
1169;39578577
1170;39612093
1171;39645609
1172;39679125
1173;39712641
1174;39746157
1175;39779673
1176;39813189
1177;39846705
1178;39880221
1179;39913737
1180;39947253
1181;39980769
1182;40014285
1183;40047801
1184;40081317
1185;40114833
1186;40148349
1187;40181865
1188;40215381
1189;40248897
1190;40282413
1191;40315929
1192;40349445
1193;40382961
1194;40416477
1195;40449993
1196;40483509
1197;40517025
1198;40550541
1199;40584057
1200;40617573
1201;40651089
1202;40684605
1203;40718121
1204;40751637
1205;40785153
1206;40818669
1207;40852185
1208;40885701
1209;40919217
1210;40952733
1211;40986249
1212;41019765
1213;41053281
1214;41086797
1215;41120313
1216;41153829
1217;41187345
1218;41220861
1219;41254377
1220;41287893
1221;41321409
1222;41354925
1223;41388441
1224;41421957
1225;41455473
1226;41488989
1227;41522505
1228;41556021
1229;41589537
1230;41623053
1231;41656569
1232;41690085
1233;41723601
1234;41757117
1235;41790633
1236;41824149
1237;41857665
1238;41891181
1239;41924697
1240;41958213
1241;41991729
1242;42025245
1243;42058761
1244;42092277
1245;42125793
1246;42159309
1247;42192825
1248;42226341
1249;42259857
1250;42293373
1251;42326889
1252;42360405
1253;42393921
1254;42427437
1255;42460953
1256;42494469
1257;42527985
1258;42561501
1259;42595017
1260;42628533
1261;42662049
1262;42695565
1263;42729081
1264;42762597
1265;42796113
1266;42829629
1267;42863145
1268;42896661
1269;42930177
1270;42963693
1271;42997209
1272;43030725
1273;43064241
1274;43097757
1275;43131273
1276;43164789
1277;43198305
1278;43231821
1279;43265337
1280;43298853
1281;43332369
1282;43365885
1283;43399401
1284;43432917
1285;43466433
1286;43499949
1287;43533465
1288;43566981
1289;43600497
1290;43634013
1291;43667529
1292;43701045
1293;43734561
1294;43768077
1295;43801593
1296;43835109
1297;43868625
1298;43902141
1299;43935657
1300;43969173
1301;44002689
1302;44036205
1303;44069721
1304;44103237
1305;44136753
1306;44170269
1307;44203785
1308;44237301
1309;44270817
1310;44304333
1311;44337849
1312;44371365
1313;44404881
1314;44438397
1315;44471913
1316;44505429
1317;44538945
1318;44572461
1319;44605977
1320;44639493
1321;44673009
1322;44706525
1323;44740041
1324;44773557
1325;44807073
1326;44840589
1327;44874105
1328;44907621
1329;44941137
1330;44974653
1331;45008169
1332;45041685
1333;45075201
1334;45108717
1335;45142233
1336;45175749
1337;45209265
1338;45242781
1339;45276297
1340;45309813
1341;45343329
1342;45376845
1343;45410361
1344;45443877
1345;45477393
1346;45510909
1347;45544425
1348;45577941
1349;45611457
1350;45644973
1351;45678489
1352;45712005
1353;45745521
1354;45779037
1355;45812553
1356;45846069
1357;45879585
1358;45913101
1359;45946617
1360;45980133
1361;46013649
1362;46047165
1363;46080681
1364;46114197
1365;46147713
1366;46181229
1367;46214745
1368;46248261
1369;46281777
1370;46315293
1371;46348809
1372;46382325
1373;46415841
1374;46449357
1375;46482873
1376;46516389
1377;46549905
1378;46583421
1379;46616937
1380;46650453
1381;46683969
1382;46717485
1383;46751001
1384;46784517
1385;46818033
1386;46851549
1387;46885065
1388;46918581
1389;46952097
1390;46985613
1391;47019129
1392;47052645
1393;47086161
1394;47119677
1395;47153193
1396;47186709
1397;47220225
1398;47253741
1399;47287257
1400;47320773
1401;47354289
1402;47387805
1403;47421321
1404;47454837
1405;47488353
1406;47521869
1407;47555385
1408;47588901
1409;47622417
1410;47655933
1411;47689449
1412;47722965
1413;47756481
1414;47789997
1415;47823513
1416;47857029
1417;47890545
1418;47924061
1419;47957577
1420;47991093
1421;48024609
1422;48058125
1423;48091641
1424;48125157
1425;48158673
1426;48192189
1427;48225705
1428;48259221
1429;48292737
1430;48326253
1431;48359769
1432;48393285
1433;48426801
1434;48460317
1435;48493833
1436;48527349
1437;48560865
1438;48594381
1439;48627897
1440;48661413
1441;48694929
1442;48728445
1443;48761961
1444;48795477
1445;48828993
1446;48862509
1447;48896025
1448;48929541
1449;48963057
1450;48996573
1451;49030089
1452;49063605
1453;49097121
1454;49130637
1455;49164153
1456;49197669
1457;49231185
1458;49264701
1459;49298217
1460;49331733
1461;49365249
1462;49398765
1463;49432281
1464;49465797
1465;49499313
1466;49532829
1467;49566345
1468;49599861
1469;49633377
1470;49666893
1471;49700409
1472;49733925
1473;49767441
1474;49800957
1475;49834473
1476;49867989
1477;49901505
1478;49935021
1479;49968537
1480;50002053
1481;50035569
1482;50069085
1483;50102601
1484;50136117
1485;50169633
1486;50203149
1487;50236665
1488;50270181
1489;50303697
1490;50337213
1491;50370729
1492;50404245
1493;50437761
1494;50471277
1495;50504793
1496;50538309
1497;50571825
1498;50605341
1499;50638857
1500;50672373
1501;50705889
1502;50739405
1503;50772921
1504;50806437
1505;50839953
1506;50873469
1507;50906985
1508;50940501
1509;50974017
1510;51007533
1511;51041049
1512;51074565
1513;51108081
1514;51141597
1515;51175113
1516;51208629
1517;51242145
1518;51275661
1519;51309177
1520;51342693
1521;51376209
1522;51409725
1523;51443241
1524;51476757
1525;51510273
1526;51543789
1527;51577305
1528;51610821
1529;51644337
1530;51677853
1531;51711369
1532;51744885
1533;51778401
1534;51811917
1535;51845433
1536;51878949
1537;51912465
1538;51945981
1539;51979497
1540;52013013
1541;52046529
1542;52080045
1543;52113561
1544;52147077
1545;52180593
1546;52214109
1547;52247625
1548;52281141
1549;52314657
1550;52348173
1551;52381689
1552;52415205
1553;52448721
1554;52482237
1555;52515753
1556;52549269
1557;52582785
1558;52616301
1559;52649817
1560;52683333
1561;52716849
1562;52750365
1563;52783881
1564;52817397
1565;52850913
1566;52884429
1567;52917945
1568;52951461
1569;52984977
1570;53018493
1571;53052009
1572;53085525
1573;53119041
1574;53152557
1575;53186073
1576;53219589
1577;53253105
1578;53286621
1579;53320137
1580;53353653
1581;53387169
1582;53420685
1583;53454201
1584;53487717
1585;53521233
1586;53554749
1587;53588265
1588;53621781
1589;53655297
1590;53688813
1591;53722329
1592;53755845
1593;53789361
1594;53822877
1595;53856393
1596;53889909
1597;53923425
1598;53956941
1599;53990457
1600;54023973
1601;54057489
1602;54091005
1603;54258585
1604;54292101
1605;54325617
1606;54359133
1607;54392649
1608;54426165
1609;54459681
1610;54493197
1611;54526713
1612;54727809
1613;54761325
1614;54794841
1615;54828357
1616;54861873
1617;54895389
1618;54928905
1619;54962421
1620;54995937
1621;55029453
1622;55062969
1623;55096485
1624;55130001
1625;55163517
1626;55197033
1627;55230549
1628;55264065
1629;55297581
1630;55331097
1631;55364613
1632;55398129
1633;55431645
1634;55465161
1635;55666257
1636;55699773
1637;55733289
1638;55766805
1639;55800321
1640;55833837
1641;55867353
1642;55900869
1643;55934385
1644;55967901
1645;56001417
1646;56034933
1647;56068449
1648;56101965
1649;56135481
1650;56168997
1651;56202513
1652;56236029
1653;56269545
1654;56303061
1655;56336577
1656;56370093
1657;56403609
1658;56437125
1659;56470641
1660;56504157
1661;56537673
1662;56571189
1663;56671737
1664;56705253
1665;56738769
1666;56772285
1667;56805801
1668;56839317
1669;56872833
1670;56906349
1671;56939865
1672;56973381
1673;57006897
1674;57040413
1675;57073929
1676;57107445
1677;57140961
1678;57174477
1679;57207993
1680;57241509
1681;57275025
1682;57308541
1683;57342057
1684;57375573
1685;57409089
1686;57442605
1687;57476121
1688;57509637
1689;57543153
1690;57576669
1691;57610185
1692;57643701
1693;57677217
1694;57710733
1695;57744249
1696;57777765
1697;57811281
1698;57844797
1699;57878313
1700;57911829
1701;57945345
1702;57978861
1703;58012377
1704;58045893
1705;58079409
1706;58112925
1707;58146441
1708;58179957
1709;58213473
1710;58246989
1711;58280505
1712;58314021
1713;58347537
1714;58381053
1715;58414569
1716;58448085
1717;58481601
1718;58515117
1719;58548633
1720;58582149
1721;58615665
1722;58649181
1723;58682697
1724;58716213
1725;58749729
1726;58783245
1727;58816761
1728;58850277
1729;58883793
1730;58917309
1731;58950825
1732;58984341
1733;59017857
1734;59051373
1735;59084889
1736;59118405
1737;59151921
1738;59185437
1739;59218953
1740;59252469
1741;59285985
1742;59319501
1743;59353017
1744;59386533
1745;59420049
1746;59453565
1747;59487081
1748;59520597
1749;59554113
1750;59587629
1751;59621145
1752;59654661
1753;59688177
1754;59721693
1755;59755209
1756;59788725
1757;59822241
1758;59855757
1759;59889273
1760;59922789
1761;59956305
1762;59989821
1763;60023337
1764;60056853
1765;60090369
1766;60123885
1767;60157401
1768;60190917
1769;60224433
1770;60257949
1771;60291465
1772;60324981
1773;60358497
1774;60392013
1775;60425529
1776;60459045
1777;60492561
1778;60526077
1779;60559593
1780;60593109
1781;60626625
1782;60660141
1783;60693657
1784;60727173
1785;60760689
1786;60794205
1787;60827721
1788;60861237
1789;60894753
1790;60928269
1791;60961785
1792;60995301
1793;61028817
1794;61062333
1795;61095849
1796;61129365
1797;61162881
1798;61196397
1799;61229913
1800;61263429
1801;61296945
1802;61330461
1803;61363977
1804;61397493
1805;61431009
1806;61464525
1807;61498041
1808;61531557
1809;61565073
1810;61598589
1811;61632105
1812;61665621
1813;61699137
1814;61732653
1815;61766169
1816;61799685
1817;61833201
1818;61866717
1819;61900233
1820;61933749
1821;61967265
1822;62000781
1823;62034297
1824;62067813
1825;62101329
1826;62134845
1827;62168361
1828;62201877
1829;62235393
1830;62268909
1831;62302425
1832;62335941
1833;62369457
1834;62402973
1835;62436489
1836;62470005
1837;62503521
1838;62537037
1839;62570553
1840;62604069
1841;62637585
1842;62671101
1843;62704617
1844;62738133
1845;62771649
1846;62805165
1847;62838681
1848;62872197
1849;62905713
1850;62939229
1851;62972745
1852;63006261
1853;63039777
1854;63073293
1855;63173841
1856;63207357
1857;63240873
1858;63274389
1859;63307905
1860;63341421
1861;63374937
1862;63408453
1863;63441969
1864;63475485
1865;63509001
1866;63542517
1867;63576033
1868;63609549
1869;63643065
1870;63676581
1871;63710097
1872;63743613
1873;63777129
1874;63810645
1875;63844161
1876;63877677
1877;63911193
1878;63944709
1879;63978225
1880;64011741
1881;64045257
1882;64078773
1883;64112289
1884;64145805
1885;64179321
1886;64212837
1887;64246353
1888;64279869
1889;64313385
1890;64346901
1891;64380417
1892;64413933
1893;64447449
1894;64480965
1895;64514481
1896;64547997
1897;64581513
1898;64615029
1899;64648545
1900;64682061
1901;64715577
1902;64749093
1903;64782609
1904;64816125
1905;64849641
1906;64883157
1907;64916673
1908;64950189
1909;64983705
1910;65017221
1911;65050737
1912;65084253
1913;65117769
1914;65151285
1915;65184801
1916;65218317
1917;65251833
1918;65285349
1919;65318865
1920;65352381
1921;65385897
1922;65419413
1923;65452929
1924;65486445
1925;65519961
1926;65553477
1927;65586993
1928;65620509
1929;65654025
1930;65687541
1931;65721057
1932;65754573
1933;65788089
1934;65821605
1935;65855121
1936;65888637
1937;65922153
1938;65955669
1939;65989185
1940;66022701
1941;66056217
1942;66089733
1943;66123249
1944;66156765
1945;66190281
1946;66223797
1947;66257313
1948;66290829
1949;66324345
1950;66357861
1951;66391377
1952;66424893
1953;66458409
1954;66491925
1955;66525441
1956;66558957
1957;66592473
1958;66625989
1959;66659505
1960;66693021
1961;66726537
1962;66760053
1963;66793569
1964;66827085
1965;66860601
1966;66894117
1967;66927633
1968;66961149
1969;66994665
1970;67028181
1971;67061697
1972;67095213
1973;67128729
1974;67162245
1975;67195761
1976;67229277
1977;67262793
1978;67296309
1979;67329825
1980;67363341
1981;67396857
1982;67430373
1983;67463889
1984;67497405
1985;67530921
1986;67564437
1987;67597953
1988;67631469
1989;67664985
1990;67698501
1991;67732017
1992;67765533
1993;67799049
1994;67832565
1995;67866081
1996;67899597
1997;67933113
1998;67966629
1999;68000145
2000;68033661
2001;68067177
2002;68100693
2003;68134209
2004;68167725
2005;68201241
2006;68234757
2007;68268273
2008;68301789
2009;68335305
2010;68368821
2011;68402337
2012;68435853
2013;68469369
2014;68502885
2015;68536401
2016;68569917
2017;68603433
2018;68636949
2019;68670465
2020;68703981
2021;68737497
2022;68771013
2023;68804529
2024;68838045
2025;68871561
2026;68905077
2027;68938593
2028;68972109
2029;69005625
2030;69039141
2031;69072657
2032;69106173
2033;69139689
2034;69173205
2035;69206721
2036;69240237
2037;69273753
2038;69307269
2039;69340785
2040;69374301
2041;69407817
2042;69441333
2043;69474849
2044;69508365
2045;69541881
2046;69575397
2047;69608913
2048;69642429
2049;69675945
2050;69709461
2051;69742977
2052;69776493
2053;69810009
2054;69843525
2055;69877041
2056;69910557
2057;69944073
2058;69977589
2059;70011105
2060;70044621
2061;70078137
2062;70111653
2063;70145169
2064;70178685
2065;70212201
2066;70245717
2067;70279233
2068;70312749
2069;70346265
2070;70379781
2071;70413297
2072;70446813
2073;70480329
2074;70513845
2075;70547361
2076;70580877
2077;70614393
2078;70647909
2079;70681425
2080;70714941
2081;70748457
2082;70781973
2083;70815489
2084;70849005
2085;70882521
2086;70916037
2087;70949553
2088;70983069
2089;71016585
2090;71050101
2091;71083617
2092;71117133
2093;71150649
2094;71184165
2095;71217681
2096;71251197
2097;71284713
2098;71318229
2099;71351745
2100;71385261
2101;71418777
2102;71452293
2103;71485809
2104;71519325
2105;71552841
2106;71586357
2107;71619873
2108;71653389
2109;71686905
2110;71720421
2111;71753937
2112;71787453
2113;71820969
2114;71854485
2115;71888001
2116;71921517
2117;71955033
2118;71988549
2119;72022065
2120;72055581
2121;72089097
2122;72122613
2123;72156129
2124;72189645
2125;72223161
2126;72256677
2127;72290193
2128;72323709
2129;72357225
2130;72390741
2131;72424257
2132;72457773
2133;72491289
2134;72524805
2135;72558321
2136;72591837
2137;72625353
2138;72658869
2139;72692385
2140;72725901
2141;72759417
2142;72792933
2143;72826449
2144;72859965
2145;72893481
2146;72926997
2147;72960513
2148;72994029
2149;73027545
2150;73061061
2151;73094577
2152;73128093
2153;73161609
2154;73195125
2155;73228641
2156;73262157
2157;73295673
2158;73329189
2159;73362705
2160;73396221
2161;73429737
2162;73463253
2163;73496769
2164;73530285
2165;73563801
2166;73597317
2167;73630833
2168;73664349
2169;73697865
2170;73731381
2171;73764897
2172;73798413
2173;73831929
2174;73865445
2175;73898961
2176;73932477
2177;73965993
2178;73999509
2179;74033025
2180;74066541
2181;74100057
2182;74133573
2183;74167089
2184;74200605
2185;74234121
2186;74267637
2187;74301153
2188;74334669
2189;74368185
2190;74401701
2191;74435217
2192;74468733
2193;74502249
2194;74535765
2195;74569281
2196;74602797
2197;74636313
2198;74669829
2199;74703345
2200;74736861
2201;74770377
2202;74803893
2203;74837409
2204;74870925
2205;74904441
2206;74937957
2207;74971473
2208;75004989
2209;75038505
2210;75072021
2211;75105537
2212;75139053
2213;75172569
2214;75206085
2215;75239601
2216;75273117
2217;75306633
2218;75340149
2219;75373665
2220;75407181
2221;75440697
2222;75474213
2223;75507729
2224;75541245
2225;75574761
2226;75608277
2227;75641793
2228;75675309
2229;75708825
2230;75742341
2231;75775857
2232;75809373
2233;75842889
2234;75876405
2235;75909921
2236;75943437
2237;75976953
2238;76010469
2239;76043985
2240;76077501
2241;76111017
2242;76144533
2243;76178049
2244;76211565
2245;76245081
2246;76278597
2247;76312113
2248;76345629
2249;76379145
2250;76412661
2251;76446177
2252;76479693
2253;76513209
2254;76546725
2255;76580241
2256;76613757
2257;76647273
2258;76680789
2259;76714305
2260;76747821
2261;76781337
2262;76814853
2263;76848369
2264;76881885
2265;76915401
2266;76948917
2267;76982433
2268;77015949
2269;77049465
2270;77082981
2271;77116497
2272;77150013
2273;77183529
2274;77217045
2275;77250561
2276;77284077
2277;77317593
2278;77351109
2279;77384625
2280;77418141
2281;77451657
2282;77485173
2283;77518689
2284;77552205
2285;77585721
2286;77619237
2287;77652753
2288;77686269
2289;77719785
2290;77753301
2291;77786817
2292;77820333
2293;77853849
2294;77887365
2295;77920881
2296;77954397
2297;77987913
2298;78021429
2299;78054945
2300;78088461
2301;78121977
2302;78155493
2303;78189009
2304;78222525
2305;78256041
2306;78289557
2307;78323073
2308;78356589
2309;78390105
2310;78423621
2311;78457137
2312;78490653
2313;78524169
2314;78557685
2315;78591201
2316;78624717
2317;78658233
2318;78691749
2319;78725265
2320;78758781
2321;78792297
2322;78825813
2323;78859329
2324;78892845
2325;78926361
2326;78959877
2327;78993393
2328;79026909
2329;79060425
2330;79093941
2331;79127457
2332;79160973
2333;79194489
2334;79228005
2335;79261521
2336;79295037
2337;79328553
2338;79362069
2339;79395585
2340;79429101
2341;79462617
2342;79496133
2343;79529649
2344;79563165
2345;79596681
2346;79630197
2347;79663713
2348;79697229
2349;79730745
2350;79764261
2351;79797777
2352;79831293
2353;79864809
2354;79898325
2355;79931841
2356;79965357
2357;79998873
2358;80032389
2359;80065905
2360;80099421
2361;80132937
2362;80166453
2363;80199969
2364;80233485
2365;80267001
2366;80300517
2367;80334033
2368;80367549
2369;80401065
2370;80434581
2371;80468097
2372;80501613
2373;80535129
2374;80568645
2375;80602161
2376;80635677
2377;80669193
2378;80702709
2379;80736225
2380;80769741
2381;80803257
2382;80836773
2383;80870289
2384;80903805
2385;80937321
2386;80970837
2387;81004353
2388;81037869
2389;81071385
2390;81104901
2391;81138417
2392;81171933
2393;81205449
2394;81238965
2395;81272481
2396;81305997
2397;81339513
2398;81373029
2399;81406545
2400;81440061
2401;81473577
2402;81507093
2403;81540609
2404;81574125
2405;81607641
2406;81641157
2407;81674673
2408;81708189
2409;81741705
2410;81775221
2411;81808737
2412;81842253
2413;81875769
2414;81909285
2415;81942801
2416;81976317
2417;82009833
2418;82043349
2419;82076865
2420;82110381
2421;82143897
2422;82177413
2423;82210929
2424;82244445
2425;82277961
2426;82311477
2427;82344993
2428;82378509
2429;82412025
2430;82445541
2431;82479057
2432;82512573
2433;82546089
2434;82579605
2435;82613121
2436;82646637
2437;82680153
2438;82713669
2439;82747185
2440;82780701
2441;82814217
2442;82847733
2443;82881249
2444;82914765
2445;82948281
2446;82981797
2447;83015313
2448;83048829
2449;83082345
2450;83115861
2451;83149377
2452;83182893
2453;83216409
2454;83249925
2455;83283441
2456;83316957
2457;83350473
2458;83383989
2459;83417505
2460;83451021
2461;83484537
2462;83518053
2463;83551569
2464;83585085
2465;83618601
2466;83652117
2467;83685633
2468;83719149
2469;83752665
2470;83786181
2471;83819697
2472;83853213
2473;83886729
2474;83920245
2475;83953761
2476;83987277
2477;84020793
2478;84054309
2479;84087825
2480;84121341
2481;84154857
2482;84188373
2483;84221889
2484;84255405
2485;84288921
2486;84322437
2487;84355953
2488;84389469
2489;84422985
2490;84456501
2491;84490017
2492;84523533
2493;84557049
2494;84590565
2495;84624081
2496;84657597
2497;84691113
2498;84724629
2499;84758145
2500;84791661
2501;84825177
2502;84858693
2503;84892209
2504;84925725
2505;84959241
2506;84992757
2507;85026273
2508;85059789
2509;85093305
2510;85126821
2511;85160337
2512;85193853
2513;85227369
2514;85260885
2515;85294401
2516;85327917
2517;85361433
2518;85394949
2519;85428465
2520;85461981
2521;85495497
2522;85529013
2523;85562529
2524;85596045
2525;85629561
2526;85663077
2527;85696593
2528;85730109
2529;85763625
2530;85797141
2531;85830657
2532;85864173
2533;85897689
2534;85931205
2535;85964721
2536;85998237
2537;86031753
2538;86065269
2539;86098785
2540;86132301
2541;86165817
2542;86199333
2543;86232849
2544;86266365
2545;86299881
2546;86333397
2547;86366913
2548;86400429
2549;86433945
2550;86467461
2551;86500977
2552;86534493
2553;86568009
2554;86601525
2555;86635041
2556;86668557
2557;86702073
2558;86735589
2559;86769105
2560;86802621
2561;86836137
2562;86869653
2563;86903169
2564;86936685
2565;86970201
2566;87003717
2567;87037233
2568;87070749
2569;87104265
2570;87137781
2571;87171297
2572;87204813
2573;87238329
2574;87271845
2575;87305361
2576;87338877
2577;87372393
2578;87405909
2579;87439425
2580;87472941
2581;87506457
2582;87539973
2583;87573489
2584;87607005
2585;87640521
2586;87674037
2587;87707553
2588;87741069
2589;87774585
2590;87808101
2591;87841617
2592;87875133
2593;87908649
2594;87942165
2595;87975681
2596;88009197
2597;88042713
2598;88076229
2599;88109745
2600;88143261
2601;88176777
2602;88210293
2603;88243809
2604;88277325
2605;88310841
2606;88344357
2607;88377873
2608;88411389
2609;88444905
2610;88478421
2611;88511937
2612;88545453
2613;88578969
2614;88612485
2615;88646001
2616;88679517
2617;88713033
2618;88746549
2619;88780065
2620;88813581
2621;88847097
2622;88880613
2623;88914129
2624;88947645
2625;88981161
2626;89014677
2627;89048193
2628;89081709
2629;89115225
2630;89148741
2631;89182257
2632;89215773
2633;89249289
2634;89282805
2635;89316321
2636;89349837
2637;89383353
2638;89416869
2639;89450385
2640;89483901
2641;89517417
2642;89550933
2643;89584449
2644;89617965
2645;89651481
2646;89684997
2647;89718513
2648;89752029
2649;89785545
2650;89819061
2651;89852577
2652;89886093
2653;89919609
2654;89953125
2655;89986641
2656;90020157
2657;90053673
2658;90087189
2659;90120705
2660;90154221
2661;90187737
2662;90221253
2663;90254769
2664;90288285
2665;90321801
2666;90355317
2667;90388833
2668;90422349
2669;90455865
2670;90489381
2671;90522897
2672;90556413
2673;90589929
2674;90623445
2675;90656961
2676;90690477
2677;90723993
2678;90757509
2679;90791025
2680;90824541
2681;90858057
2682;90891573
2683;90925089
2684;90958605
2685;90992121
2686;91025637
2687;91059153
2688;91092669
2689;91126185
2690;91159701
2691;91193217
2692;91226733
2693;91260249
2694;91293765
2695;91327281
2696;91360797
2697;91394313
2698;91427829
2699;91461345
2700;91494861
2701;91528377
2702;91561893
2703;91595409
2704;91628925
2705;91662441
2706;91695957
2707;91729473
2708;91762989
2709;91796505
2710;91830021
2711;91863537
2712;91897053
2713;91930569
2714;91964085
2715;91997601
2716;92031117
2717;92064633
2718;92098149
2719;92131665
2720;92165181
2721;92198697
2722;92232213
2723;92265729
2724;92299245
2725;92332761
2726;92366277
2727;92399793
2728;92433309
2729;92466825
2730;92500341
2731;92533857
2732;92567373
2733;92600889
2734;92634405
2735;92667921
2736;92701437
2737;92734953
2738;92768469
2739;92801985
2740;92835501
2741;92869017
2742;92902533
2743;92936049
2744;92969565
2745;93003081
2746;93036597
2747;93070113
2748;93103629
2749;93137145
2750;93170661
2751;93204177
2752;93237693
2753;93271209
2754;93304725
2755;93338241
2756;93371757
2757;93405273
2758;93438789
2759;93472305
2760;93505821
2761;93539337
2762;93572853
2763;93606369
2764;93639885
2765;93673401
2766;93706917
2767;93740433
2768;93773949
2769;93807465
2770;93840981
2771;93874497
2772;93908013
2773;93941529
2774;93975045
2775;94008561
2776;94042077
2777;94075593
2778;94109109
2779;94142625
2780;94176141
2781;94209657
2782;94243173
2783;94276689
