1;0
2;63212
3;96728
4;130244
5;163760
6;197276
7;230792
8;264308
9;297824
10;331340
11;364856
12;398372
13;431888
14;465404
15;498920
16;532436
17;565952
18;599468
19;632984
20;666500
21;700016
22;733532
23;767048
24;800564
25;834080
26;867596
27;901112
28;934628
29;968144
30;1001660
31;1035176
32;1068692
33;1102208
34;1135724
35;1169240
36;1202756
37;1236272
38;1269788
39;1303304
40;1336820
41;1370336
42;1403852
43;1437368
44;1470884
45;1504400
46;1537916
47;1571432
48;1604948
49;1638464
50;1671980
51;1705496
52;1739012
53;1772528
54;1806044
55;1839560
56;1873076
57;1906592
58;1940108
59;1973624
60;2007140
61;2040656
62;2074172
63;2107688
64;2141204
65;2174720
66;2208236
67;2241752
68;2275268
69;2308784
70;2342300
71;2375816
72;2409332
73;2442848
74;2476364
75;2509880
76;2543396
77;2576912
78;2610428
79;2643944
80;2677460
81;2710976
82;2744492
83;2778008
84;2811524
85;2845040
86;2878556
87;2912072
88;2945588
89;2979104
90;3012620
91;3046136
92;3079652
93;3113168
94;3146684
95;3180200
96;3213716
97;3247232
98;3280748
99;3314264
100;3347780
101;3381296
102;3414812
103;3448328
104;3481844
105;3515360
106;3548876
107;3582392
108;3615908
109;3649424
110;3682940
111;3716456
112;3749972
113;3783488
114;3817004
115;3850520
116;3884036
117;3917552
118;3951068
119;3984584
120;4018100
121;4051616
122;4085132
123;4118648
124;4152164
125;4185680
126;4219196
127;4252712
128;4286228
129;4319744
130;4353260
131;4386776
132;4420292
133;4453808
134;4487324
135;4520840
136;4554356
137;4587872
138;4621388
139;4654904
140;4688420
141;4721936
142;4755452
143;4788968
144;4822484
145;4856000
146;4889516
147;4923032
148;4956548
149;4990064
150;5023580
151;5057096
152;5090612
153;5124128
154;5157644
155;5191160
156;5224676
157;5258192
158;5291708
159;5325224
160;5358740
161;5392256
162;5425772
163;5459288
164;5492804
165;5526320
166;5559836
167;5593352
168;5626868
169;5660384
170;5693900
171;5727416
172;5760932
173;5794448
174;5827964
175;5861480
176;5894996
177;5928512
178;5962028
179;5995544
180;6029060
181;6062576
182;6096092
183;6129608
184;6163124
185;6196640
186;6230156
187;6263672
188;6297188
189;6330704
190;6364220
191;6397736
192;6431252
193;6464768
194;6498284
195;6531800
196;6565316
197;6598832
198;6632348
199;6665864
200;6699380
201;6732896
202;6766412
203;6799928
204;6833444
205;6866960
206;6900476
207;6933992
208;6967508
209;7001024
210;7034540
211;7068056
212;7101572
213;7135088
214;7168604
215;7202120
216;7235636
217;7269152
218;7302668
219;7336184
220;7369700
221;7403216
222;7436732
223;7470248
224;7503764
225;7537280
226;7570796
227;7604312
228;7637828
229;7671344
230;7704860
231;7738376
232;7771892
233;7805408
234;7838924
235;7872440
236;7905956
237;7939472
238;7972988
239;8006504
240;8040020
241;8073536
242;8107052
243;8140568
244;8174084
245;8207600
246;8241116
247;8274632
248;8308148
249;8341664
250;8375180
251;8408696
252;8442212
253;8475728
254;8509244
255;8542760
256;8576276
257;8609792
258;8643308
259;8676824
260;8710340
261;8743856
262;8777372
263;8810888
264;8844404
265;8877920
266;8911436
267;8944952
268;8978468
269;9011984
270;9045500
271;9079016
272;9112532
273;9146048
274;9179564
275;9213080
276;9246596
277;9280112
278;9313628
279;9347144
280;9380660
281;9414176
282;9447692
283;9481208
284;9514724
285;9548240
286;9581756
287;9615272
288;9648788
289;9682304
290;9715820
291;9749336
292;9782852
293;9816368
294;9849884
295;9883400
296;9916916
297;9950432
298;9983948
299;10017464
300;10050980
301;10084496
302;10118012
303;10151528
304;10185044
305;10218560
306;10252076
307;10285592
308;10319108
309;10352624
310;10386140
311;10419656
312;10453172
313;10486688
314;10520204
315;10553720
316;10587236
317;10620752
318;10654268
319;10687784
320;10721300
321;10754816
322;10788332
323;10821848
324;10855364
325;10888880
326;10922396
327;10955912
328;10989428
329;11022944
330;11056460
331;11089976
332;11123492
333;11157008
334;11190524
335;11224040
336;11257556
337;11291072
338;11324588
339;11358104
340;11391620
341;11425136
342;11458652
343;11492168
344;11525684
345;11559200
346;11592716
347;11626232
348;11659748
349;11693264
350;11726780
351;11760296
352;11793812
353;11827328
354;11860844
355;11894360
356;11927876
357;11961392
358;11994908
359;12028424
360;12061940
361;12095456
362;12128972
363;12162488
364;12196004
365;12229520
366;12263036
367;12296552
368;12330068
369;12363584
370;12397100
371;12430616
372;12464132
373;12497648
374;12531164
375;12564680
376;12598196
377;12631712
378;12665228
379;12698744
380;12732260
381;12765776
382;12799292
383;12832808
384;12866324
385;12899840
386;12933356
387;12966872
388;13000388
389;13033904
390;13067420
391;13100936
392;13134452
393;13167968
394;13201484
395;13235000
396;13268516
397;13302032
398;13335548
399;13369064
400;13402580
401;13436096
402;13469612
403;13503128
404;13536644
405;13570160
406;13603676
407;13637192
408;13670708
409;13704224
410;13737740
411;13771256
412;13804772
413;13838288
414;13871804
415;13905320
416;13938836
417;13972352
418;14005868
419;14039384
420;14072900
421;14106416
422;14139932
423;14173448
424;14206964
425;14240480
426;14273996
427;14307512
428;14341028
429;14374544
430;14408060
431;14441576
432;14475092
433;14508608
434;14542124
435;14575640
436;14609156
437;14642672
438;14676188
439;14709704
440;14743220
441;14776736
442;14810252
443;14843768
444;14877284
445;14910800
446;14944316
447;14977832
448;15011348
449;15044864
450;15078380
451;15111896
452;15145412
453;15178928
454;15212444
455;15245960
456;15279476
457;15312992
458;15346508
459;15380024
460;15413540
461;15447056
462;15480572
463;15514088
464;15547604
465;15581120
466;15614636
467;15648152
468;15681668
469;15715184
470;15748700
471;15782216
472;15815732
473;15849248
474;15882764
475;15916280
476;15949796
477;15983312
478;16016828
479;16050344
480;16083860
481;16117376
482;16150892
483;16184408
484;16217924
485;16251440
486;16284956
487;16318472
488;16351988
489;16385504
490;16419020
491;16452536
492;16486052
493;16519568
494;16553084
495;16586600
496;16620116
497;16653632
498;16687148
499;16720664
500;16754180
501;16787696
502;16821212
503;16854728
504;16888244
505;16921760
506;16955276
507;16988792
508;17022308
509;17055824
510;17089340
511;17122856
512;17156372
513;17189888
514;17223404
515;17256920
516;17290436
517;17323952
518;17357468
519;17390984
520;17424500
521;17458016
522;17491532
523;17525048
524;17558564
525;17592080
526;17625596
527;17659112
528;17692628
529;17726144
530;17759660
531;17793176
532;17826692
533;17860208
534;17893724
535;17927240
536;17960756
537;17994272
538;18027788
539;18061304
540;18094820
541;18128336
542;18161852
543;18195368
544;18228884
545;18262400
546;18295916
547;18329432
548;18362948
549;18396464
550;18429980
551;18463496
552;18497012
553;18530528
554;18564044
555;18597560
556;18631076
557;18664592
558;18698108
559;18731624
560;18765140
561;18798656
562;18832172
563;18865688
564;18899204
565;18932720
566;18966236
567;18999752
568;19033268
569;19066784
570;19100300
571;19133816
572;19167332
573;19200848
574;19234364
575;19267880
576;19301396
577;19334912
578;19368428
579;19401944
580;19435460
581;19468976
582;19502492
583;19536008
584;19569524
585;19603040
586;19636556
587;19670072
588;19703588
589;19737104
590;19770620
591;19804136
592;19837652
593;19871168
594;19904684
595;19938200
596;19971716
597;20005232
598;20038748
599;20072264
600;20105780
601;20139296
602;20172812
603;20206328
604;20239844
605;20273360
606;20306876
607;20340392
608;20373908
609;20407424
610;20440940
611;20474456
612;20507972
613;20541488
614;20575004
615;20608520
616;20642036
617;20675552
618;20709068
619;20742584
620;20776100
621;20809616
622;20843132
623;20876648
624;20910164
625;20943680
626;20977196
627;21010712
628;21044228
629;21077744
630;21111260
631;21144776
632;21178292
633;21211808
634;21245324
635;21278840
636;21312356
637;21345872
638;21379388
639;21412904
640;21446420
641;21479936
642;21513452
643;21546968
644;21580484
645;21614000
646;21647516
647;21681032
648;21714548
649;21748064
650;21781580
651;21815096
652;21848612
653;21882128
654;21915644
655;21949160
656;21982676
657;22016192
658;22049708
659;22083224
660;22116740
661;22150256
662;22183772
663;22217288
664;22250804
665;22284320
666;22317836
667;22351352
668;22384868
669;22418384
670;22451900
671;22485416
672;22518932
673;22552448
674;22585964
675;22619480
676;22652996
677;22686512
678;22720028
679;22753544
680;22787060
681;22820576
682;22854092
683;22887608
684;22921124
685;22954640
686;22988156
687;23021672
688;23055188
689;23088704
690;23122220
691;23155736
692;23189252
693;23222768
694;23256284
695;23289800
696;23323316
697;23356832
698;23390348
699;23423864
700;23457380
701;23490896
702;23524412
703;23557928
704;23591444
705;23624960
706;23658476
707;23691992
708;23725508
709;23759024
710;23792540
711;23826056
712;23859572
713;23893088
714;23926604
715;23960120
716;23993636
717;24027152
718;24060668
719;24094184
720;24127700
721;24161216
722;24194732
723;24228248
724;24261764
725;24295280
726;24328796
727;24362312
728;24395828
729;24429344
730;24529892
731;24563408
732;24596924
733;24630440
734;24663956
735;24697472
736;24730988
737;24764504
738;24798020
739;24831536
740;24865052
741;24898568
742;24932084
743;24965600
744;24999116
745;25032632
746;25066148
747;25099664
748;25133180
749;25166696
750;25200212
751;25233728
752;25267244
753;25300760
754;25334276
755;25367792
756;25401308
757;25434824
758;25468340
759;25501856
760;25535372
761;25568888
762;25602404
763;25635920
764;25669436
765;25702952
766;25736468
767;25769984
768;25803500
769;25837016
770;25870532
771;25904048
772;25937564
773;25971080
774;26004596
775;26038112
776;26071628
777;26105144
778;26138660
779;26172176
780;26205692
781;26239208
782;26272724
783;26306240
784;26339756
785;26373272
786;26406788
787;26440304
788;26473820
789;26507336
790;26540852
791;26574368
792;26607884
793;26641400
794;26674916
795;26708432
796;26741948
797;26775464
798;26808980
799;26842496
800;26876012
801;26909528
802;26943044
803;26976560
804;27010076
805;27043592
806;27077108
807;27110624
808;27144140
809;27177656
810;27211172
811;27244688
812;27278204
813;27311720
814;27345236
815;27378752
816;27412268
817;27445784
818;27479300
819;27512816
820;27546332
821;27579848
822;27613364
823;27646880
824;27680396
825;27713912
826;27747428
827;27780944
828;27814460
829;27847976
830;27881492
831;27915008
832;27948524
833;27982040
834;28015556
835;28049072
836;28082588
837;28116104
838;28149620
839;28183136
840;28216652
841;28250168
842;28283684
843;28317200
844;28350716
845;28384232
846;28417748
847;28451264
848;28484780
849;28518296
850;28551812
851;28585328
852;28618844
853;28652360
854;28685876
855;28719392
856;28752908
857;28786424
858;28819940
859;28853456
860;28886972
861;28920488
862;28954004
863;28987520
864;29021036
865;29054552
866;29088068
867;29121584
868;29155100
869;29188616
870;29222132
871;29255648
872;29289164
873;29322680
874;29356196
875;29389712
876;29423228
877;29456744
878;29490260
879;29523776
880;29557292
881;29590808
882;29624324
883;29657840
884;29691356
885;29724872
886;29825420
887;29858936
888;29892452
889;29925968
890;29959484
891;29993000
892;30026516
893;30060032
894;30093548
895;30127064
896;30160580
897;30194096
898;30227612
899;30261128
900;30294644
901;30328160
902;30361676
903;30395192
904;30428708
905;30462224
906;30495740
907;30529256
908;30562772
909;30596288
910;30629804
911;30663320
912;30696836
913;30730352
914;30763868
915;30797384
916;30830900
917;30864416
918;30897932
919;30931448
920;30964964
921;30998480
922;31031996
923;31065512
924;31099028
925;31132544
926;31166060
927;31199576
928;31233092
929;31266608
930;31367156
931;31400672
932;31434188
933;31467704
934;31501220
935;31534736
936;31568252
937;31601768
938;31635284
939;31668800
940;31702316
941;31735832
942;31769348
943;31802864
944;31836380
945;31869896
946;31903412
947;31936928
948;31970444
949;32003960
950;32037476
951;32070992
952;32104508
953;32138024
954;32171540
955;32205056
956;32238572
957;32272088
958;32305604
959;32339120
960;32372636
961;32406152
962;32439668
963;32473184
964;32506700
965;32540216
966;32573732
967;32607248
968;32640764
969;32674280
970;32707796
971;32741312
972;32774828
973;32808344
974;32841860
975;32875376
976;32908892
977;32942408
978;32975924
979;33009440
980;33042956
981;33076472
982;33109988
983;33143504
984;33177020
985;33210536
986;33244052
987;33277568
988;33311084
989;33344600
990;33378116
991;33411632
992;33445148
993;33478664
994;33512180
995;33545696
996;33579212
997;33612728
998;33646244
999;33679760
1000;33713276
1001;33746792
1002;33780308
1003;33813824
1004;33847340
1005;33880856
1006;33914372
1007;33947888
1008;33981404
1009;34014920
1010;34048436
1011;34081952
1012;34182500
1013;34216016
1014;34249532
1015;34283048
1016;34316564
1017;34350080
1018;34383596
1019;34417112
1020;34450628
1021;34484144
1022;34517660
1023;34551176
1024;34584692
1025;34618208
1026;34651724
1027;34685240
1028;34718756
1029;34752272
1030;34785788
1031;34819304
1032;34852820
1033;34886336
1034;34919852
1035;34953368
1036;34986884
1037;35020400
1038;35053916
1039;35087432
1040;35120948
1041;35154464
1042;35187980
1043;35221496
1044;35255012
1045;35288528
1046;35322044
1047;35355560
1048;35389076
1049;35422592
1050;35456108
1051;35489624
1052;35523140
1053;35556656
1054;35590172
1055;35623688
1056;35657204
1057;35690720
1058;35724236
1059;35757752
1060;35791268
1061;35824784
1062;35858300
1063;35891816
1064;35925332
1065;35958848
1066;35992364
1067;36025880
1068;36059396
1069;36092912
1070;36126428
1071;36159944
1072;36193460
1073;36226976
1074;36260492
1075;36294008
1076;36327524
1077;36361040
1078;36394556
1079;36428072
1080;36461588
1081;36495104
1082;36528620
1083;36562136
1084;36595652
1085;36629168
1086;36662684
1087;36696200
1088;36729716
1089;36763232
1090;36796748
1091;36830264
1092;36863780
1093;36897296
1094;36930812
1095;36964328
1096;36997844
1097;37031360
1098;37064876
1099;37098392
1100;37131908
1101;37165424
1102;37198940
1103;37232456
1104;37265972
1105;37299488
1106;37333004
1107;37366520
1108;37400036
1109;37433552
1110;37467068
1111;37500584
1112;37534100
1113;37567616
1114;37601132
1115;37634648
1116;37668164
1117;37701680
1118;37735196
1119;37768712
1120;37802228
1121;37835744
1122;37869260
1123;37902776
1124;37936292
1125;37969808
1126;38003324
1127;38036840
1128;38070356
1129;38103872
1130;38137388
1131;38170904
1132;38204420
1133;38237936
1134;38271452
1135;38304968
1136;38338484
1137;38372000
1138;38405516
1139;38439032
1140;38472548
1141;38506064
1142;38539580
1143;38573096
1144;38606612
1145;38640128
1146;38673644
1147;38707160
1148;38740676
1149;38774192
1150;38807708
1151;38841224
1152;38874740
1153;38908256
1154;38941772
1155;38975288
1156;39008804
1157;39042320
1158;39075836
1159;39109352
1160;39142868
1161;39176384
1162;39209900
1163;39243416
1164;39276932
1165;39310448
1166;39343964
1167;39377480
1168;39410996
1169;39444512
1170;39478028
1171;39511544
1172;39545060
1173;39578576
1174;39612092
1175;39645608
1176;39679124
1177;39712640
1178;39746156
1179;39779672
1180;39813188
1181;39846704
1182;39880220
1183;39913736
1184;39947252
1185;39980768
1186;40014284
1187;40047800
1188;40081316
1189;40114832
1190;40148348
1191;40181864
1192;40215380
1193;40248896
1194;40282412
1195;40315928
1196;40349444
1197;40382960
1198;40416476
1199;40449992
1200;40483508
1201;40517024
1202;40550540
1203;40584056
1204;40617572
1205;40651088
1206;40684604
1207;40718120
1208;40751636
1209;40785152
1210;40818668
1211;40852184
1212;40885700
1213;40919216
1214;40952732
1215;40986248
1216;41019764
1217;41053280
1218;41086796
1219;41120312
1220;41153828
1221;41187344
1222;41220860
1223;41254376
1224;41287892
1225;41321408
1226;41354924
1227;41388440
1228;41421956
1229;41455472
1230;41488988
1231;41522504
1232;41556020
1233;41589536
1234;41623052
1235;41656568
1236;41690084
1237;41723600
1238;41757116
1239;41790632
1240;41824148
1241;41857664
1242;41891180
1243;41924696
1244;41958212
1245;41991728
1246;42025244
1247;42058760
1248;42092276
1249;42125792
1250;42159308
1251;42192824
1252;42226340
1253;42259856
1254;42293372
1255;42326888
1256;42360404
1257;42393920
1258;42427436
1259;42460952
1260;42494468
1261;42527984
1262;42561500
1263;42595016
1264;42628532
1265;42662048
1266;42695564
1267;42729080
1268;42762596
1269;42796112
1270;42829628
1271;42863144
1272;42896660
1273;42930176
1274;42963692
1275;42997208
1276;43030724
1277;43064240
1278;43097756
1279;43131272
1280;43164788
1281;43198304
1282;43231820
1283;43265336
1284;43298852
1285;43332368
1286;43365884
1287;43399400
1288;43432916
1289;43466432
1290;43499948
1291;43533464
1292;43566980
1293;43600496
1294;43634012
1295;43667528
1296;43701044
1297;43734560
1298;43768076
1299;43801592
1300;43835108
1301;43868624
1302;43902140
1303;43935656
1304;43969172
1305;44002688
1306;44036204
1307;44069720
1308;44103236
1309;44136752
1310;44170268
1311;44203784
1312;44237300
1313;44270816
1314;44304332
1315;44337848
1316;44371364
1317;44404880
1318;44438396
1319;44471912
1320;44505428
1321;44538944
1322;44572460
1323;44605976
1324;44639492
1325;44673008
1326;44706524
1327;44740040
1328;44773556
1329;44807072
1330;44840588
1331;44874104
1332;44907620
1333;44941136
1334;44974652
1335;45008168
1336;45041684
1337;45075200
1338;45108716
1339;45142232
1340;45175748
1341;45209264
1342;45242780
1343;45276296
1344;45309812
1345;45343328
1346;45376844
1347;45410360
1348;45443876
1349;45477392
1350;45510908
1351;45544424
1352;45577940
1353;45611456
1354;45644972
1355;45678488
1356;45712004
1357;45745520
1358;45779036
1359;45812552
1360;45846068
1361;45879584
1362;45913100
1363;45946616
1364;45980132
1365;46013648
1366;46047164
1367;46080680
1368;46114196
1369;46147712
1370;46181228
1371;46214744
1372;46248260
1373;46281776
1374;46315292
1375;46348808
1376;46382324
1377;46415840
1378;46449356
1379;46482872
1380;46516388
1381;46549904
1382;46583420
1383;46616936
1384;46650452
1385;46683968
1386;46717484
1387;46751000
1388;46784516
1389;46818032
1390;46851548
1391;46885064
1392;46918580
1393;46952096
1394;46985612
1395;47019128
1396;47052644
1397;47086160
1398;47119676
1399;47153192
1400;47186708
1401;47220224
1402;47253740
1403;47287256
1404;47320772
1405;47354288
1406;47387804
1407;47421320
1408;47454836
1409;47488352
1410;47521868
1411;47555384
1412;47588900
1413;47622416
1414;47655932
1415;47689448
1416;47722964
1417;47756480
1418;47789996
1419;47823512
1420;47857028
1421;47890544
1422;47924060
1423;47957576
1424;47991092
1425;48024608
1426;48058124
1427;48091640
1428;48125156
1429;48158672
1430;48192188
1431;48225704
1432;48259220
1433;48292736
1434;48326252
1435;48359768
1436;48393284
1437;48426800
1438;48460316
1439;48493832
1440;48527348
1441;48560864
1442;48594380
1443;48627896
1444;48661412
1445;48694928
1446;48728444
1447;48761960
1448;48795476
1449;48828992
1450;48862508
1451;48896024
1452;48929540
1453;48963056
1454;48996572
1455;49030088
1456;49063604
1457;49097120
1458;49130636
1459;49164152
1460;49197668
1461;49231184
1462;49264700
1463;49298216
1464;49331732
1465;49365248
1466;49398764
1467;49432280
1468;49465796
1469;49499312
1470;49532828
1471;49566344
1472;49599860
1473;49633376
1474;49666892
1475;49700408
1476;49733924
1477;49767440
1478;49800956
1479;49834472
1480;49867988
1481;49901504
1482;49935020
1483;49968536
1484;50002052
1485;50035568
1486;50069084
1487;50102600
1488;50136116
1489;50169632
1490;50203148
1491;50236664
1492;50270180
1493;50303696
1494;50337212
1495;50370728
1496;50404244
1497;50437760
1498;50471276
1499;50504792
1500;50538308
1501;50571824
1502;50605340
1503;50638856
1504;50672372
1505;50705888
1506;50739404
1507;50772920
1508;50806436
1509;50839952
1510;50873468
1511;50906984
