1;0
2;63213
3;96729
4;130245
5;163761
6;197277
7;230793
8;264309
9;297825
10;331341
11;364857
12;398373
13;431889
14;465405
15;498921
16;532437
17;565953
18;599469
19;632985
20;666501
21;700017
22;733533
23;767049
24;800565
25;834081
26;867597
27;901113
28;934629
29;968145
30;1001661
31;1035177
32;1068693
33;1102209
34;1135725
35;1169241
36;1202757
37;1236273
38;1269789
39;1303305
40;1336821
41;1370337
42;1403853
43;1437369
44;1470885
45;1504401
46;1537917
47;1571433
48;1604949
49;1638465
50;1671981
51;1705497
52;1739013
53;1772529
54;1806045
55;1839561
56;1873077
57;1906593
58;1940109
59;1973625
60;2007141
61;2040657
62;2074173
63;2107689
64;2141205
65;2174721
66;2208237
67;2241753
68;2275269
69;2308785
70;2342301
71;2375817
72;2409333
73;2442849
74;2476365
75;2509881
76;2543397
77;2576913
78;2610429
79;2643945
80;2677461
81;2710977
82;2744493
83;2778009
84;2811525
85;2845041
86;2878557
87;2912073
88;2945589
89;2979105
90;3012621
91;3046137
92;3079653
93;3113169
94;3146685
95;3180201
96;3213717
97;3247233
98;3280749
99;3314265
100;3347781
101;3381297
102;3414813
103;3448329
104;3481845
105;3515361
106;3548877
107;3582393
108;3615909
109;3649425
110;3682941
111;3716457
112;3749973
113;3783489
114;3817005
115;3850521
116;3884037
117;3917553
118;3951069
119;3984585
120;4018101
121;4051617
122;4085133
123;4118649
124;4152165
125;4185681
126;4219197
127;4252713
128;4286229
129;4319745
130;4353261
131;4386777
132;4420293
133;4453809
134;4487325
135;4520841
136;4554357
137;4587873
138;4621389
139;4654905
140;4688421
141;4721937
142;4755453
143;4788969
144;4822485
145;4856001
146;4889517
147;4923033
148;4956549
149;4990065
150;5023581
151;5057097
152;5090613
153;5124129
154;5157645
155;5191161
156;5224677
157;5258193
158;5291709
159;5325225
160;5358741
161;5392257
162;5425773
163;5459289
164;5492805
165;5526321
166;5559837
167;5593353
168;5626869
169;5660385
170;5693901
171;5727417
172;5760933
173;5794449
174;5827965
175;5861481
176;5894997
177;5928513
178;5962029
179;5995545
180;6029061
181;6062577
182;6096093
183;6129609
184;6163125
185;6196641
186;6230157
187;6263673
188;6297189
189;6330705
190;6364221
191;6397737
192;6431253
193;6464769
194;6498285
195;6531801
196;6565317
197;6598833
198;6632349
199;6665865
200;6699381
201;6732897
202;6766413
203;6799929
204;6833445
205;6866961
206;6900477
207;6933993
208;6967509
209;7001025
210;7034541
211;7068057
212;7101573
213;7135089
214;7168605
215;7202121
216;7235637
217;7269153
218;7302669
219;7336185
220;7369701
221;7403217
222;7436733
223;7470249
224;7503765
225;7537281
226;7570797
227;7604313
228;7637829
229;7671345
230;7704861
231;7738377
232;7771893
233;7805409
234;7838925
235;7872441
236;7905957
237;7939473
238;7972989
239;8006505
240;8040021
241;8073537
242;8107053
243;8140569
244;8174085
245;8207601
246;8241117
247;8274633
248;8308149
249;8341665
250;8375181
251;8408697
252;8442213
253;8475729
254;8509245
255;8542761
256;8576277
257;8609793
258;8643309
259;8676825
260;8710341
261;8743857
262;8777373
263;8810889
264;8844405
265;8877921
266;8911437
267;8944953
268;8978469
269;9011985
270;9045501
271;9079017
272;9112533
273;9146049
274;9179565
275;9213081
276;9246597
277;9280113
278;9313629
279;9347145
280;9380661
281;9414177
282;9447693
283;9481209
284;9514725
285;9548241
286;9581757
287;9615273
288;9648789
289;9682305
290;9715821
291;9749337
292;9782853
293;9816369
294;9849885
295;9883401
296;9916917
297;9950433
298;9983949
299;10017465
300;10050981
301;10084497
302;10118013
303;10151529
304;10185045
305;10218561
306;10252077
307;10285593
308;10319109
309;10352625
310;10386141
311;10419657
312;10453173
313;10486689
314;10520205
315;10553721
316;10587237
317;10620753
318;10654269
319;10687785
320;10721301
321;10754817
322;10788333
323;10821849
324;10855365
325;10888881
326;10922397
327;10955913
328;10989429
329;11022945
330;11056461
331;11089977
332;11123493
333;11157009
334;11190525
335;11224041
336;11257557
337;11291073
338;11324589
339;11358105
340;11391621
341;11425137
342;11458653
343;11492169
344;11525685
345;11559201
346;11592717
347;11626233
348;11659749
349;11693265
350;11726781
351;11760297
352;11793813
353;11827329
354;11860845
355;11894361
356;11927877
357;11961393
358;11994909
359;12028425
360;12061941
361;12095457
362;12128973
363;12162489
364;12196005
365;12229521
366;12263037
367;12296553
368;12330069
369;12363585
370;12397101
371;12430617
372;12464133
373;12497649
374;12531165
375;12564681
376;12598197
377;12631713
378;12665229
379;12698745
380;12732261
381;12765777
382;12799293
383;12832809
384;12866325
385;12899841
386;12933357
387;12966873
388;13000389
389;13033905
390;13067421
391;13100937
392;13134453
393;13167969
394;13201485
395;13235001
396;13268517
397;13302033
398;13335549
399;13369065
400;13402581
401;13436097
402;13469613
403;13503129
404;13536645
405;13570161
406;13603677
407;13637193
408;13670709
409;13704225
410;13737741
411;13771257
412;13804773
413;13838289
414;13871805
415;13905321
416;13938837
417;13972353
418;14005869
419;14039385
420;14072901
421;14106417
422;14139933
423;14173449
424;14206965
425;14240481
426;14273997
427;14307513
428;14341029
429;14374545
430;14408061
431;14441577
432;14475093
433;14508609
434;14542125
435;14575641
436;14609157
437;14642673
438;14676189
439;14709705
440;14743221
441;14776737
442;14810253
443;14843769
444;14877285
445;14910801
446;14944317
447;14977833
448;15011349
449;15044865
450;15078381
451;15111897
452;15145413
453;15178929
454;15212445
455;15245961
456;15279477
457;15312993
458;15346509
459;15380025
460;15413541
461;15447057
462;15480573
463;15514089
464;15547605
465;15581121
466;15614637
467;15648153
468;15681669
469;15715185
470;15748701
471;15782217
472;15815733
473;15849249
474;15882765
475;15916281
476;15949797
477;15983313
478;16016829
479;16050345
480;16083861
481;16117377
482;16150893
483;16184409
484;16217925
485;16251441
486;16284957
487;16318473
488;16351989
489;16385505
490;16419021
491;16452537
492;16486053
493;16519569
494;16553085
495;16586601
496;16620117
497;16653633
498;16687149
499;16720665
500;16754181
501;16787697
502;16821213
503;16854729
504;16888245
505;16921761
506;16955277
507;16988793
508;17022309
509;17055825
510;17089341
511;17122857
512;17156373
513;17189889
514;17223405
515;17256921
516;17290437
517;17323953
518;17357469
519;17390985
520;17424501
521;17458017
522;17491533
523;17525049
524;17558565
525;17592081
526;17625597
527;17659113
528;17692629
529;17726145
530;17759661
531;17793177
532;17826693
533;17860209
534;17893725
535;17927241
536;17960757
537;17994273
538;18027789
539;18061305
540;18094821
541;18128337
542;18161853
543;18195369
544;18228885
545;18262401
546;18295917
547;18329433
548;18362949
549;18396465
550;18429981
551;18463497
552;18497013
553;18530529
554;18564045
555;18597561
556;18631077
557;18664593
558;18698109
559;18731625
560;18765141
561;19334913
562;19368429
563;19401945
564;19435461
565;19468977
566;19502493
567;19536009
568;19569525
569;19603041
570;19636557
571;19670073
572;19703589
573;19737105
574;19770621
575;19804137
576;19837653
577;19871169
578;19904685
579;19938201
580;19971717
581;20005233
582;20038749
583;20072265
584;20105781
585;20139297
586;20172813
587;20206329
588;20239845
589;20273361
590;20306877
591;20340393
592;20373909
593;20407425
594;20440941
595;20474457
596;20507973
597;20541489
598;20575005
599;20608521
600;20642037
601;20675553
602;20709069
603;20742585
604;20776101
605;20809617
606;20843133
607;20876649
608;20910165
609;20943681
610;20977197
611;21010713
612;21044229
613;21077745
614;21111261
615;21144777
616;21178293
617;21211809
618;21245325
619;21278841
620;21312357
621;21345873
622;21379389
623;21412905
624;21446421
625;21479937
626;21513453
627;21546969
628;21580485
629;21614001
630;21647517
631;21681033
632;21714549
633;21748065
634;21781581
635;21815097
636;21848613
637;21882129
638;21915645
639;21949161
640;21982677
641;22016193
642;22049709
643;22083225
644;22116741
645;22150257
646;22183773
647;22217289
648;22250805
649;22284321
650;22317837
651;22351353
652;22384869
653;22418385
654;22451901
655;22485417
656;22518933
657;22552449
658;22585965
659;22619481
660;22652997
661;22686513
662;22720029
663;22753545
664;22787061
665;22820577
666;22854093
667;22887609
668;22921125
669;22954641
670;22988157
671;23021673
672;23055189
673;23088705
674;23122221
675;23155737
676;23189253
677;23222769
678;23256285
679;23289801
680;23323317
681;23356833
682;23390349
683;23423865
684;23457381
685;23490897
686;23524413
687;23557929
688;23591445
689;23624961
690;23658477
691;23691993
692;23725509
693;23759025
694;23792541
695;23826057
696;23859573
697;23893089
698;23926605
699;23960121
700;23993637
701;24027153
702;24060669
703;24094185
704;24127701
705;24161217
706;24194733
707;24228249
708;24261765
709;24295281
710;24328797
711;24362313
712;24395829
713;24429345
714;24462861
715;24496377
716;24529893
717;24563409
718;24596925
719;24630441
720;24663957
721;24697473
722;24730989
723;24764505
724;24798021
725;24831537
726;24865053
727;24898569
728;24932085
729;24965601
730;24999117
731;25032633
732;25066149
733;25099665
734;25133181
735;25166697
736;25200213
737;25233729
738;25267245
739;25300761
740;25334277
741;25367793
742;25401309
743;25434825
744;25468341
745;25501857
746;25535373
747;25568889
748;25602405
749;25635921
750;25669437
751;25702953
752;25736469
753;25769985
754;25803501
755;25837017
756;25870533
757;25904049
758;25937565
759;25971081
760;26004597
761;26038113
762;26071629
763;26105145
764;26138661
765;26172177
766;26205693
767;26239209
768;26272725
769;26306241
770;26339757
771;26373273
772;26406789
773;26440305
774;26473821
775;26507337
776;26540853
777;26574369
778;26607885
779;26641401
780;26674917
781;26708433
782;26741949
783;26775465
784;26808981
785;26842497
786;26876013
787;26909529
788;26943045
789;26976561
790;27010077
791;27043593
792;27077109
793;27110625
794;27144141
795;27177657
796;27211173
797;27244689
798;27278205
799;27311721
800;27345237
801;27378753
802;27412269
803;27445785
804;27479301
805;27512817
806;27546333
807;27579849
808;27613365
809;27646881
810;27680397
811;27713913
812;27747429
813;27780945
814;27814461
815;27847977
816;27881493
817;27915009
818;27948525
819;27982041
820;28015557
821;28049073
822;28082589
823;28116105
824;28149621
825;28183137
826;28216653
827;28250169
828;28283685
829;28317201
830;28350717
831;28384233
832;28417749
833;28451265
834;28484781
835;28518297
836;28551813
837;28585329
838;28618845
839;28652361
840;28685877
841;28719393
842;28752909
843;28786425
844;28819941
845;28853457
846;28886973
847;28920489
848;28954005
849;28987521
850;29021037
851;29054553
852;29088069
853;29121585
854;29155101
855;29188617
856;29222133
857;29255649
858;29289165
859;29322681
860;29356197
861;29389713
862;29423229
863;29456745
864;29490261
865;29523777
866;29557293
867;29590809
868;29624325
869;29657841
870;29691357
871;29724873
872;29758389
873;29791905
874;29825421
875;29858937
876;29892453
877;29925969
878;29959485
879;29993001
880;30026517
881;30060033
882;30093549
883;30127065
884;30160581
885;30194097
886;30227613
887;30261129
888;30294645
889;30328161
890;30361677
891;30395193
892;30428709
893;30462225
894;30495741
895;30529257
896;30562773
897;30596289
898;30629805
899;30663321
900;30696837
901;30730353
902;30763869
903;30797385
904;30830901
905;30864417
906;30897933
907;30931449
908;30964965
909;30998481
910;31031997
911;31065513
912;31099029
913;31132545
914;31166061
915;31199577
916;31233093
917;31266609
918;31300125
919;31333641
920;31367157
921;31400673
922;31434189
923;31467705
924;31501221
925;31534737
926;31568253
927;31601769
928;31635285
929;31668801
930;31702317
931;31735833
932;31769349
933;31802865
934;31836381
935;31869897
936;31903413
937;31936929
938;31970445
939;32003961
940;32037477
941;32070993
942;32104509
943;32138025
944;32171541
945;32205057
946;32238573
947;32272089
948;32305605
949;32339121
950;32372637
951;32406153
952;32439669
953;32473185
954;32506701
955;32540217
956;32573733
957;32607249
958;32640765
959;32674281
960;32707797
961;32741313
962;32774829
963;32808345
964;32841861
965;32875377
966;32908893
967;32942409
968;32975925
969;33009441
970;33042957
971;33076473
972;33109989
973;33143505
974;33177021
975;33210537
976;33244053
977;33277569
978;33311085
979;33344601
980;33378117
981;33411633
982;33445149
983;33478665
984;33512181
985;33545697
986;33579213
987;33612729
988;33646245
989;33679761
990;33713277
991;33746793
992;33780309
993;33813825
994;33847341
995;33880857
996;33914373
997;33947889
998;33981405
999;34014921
1000;34048437
1001;34081953
1002;34115469
1003;34148985
1004;34182501
1005;34216017
1006;34249533
1007;34283049
1008;34316565
1009;34350081
1010;34383597
1011;34417113
1012;34450629
1013;34484145
1014;34517661
1015;34551177
1016;34584693
1017;34618209
1018;34651725
1019;34685241
1020;34718757
1021;34752273
1022;34785789
1023;34819305
1024;34852821
1025;34886337
1026;34919853
1027;34953369
1028;34986885
1029;35020401
1030;35053917
1031;35087433
1032;35120949
1033;35154465
1034;35187981
1035;35221497
1036;35255013
1037;35288529
1038;35322045
1039;35355561
1040;35389077
1041;35422593
1042;35456109
1043;35489625
1044;35523141
1045;35556657
1046;35590173
1047;35623689
1048;35657205
1049;35690721
1050;35724237
1051;35757753
1052;35791269
1053;35824785
1054;35858301
1055;35891817
1056;35925333
1057;35958849
1058;35992365
1059;36025881
1060;36059397
1061;36092913
1062;36126429
1063;36159945
1064;36193461
1065;36226977
1066;36260493
1067;36294009
1068;36327525
1069;36361041
1070;36394557
1071;36428073
1072;36461589
1073;36495105
1074;36528621
1075;36562137
1076;36595653
1077;36629169
1078;36662685
1079;36696201
1080;36729717
1081;36763233
1082;36796749
1083;36830265
1084;36863781
1085;36897297
1086;36930813
1087;36964329
1088;36997845
1089;37031361
1090;37064877
1091;37098393
1092;37131909
1093;37165425
1094;37198941
1095;37232457
1096;37265973
1097;37299489
1098;37333005
1099;37366521
1100;37400037
1101;37433553
1102;37467069
1103;37500585
1104;37534101
1105;37567617
1106;37601133
1107;37634649
1108;37668165
1109;37701681
1110;37735197
1111;37768713
1112;37802229
1113;37835745
1114;37869261
1115;37902777
1116;37936293
1117;37969809
1118;38003325
1119;38036841
1120;38070357
1121;38103873
1122;38137389
1123;38170905
1124;38204421
1125;38237937
1126;38271453
1127;38304969
1128;38338485
1129;38372001
1130;38405517
1131;38439033
1132;38472549
1133;38506065
1134;38539581
1135;38573097
1136;38606613
1137;38640129
1138;38673645
1139;38707161
1140;38740677
1141;38774193
1142;38807709
1143;38841225
1144;38874741
1145;38908257
1146;38941773
1147;38975289
1148;39008805
1149;39042321
1150;39075837
1151;39109353
1152;39142869
1153;39176385
1154;39209901
1155;39243417
1156;39276933
1157;39310449
1158;39343965
1159;39377481
1160;39410997
1161;39444513
1162;39478029
1163;39511545
1164;39545061
1165;39578577
1166;39612093
1167;39645609
1168;39679125
1169;39712641
1170;39746157
1171;39779673
1172;39813189
1173;39846705
1174;39880221
1175;39913737
1176;39947253
1177;39980769
1178;40014285
1179;40047801
1180;40081317
1181;40114833
1182;40148349
1183;40181865
1184;40215381
1185;40248897
1186;40282413
1187;40315929
1188;40349445
1189;40382961
1190;40416477
1191;40449993
1192;40483509
1193;40517025
1194;40550541
1195;40584057
1196;40617573
1197;40651089
1198;40684605
1199;40718121
1200;40751637
1201;40785153
1202;40818669
1203;40852185
1204;40885701
1205;40919217
1206;40952733
1207;40986249
1208;41019765
1209;41053281
1210;41086797
1211;41120313
1212;41153829
1213;41187345
1214;41220861
1215;41254377
1216;41287893
1217;41321409
1218;41354925
1219;41388441
1220;41421957
1221;41455473
1222;41488989
1223;41522505
1224;41556021
1225;41589537
1226;41623053
1227;41656569
1228;41690085
1229;41723601
1230;41757117
1231;41790633
1232;41824149
1233;41857665
1234;41891181
1235;41924697
1236;41958213
1237;41991729
1238;42025245
1239;42058761
1240;42092277
1241;42125793
1242;42159309
1243;42192825
1244;42226341
1245;42259857
1246;42293373
1247;42326889
1248;42360405
1249;42393921
1250;42427437
1251;42460953
1252;42494469
1253;42527985
1254;42561501
1255;42595017
1256;42628533
1257;42662049
1258;42695565
1259;42729081
1260;42762597
1261;42796113
1262;42829629
1263;42863145
1264;42896661
1265;42930177
1266;42963693
1267;42997209
1268;43030725
1269;43064241
1270;43097757
1271;43131273
1272;43164789
1273;43198305
1274;43231821
1275;43265337
1276;43298853
1277;43332369
1278;43365885
1279;43399401
1280;43432917
1281;43466433
1282;43499949
1283;43533465
1284;43566981
1285;43600497
1286;43634013
1287;43667529
1288;43701045
1289;43734561
1290;43768077
1291;43801593
1292;43835109
1293;43868625
1294;43902141
1295;43935657
1296;43969173
1297;44002689
1298;44036205
1299;44069721
1300;44103237
1301;44136753
1302;44170269
1303;44203785
1304;44237301
1305;44270817
1306;44304333
1307;44337849
1308;44371365
1309;44404881
1310;44438397
1311;44471913
1312;44505429
1313;44538945
1314;44572461
1315;44605977
1316;44639493
1317;44673009
1318;44706525
1319;44740041
1320;44773557
1321;44807073
1322;44840589
1323;44874105
1324;44907621
1325;44941137
1326;44974653
1327;45008169
1328;45041685
1329;45075201
1330;45108717
1331;45142233
1332;45175749
1333;45209265
1334;45242781
1335;45276297
1336;45309813
1337;45343329
1338;45376845
1339;45410361
1340;45443877
1341;45477393
1342;45510909
1343;45544425
1344;45577941
1345;45611457
1346;45644973
1347;45678489
1348;45712005
1349;45745521
1350;45779037
1351;45812553
1352;45846069
1353;45879585
1354;45913101
1355;45946617
1356;45980133
1357;46013649
1358;46047165
1359;46080681
1360;46114197
1361;46147713
1362;46181229
1363;46214745
1364;46248261
1365;46281777
1366;46315293
1367;46348809
1368;46382325
1369;46415841
1370;46449357
1371;46482873
1372;46516389
1373;46549905
1374;46583421
1375;46616937
1376;46650453
1377;46683969
1378;46717485
1379;46751001
1380;46784517
1381;46818033
1382;46851549
1383;46885065
1384;46918581
1385;46952097
1386;46985613
1387;47019129
1388;47052645
1389;47086161
1390;47119677
1391;47153193
1392;47186709
1393;47220225
1394;47253741
1395;47287257
1396;47320773
1397;47354289
1398;47387805
1399;47421321
1400;47454837
1401;47488353
1402;47521869
1403;47555385
1404;47588901
1405;47622417
1406;47655933
1407;47689449
1408;47722965
1409;47756481
1410;47789997
1411;47823513
1412;47857029
1413;47890545
1414;47924061
1415;47957577
1416;47991093
1417;48024609
1418;48058125
1419;48091641
1420;48125157
1421;48158673
1422;48192189
1423;48225705
1424;48259221
1425;48292737
1426;48326253
1427;48359769
1428;48393285
1429;48426801
1430;48460317
1431;48493833
1432;48527349
1433;48560865
1434;48594381
1435;48627897
1436;48661413
1437;48694929
1438;48728445
1439;48761961
1440;48795477
1441;48828993
1442;48862509
1443;48896025
1444;48929541
1445;48963057
1446;48996573
1447;49030089
1448;49063605
1449;49097121
1450;49130637
1451;49164153
1452;49197669
1453;49231185
1454;49264701
1455;49298217
1456;49331733
1457;49365249
1458;49398765
1459;49432281
1460;49465797
1461;49499313
1462;49532829
1463;49566345
1464;49599861
1465;49633377
1466;49666893
1467;49700409
1468;49733925
1469;49767441
1470;49800957
1471;49834473
1472;49867989
1473;49901505
1474;49935021
1475;49968537
1476;50002053
1477;50035569
1478;50069085
1479;50102601
1480;50136117
1481;50169633
1482;50203149
1483;50236665
1484;50270181
1485;50303697
1486;50337213
1487;50370729
1488;50404245
1489;50437761
1490;50471277
1491;50504793
1492;50538309
1493;50571825
1494;50605341
1495;50638857
1496;50672373
1497;50705889
1498;50739405
1499;50772921
1500;50806437
1501;50839953
1502;50873469
1503;50906985
1504;50940501
1505;50974017
1506;51007533
1507;51041049
1508;51074565
1509;51108081
1510;51141597
1511;51175113
1512;51208629
1513;51242145
1514;51275661
1515;51309177
1516;51342693
1517;51376209
1518;51409725
1519;51443241
1520;51476757
1521;51510273
1522;51543789
1523;51577305
1524;51610821
1525;51644337
1526;51677853
1527;51711369
1528;51744885
1529;51778401
1530;51811917
1531;51845433
1532;51878949
1533;51912465
1534;51945981
1535;51979497
1536;52013013
1537;52046529
1538;52080045
1539;52113561
1540;52147077
1541;52180593
1542;52214109
1543;52247625
1544;52281141
1545;52314657
1546;52348173
1547;52381689
1548;52415205
1549;52448721
1550;52482237
1551;52515753
1552;52549269
1553;52582785
1554;52616301
1555;52649817
1556;52683333
1557;52716849
1558;52750365
1559;52783881
1560;52817397
1561;52850913
1562;52884429
1563;52917945
1564;52951461
1565;52984977
1566;53018493
1567;53052009
1568;53085525
1569;53119041
1570;53152557
1571;53186073
1572;53219589
1573;53253105
1574;53286621
1575;53320137
1576;53353653
1577;53387169
1578;53420685
1579;53454201
1580;53487717
1581;53521233
1582;53554749
1583;53588265
1584;53621781
1585;53655297
1586;53688813
1587;53722329
1588;53755845
1589;53789361
1590;53822877
1591;53856393
1592;53889909
1593;54091005
1594;54124521
1595;54158037
1596;54191553
1597;54225069
1598;54258585
1599;54292101
1600;54325617
1601;54359133
1602;54392649
1603;54426165
1604;54459681
1605;54560229
1606;54593745
1607;54627261
1608;54660777
1609;54694293
1610;54727809
1611;54761325
1612;54794841
1613;54828357
1614;54861873
1615;54895389
1616;54928905
1617;54962421
1618;54995937
1619;55029453
1620;55062969
1621;55096485
1622;55130001
1623;55163517
1624;55197033
1625;55264065
1626;55297581
1627;55331097
1628;55364613
1629;55398129
1630;55431645
1631;55465161
1632;55498677
1633;55532193
1634;55565709
1635;55599225
1636;55632741
1637;55666257
1638;55699773
1639;55733289
1640;55766805
1641;55800321
1642;55833837
1643;55867353
1644;55900869
1645;55934385
1646;55967901
1647;56001417
1648;56034933
1649;56068449
1650;56101965
1651;56135481
1652;56168997
1653;56202513
1654;56236029
1655;56269545
1656;56303061
1657;56336577
1658;56370093
1659;56403609
1660;56437125
1661;56470641
1662;56504157
1663;56537673
1664;56571189
1665;56604705
1666;56638221
1667;56671737
1668;56705253
1669;56738769
1670;56772285
1671;56805801
1672;56839317
1673;56872833
1674;56906349
1675;56939865
1676;56973381
1677;57006897
1678;57040413
1679;57073929
1680;57107445
1681;57140961
1682;57174477
1683;57207993
1684;57241509
1685;57275025
1686;57308541
1687;57342057
1688;57375573
1689;57409089
1690;57442605
1691;57476121
1692;57509637
1693;57543153
1694;57576669
1695;57610185
1696;57643701
1697;57677217
1698;57710733
1699;57744249
1700;57777765
1701;57811281
1702;57844797
