1;0
2;63213
3;96729
4;130245
5;163761
6;197277
7;230793
8;264309
9;297825
10;331341
11;364857
12;398373
13;431889
14;465405
15;498921
16;532437
17;565953
18;599469
19;632985
20;666501
21;700017
22;733533
23;767049
24;800565
25;834081
26;867597
27;901113
28;934629
29;968145
30;1001661
31;1035177
32;1068693
33;1102209
34;1135725
35;1169241
36;1202757
37;1236273
38;1269789
39;1303305
40;1336821
41;1370337
42;1403853
43;1437369
44;1470885
45;1504401
46;1537917
47;1571433
48;1604949
49;1638465
50;1671981
51;1705497
52;1739013
53;1772529
54;1806045
55;1839561
56;1873077
57;1906593
58;1940109
59;1973625
60;2007141
61;2040657
62;2074173
63;2107689
64;2141205
65;2174721
66;2208237
67;2241753
68;2275269
69;2308785
70;2342301
71;2375817
72;2409333
73;2442849
74;2476365
75;2509881
76;2543397
77;2576913
78;2610429
79;2643945
80;2677461
81;2710977
82;2744493
83;2778009
84;2811525
85;2845041
86;2878557
87;2912073
88;2945589
89;2979105
90;3012621
91;3046137
92;3079653
93;3113169
94;3146685
95;3180201
96;3213717
97;3247233
98;3280749
99;3314265
100;3347781
101;3381297
102;3414813
103;3448329
104;3481845
105;3515361
106;3548877
107;3582393
108;3615909
109;3649425
110;3682941
111;3716457
112;3749973
113;3783489
114;3817005
115;3850521
116;3884037
117;3917553
118;3951069
119;3984585
120;4018101
121;4051617
122;4085133
123;4118649
124;4152165
125;4185681
126;4219197
127;4252713
128;4286229
129;4319745
130;4353261
131;4386777
132;4420293
133;4453809
134;4487325
135;4520841
136;4554357
137;4587873
138;4621389
139;4654905
140;4688421
141;4721937
142;4755453
143;4788969
144;4822485
145;4856001
146;4889517
147;4923033
148;4956549
149;4990065
150;5023581
151;5057097
152;5090613
153;5124129
154;5157645
155;5191161
156;5224677
157;5258193
158;5291709
159;5325225
160;5358741
161;5392257
162;5425773
163;5459289
164;5492805
165;5526321
166;5559837
167;5593353
168;5626869
169;5660385
170;5693901
171;5727417
172;5760933
173;5794449
174;5827965
175;5861481
176;5894997
177;5928513
178;5962029
179;5995545
180;6029061
181;6062577
182;6096093
183;6129609
184;6163125
185;6196641
186;6230157
187;6263673
188;6297189
189;6330705
190;6364221
191;6397737
192;6431253
193;6464769
194;6498285
195;6531801
196;6565317
197;6598833
198;6632349
199;6665865
200;6699381
201;6732897
202;6766413
203;6799929
204;6833445
205;6866961
206;6900477
207;6933993
208;6967509
209;7001025
210;7034541
211;7068057
212;7101573
213;7135089
214;7168605
215;7202121
216;7235637
217;7269153
218;7302669
219;7336185
220;7369701
221;7403217
222;7436733
223;7470249
224;7503765
225;7537281
226;7570797
227;7604313
228;7637829
229;7671345
230;7704861
231;7738377
232;7771893
233;7805409
234;7838925
235;7872441
236;7905957
237;7939473
238;7972989
239;8006505
240;8040021
241;8073537
242;8107053
243;8140569
244;8174085
245;8207601
246;8241117
247;8274633
248;8308149
249;8341665
250;8375181
251;8408697
252;8442213
253;8475729
254;8509245
255;8542761
256;8576277
257;8609793
258;8643309
259;8676825
260;8710341
261;8743857
262;8777373
263;8810889
264;8844405
265;8877921
266;8911437
267;8944953
268;8978469
269;9011985
270;9045501
271;9079017
272;9112533
273;9146049
274;9179565
275;9213081
276;9246597
277;9280113
278;9313629
279;9347145
280;9380661
281;9414177
282;9447693
283;9481209
284;9514725
285;9548241
286;9581757
287;9615273
288;9648789
289;9682305
290;9715821
291;9749337
292;9782853
293;9816369
294;9849885
295;9883401
296;9916917
297;9950433
298;9983949
299;10017465
300;10050981
301;10084497
302;10118013
303;10151529
304;10185045
305;10218561
306;10252077
307;10285593
308;10319109
309;10352625
310;10386141
311;10419657
312;10453173
313;10486689
314;10520205
315;10553721
316;10587237
317;10620753
318;10654269
319;10687785
320;10721301
321;10754817
322;10788333
323;10821849
324;10855365
325;10888881
326;10922397
327;10955913
328;10989429
329;11022945
330;11056461
331;11089977
332;11123493
333;11157009
334;11190525
335;11224041
336;11257557
337;11291073
338;11324589
339;11358105
340;11391621
341;11425137
342;11458653
343;11492169
344;11525685
345;11559201
346;11592717
347;11626233
348;11659749
349;11693265
350;11726781
351;11760297
352;11793813
353;11827329
354;11860845
355;11894361
356;11927877
357;11961393
358;11994909
359;12028425
360;12061941
361;12095457
362;12128973
363;12162489
364;12196005
365;12229521
366;12263037
367;12296553
368;12330069
369;12363585
370;12397101
371;12430617
372;12464133
373;12497649
374;12531165
375;12564681
376;12598197
377;12631713
378;12665229
379;12698745
380;12732261
381;12765777
382;12799293
383;12832809
384;12866325
385;12899841
386;12933357
387;12966873
388;13000389
389;13033905
390;13067421
391;13100937
392;13134453
393;13167969
394;13201485
395;13235001
396;13268517
397;13302033
398;13335549
399;13369065
400;13402581
401;13436097
402;13469613
403;13503129
404;13536645
405;13570161
406;13603677
407;13637193
408;13670709
409;13704225
410;13737741
411;13771257
412;13804773
413;13838289
414;13871805
415;13905321
416;13938837
417;13972353
418;14005869
419;14039385
420;14072901
421;14106417
422;14139933
423;14173449
424;14206965
425;14240481
426;14273997
427;14307513
428;14341029
429;14374545
430;14408061
431;14441577
432;14475093
433;14508609
434;14542125
435;14575641
436;14609157
437;14642673
438;14676189
439;14709705
440;14743221
441;14776737
442;14810253
443;14843769
444;14877285
445;14910801
446;14944317
447;14977833
448;15011349
449;15044865
450;15078381
451;15111897
452;15145413
453;15178929
454;15212445
455;15245961
456;15279477
457;15312993
458;15346509
459;15380025
460;15413541
461;15447057
462;15480573
463;15514089
464;15547605
465;15581121
466;15614637
467;15648153
468;15681669
469;15715185
470;15748701
471;15782217
472;15815733
473;15849249
474;15882765
475;15916281
476;15949797
477;15983313
478;16016829
479;16050345
480;16083861
481;16117377
482;16150893
483;16184409
484;16217925
485;16251441
486;16284957
487;16318473
488;16351989
489;16385505
490;16419021
491;16452537
492;16486053
493;16519569
494;16553085
495;16586601
496;16620117
497;16653633
498;16687149
499;16720665
500;16754181
501;16787697
502;16821213
503;16854729
504;16888245
505;16921761
506;16955277
507;16988793
508;17022309
509;17055825
510;17089341
511;17122857
512;17156373
513;17189889
514;17223405
515;17256921
516;17290437
517;17323953
518;17357469
519;17390985
520;17424501
521;17458017
522;17491533
523;17525049
524;17558565
525;17592081
526;17625597
527;17659113
528;17692629
529;17726145
530;17759661
531;17793177
532;17826693
533;17860209
534;17893725
535;17927241
536;17960757
537;17994273
538;18027789
539;18061305
540;18094821
541;18128337
542;18161853
543;18195369
544;18228885
545;18262401
546;18295917
547;18329433
548;18362949
549;18396465
550;18429981
551;18463497
552;18497013
553;18530529
554;18564045
555;18597561
556;18631077
557;18664593
558;18698109
559;18731625
560;18765141
561;18798657
562;18832173
563;18865689
564;18899205
565;18932721
566;18966237
567;18999753
568;19033269
569;19066785
570;19100301
571;19133817
572;19167333
573;19200849
574;19234365
575;19267881
576;19301397
577;19334913
578;19368429
579;19401945
580;19435461
581;19468977
582;19502493
583;19536009
584;19569525
585;19603041
586;19636557
587;19670073
588;19703589
589;19737105
590;19770621
591;19804137
592;19837653
593;19871169
594;19904685
595;19938201
596;19971717
597;20005233
598;20038749
599;20072265
600;20105781
601;20139297
602;20172813
603;20206329
604;20239845
605;20273361
606;20306877
607;20340393
608;20373909
609;20407425
610;20440941
611;20474457
612;20507973
613;20541489
614;20575005
615;20608521
616;20642037
617;20675553
618;20709069
619;20742585
620;20776101
621;20809617
622;20843133
623;20876649
624;20910165
625;20943681
626;20977197
627;21010713
628;21044229
629;21077745
630;21111261
631;21144777
632;21178293
633;21211809
634;21245325
635;21278841
636;21312357
637;21345873
638;21379389
639;21412905
640;21446421
641;21479937
642;21513453
643;21546969
644;21580485
645;21614001
646;21647517
647;21681033
648;21714549
649;21748065
650;21781581
651;21815097
652;21848613
653;21882129
654;21915645
655;21949161
656;21982677
657;22016193
658;22049709
659;22083225
660;22116741
661;22150257
662;22183773
663;22217289
664;22250805
665;22284321
666;22317837
667;22351353
668;22384869
669;22418385
670;22451901
671;22485417
672;22518933
673;22552449
674;22585965
675;22619481
676;22652997
677;22686513
678;22720029
679;22753545
680;22787061
681;22820577
682;22854093
683;22887609
684;22921125
685;22954641
686;22988157
687;23021673
688;23055189
689;23088705
690;23122221
691;23155737
692;23189253
693;23222769
694;23256285
695;23289801
696;23323317
697;23356833
698;23390349
699;23423865
700;23457381
701;23490897
702;23524413
703;23557929
704;23591445
705;23624961
706;23658477
707;23691993
708;23725509
709;23759025
710;23792541
711;23826057
712;23859573
713;23893089
714;23926605
715;23960121
716;23993637
717;24027153
718;24060669
719;24094185
720;24127701
721;24161217
722;24194733
723;24228249
724;24261765
725;24295281
726;24328797
727;24362313
728;24395829
729;24429345
730;24462861
731;24496377
732;24529893
733;24563409
734;24596925
735;24630441
736;24663957
737;24697473
738;24730989
739;24764505
740;24798021
741;24831537
742;24865053
743;24898569
744;24932085
745;24965601
746;24999117
747;25032633
748;25066149
749;25099665
750;25133181
751;25166697
752;25200213
753;25233729
754;25267245
755;25300761
756;25334277
757;25367793
758;25401309
759;25434825
760;25468341
761;25501857
762;25535373
763;25568889
764;25602405
765;25635921
766;25669437
767;25702953
768;25736469
769;25769985
770;25803501
771;25837017
772;25870533
773;25904049
774;25937565
775;25971081
776;26004597
777;26038113
778;26071629
779;26105145
780;26138661
781;26172177
782;26205693
783;26239209
784;26272725
785;26306241
786;26339757
787;26373273
788;26406789
789;26440305
790;26473821
791;26507337
792;26540853
793;26574369
794;26607885
795;26641401
796;26674917
797;26708433
798;26741949
799;26775465
800;26808981
801;26842497
802;26876013
803;26909529
804;26943045
805;26976561
806;27010077
807;27043593
808;27077109
809;27110625
810;27144141
811;27177657
812;27211173
813;27244689
814;27278205
815;27311721
816;27345237
817;27378753
818;27412269
819;27445785
820;27479301
821;27512817
822;27546333
823;27579849
824;27613365
825;27646881
826;27680397
827;27713913
828;27747429
829;27780945
830;27814461
831;27847977
832;27881493
833;27915009
834;27948525
835;27982041
836;28015557
837;28049073
838;28082589
839;28116105
840;28149621
841;28183137
842;28216653
843;28250169
844;28283685
845;28317201
846;28350717
847;28384233
848;28417749
849;28451265
850;28484781
851;28518297
852;28551813
853;28585329
854;28618845
855;28652361
856;28685877
857;28719393
858;28752909
859;28786425
860;28819941
861;28853457
862;28886973
863;28920489
864;28954005
865;28987521
866;29021037
867;29054553
868;29088069
869;29121585
870;29155101
871;29188617
872;29222133
873;29255649
874;29289165
875;29322681
876;29356197
877;29389713
878;29423229
879;29456745
880;29490261
881;29523777
882;29557293
883;29590809
884;29624325
885;29657841
886;29691357
887;29724873
888;29758389
889;29791905
890;29825421
891;29858937
892;29892453
893;29925969
894;29959485
895;29993001
896;30026517
897;30060033
898;30093549
899;30127065
900;30160581
901;30194097
902;30227613
903;30261129
904;30294645
905;30328161
906;30361677
907;30395193
908;30428709
909;30462225
910;30495741
911;30529257
912;30562773
913;30596289
914;30629805
915;30663321
916;30696837
917;30730353
918;30763869
919;30797385
920;30830901
921;30864417
922;30897933
923;30931449
924;30964965
925;30998481
926;31031997
927;31065513
928;31099029
929;31132545
930;31166061
931;31199577
932;31233093
933;31266609
934;31300125
935;31333641
936;31367157
937;31400673
938;31434189
939;31467705
940;31501221
941;31534737
942;31568253
943;31601769
944;31635285
945;31668801
946;31702317
947;31735833
948;31769349
949;31802865
950;31836381
951;31869897
952;31903413
953;31936929
954;31970445
955;32003961
956;32037477
957;32070993
958;32104509
959;32138025
960;32171541
961;32205057
962;32238573
963;32272089
964;32305605
965;32339121
966;32372637
967;32406153
968;32439669
969;32473185
970;32506701
971;32540217
972;32573733
973;32607249
974;32640765
975;32674281
976;32707797
977;32741313
978;32774829
979;32808345
980;32841861
981;32875377
982;32908893
983;32942409
984;32975925
985;33009441
986;33042957
987;33076473
988;33109989
989;33143505
990;33177021
991;33210537
992;33244053
993;33277569
994;33311085
995;33344601
996;33378117
997;33411633
998;33445149
999;33478665
1000;33512181
1001;33545697
1002;33579213
1003;33612729
1004;33646245
1005;33679761
1006;33713277
1007;33746793
1008;33780309
1009;33813825
1010;33847341
1011;33880857
1012;33914373
1013;33947889
1014;33981405
1015;34014921
1016;34048437
1017;34081953
1018;34115469
1019;34148985
1020;34182501
1021;34216017
1022;34249533
1023;34283049
1024;34316565
1025;34350081
1026;34383597
1027;34417113
1028;34450629
1029;34484145
1030;34517661
1031;34551177
1032;34584693
1033;34618209
1034;34651725
1035;34685241
1036;34718757
1037;34752273
1038;34785789
1039;34819305
1040;34852821
1041;34886337
1042;34919853
1043;34953369
1044;34986885
1045;35020401
1046;35053917
1047;35087433
1048;35120949
1049;35154465
1050;35187981
1051;35221497
1052;35255013
1053;35288529
1054;35322045
1055;35355561
1056;35389077
1057;35422593
1058;35456109
1059;35489625
1060;35523141
1061;35556657
1062;35590173
1063;35623689
1064;35657205
1065;35690721
1066;35724237
1067;35757753
1068;35791269
1069;35824785
1070;35858301
1071;35891817
1072;35925333
1073;35958849
1074;35992365
1075;36025881
1076;36059397
1077;36092913
1078;36126429
1079;36159945
1080;36193461
1081;36226977
1082;36260493
1083;36294009
1084;36327525
1085;36361041
1086;36394557
1087;36428073
1088;36461589
1089;36495105
1090;36528621
1091;36562137
1092;36595653
1093;36629169
1094;36662685
1095;36696201
1096;36729717
1097;36763233
1098;36796749
1099;36830265
1100;36863781
1101;36897297
1102;36930813
1103;36964329
1104;36997845
1105;37031361
1106;37064877
1107;37098393
1108;37131909
1109;37165425
1110;37198941
1111;37232457
1112;37265973
1113;37299489
1114;37333005
1115;37366521
1116;37400037
1117;37433553
1118;37467069
1119;37500585
1120;37534101
1121;37567617
1122;37601133
1123;37634649
1124;37668165
1125;37701681
1126;37735197
1127;37768713
1128;37802229
1129;37835745
1130;37869261
1131;37902777
1132;37936293
1133;37969809
1134;38003325
1135;38036841
1136;38070357
1137;38103873
1138;38137389
1139;38170905
1140;38204421
1141;38237937
1142;38271453
1143;38304969
1144;38338485
1145;38372001
1146;38405517
1147;38439033
1148;38472549
1149;38506065
1150;38539581
1151;38573097
1152;38606613
1153;38640129
1154;38673645
1155;38707161
1156;38740677
1157;38774193
1158;38807709
1159;38841225
1160;38874741
1161;38908257
1162;38941773
1163;38975289
1164;39008805
1165;39042321
1166;39075837
1167;39109353
1168;39142869
1169;39176385
1170;39209901
1171;39243417
1172;39276933
1173;39310449
1174;39343965
1175;39377481
1176;39410997
1177;39444513
1178;39478029
1179;39511545
1180;39545061
1181;39578577
1182;39612093
1183;39645609
1184;39679125
1185;39712641
1186;39746157
1187;39779673
1188;39813189
1189;39846705
1190;39880221
1191;39913737
1192;39947253
1193;39980769
1194;40014285
1195;40047801
1196;40081317
1197;40114833
1198;40148349
1199;40181865
1200;40215381
1201;40248897
1202;40282413
1203;40315929
1204;40349445
1205;40382961
1206;40416477
1207;40449993
1208;40483509
1209;40517025
1210;40550541
1211;40584057
1212;40617573
1213;40651089
1214;40684605
1215;40718121
1216;40751637
1217;40785153
1218;40818669
1219;40852185
1220;40885701
1221;40919217
1222;40952733
1223;40986249
1224;41019765
1225;41053281
1226;41086797
1227;41120313
1228;41153829
1229;41187345
1230;41220861
1231;41254377
1232;41287893
1233;41321409
1234;41354925
1235;41388441
1236;41421957
1237;41455473
1238;41488989
1239;41522505
1240;41556021
1241;41589537
1242;41623053
1243;41656569
1244;41690085
1245;41723601
1246;41757117
1247;41790633
1248;41824149
1249;41857665
1250;41891181
1251;41924697
1252;41958213
1253;41991729
1254;42025245
1255;42058761
1256;42092277
1257;42125793
1258;42159309
1259;42192825
1260;42226341
1261;42259857
1262;42293373
1263;42326889
1264;42360405
1265;42393921
1266;42427437
1267;42460953
1268;42494469
1269;42527985
1270;42561501
1271;42595017
1272;42628533
1273;42662049
1274;42695565
1275;42729081
1276;42762597
1277;42796113
1278;42829629
1279;42863145
1280;42896661
1281;42930177
1282;42963693
1283;42997209
1284;43030725
1285;43064241
1286;43097757
1287;43131273
1288;43164789
1289;43198305
1290;43231821
1291;43265337
1292;43298853
1293;43332369
1294;43365885
1295;43399401
1296;43432917
1297;43466433
1298;43499949
1299;43533465
1300;43566981
1301;43600497
1302;43634013
1303;43667529
1304;43701045
1305;43734561
1306;43768077
1307;43801593
1308;43835109
1309;43868625
1310;43902141
1311;43935657
1312;43969173
1313;44002689
1314;44036205
1315;44069721
1316;44103237
1317;44136753
1318;44170269
1319;44203785
1320;44237301
1321;44270817
1322;44304333
1323;44337849
1324;44371365
1325;44404881
1326;44438397
1327;44471913
1328;44505429
1329;44538945
1330;44572461
1331;44605977
1332;44639493
1333;44673009
1334;44706525
1335;44740041
1336;44773557
1337;44807073
1338;44840589
1339;44874105
1340;44907621
1341;44941137
1342;44974653
1343;45008169
1344;45041685
1345;45075201
1346;45108717
1347;45142233
1348;45175749
1349;45209265
1350;45242781
1351;45276297
1352;45309813
1353;45343329
1354;45376845
1355;45410361
1356;45443877
1357;45477393
1358;45510909
1359;45544425
1360;45577941
1361;45611457
1362;45644973
1363;45678489
1364;45712005
1365;45745521
1366;45779037
1367;45812553
1368;45846069
1369;45879585
1370;45913101
1371;45946617
1372;45980133
1373;46013649
1374;46047165
1375;46080681
1376;46114197
1377;46147713
1378;46181229
1379;46214745
1380;46248261
1381;46281777
1382;46315293
1383;46348809
1384;46382325
1385;46415841
1386;46449357
1387;46482873
1388;46516389
1389;46549905
1390;46583421
1391;46616937
1392;46650453
1393;46683969
1394;46717485
1395;46751001
1396;46784517
1397;46818033
1398;46851549
1399;46885065
1400;46918581
1401;46952097
1402;46985613
1403;47019129
1404;47052645
1405;47086161
1406;47119677
1407;47153193
1408;47186709
1409;47220225
1410;47253741
1411;47287257
1412;47320773
1413;47354289
1414;47387805
1415;47421321
1416;47454837
1417;47488353
1418;47521869
1419;47555385
1420;47588901
1421;47622417
1422;47655933
1423;47689449
1424;47722965
1425;47756481
1426;47789997
1427;47823513
1428;47857029
1429;47890545
1430;47924061
1431;47957577
1432;47991093
1433;48024609
1434;48058125
1435;48091641
1436;48125157
1437;48158673
1438;48192189
1439;48225705
1440;48259221
1441;48292737
1442;48326253
1443;48359769
1444;48393285
1445;48426801
1446;48460317
1447;48493833
1448;48527349
1449;48560865
1450;48594381
1451;48627897
1452;48661413
1453;48694929
1454;48728445
1455;48761961
1456;48795477
1457;48828993
1458;48862509
1459;48896025
1460;48929541
1461;48963057
1462;48996573
1463;49030089
1464;49063605
1465;49097121
1466;49130637
1467;49164153
1468;49197669
1469;49231185
1470;49264701
1471;49298217
1472;49331733
1473;49365249
1474;49398765
1475;49432281
1476;49465797
1477;49499313
1478;49532829
1479;49566345
1480;49599861
1481;49633377
1482;49666893
1483;49700409
1484;49733925
1485;49767441
1486;49800957
1487;49834473
1488;49867989
1489;49901505
1490;49935021
1491;49968537
1492;50002053
1493;50035569
1494;50069085
1495;50102601
1496;50136117
1497;50169633
1498;50203149
1499;50236665
1500;50270181
1501;50303697
1502;50337213
1503;50370729
1504;50404245
1505;50437761
1506;50471277
1507;50504793
1508;50538309
1509;50571825
1510;50605341
1511;50638857
1512;50672373
1513;50705889
1514;50739405
1515;50772921
1516;50806437
1517;50839953
1518;50873469
1519;50906985
1520;50940501
1521;50974017
1522;51007533
1523;51041049
1524;51074565
1525;51108081
1526;51141597
1527;51175113
1528;51208629
1529;51242145
1530;51275661
1531;51309177
1532;51342693
1533;51376209
1534;51409725
1535;51443241
1536;51476757
1537;51510273
1538;51543789
1539;51577305
1540;51610821
1541;51644337
1542;51677853
1543;51711369
1544;51744885
1545;51778401
1546;51811917
1547;51845433
1548;51878949
1549;51912465
1550;51945981
1551;51979497
1552;52013013
1553;52046529
1554;52080045
1555;52113561
1556;52147077
1557;52180593
1558;52214109
1559;52247625
1560;52281141
1561;52314657
1562;52348173
1563;52381689
1564;52415205
1565;52448721
1566;52482237
1567;52515753
1568;52549269
1569;52582785
1570;52616301
1571;52649817
1572;52683333
1573;52716849
1574;52750365
1575;52783881
1576;52817397
1577;52850913
1578;52884429
1579;52917945
1580;52951461
1581;52984977
1582;53018493
1583;53052009
1584;53085525
1585;53119041
1586;53152557
1587;53186073
1588;53219589
1589;53253105
1590;53286621
1591;53320137
1592;53353653
1593;53387169
1594;53420685
1595;53454201
1596;53487717
1597;53521233
1598;53554749
1599;53588265
1600;53621781
1601;53655297
1602;53688813
1603;53722329
1604;53755845
1605;53789361
1606;53822877
1607;53856393
1608;53889909
1609;53923425
1610;53956941
1611;53990457
1612;54023973
1613;54057489
1614;54091005
1615;54124521
1616;54158037
1617;54191553
1618;54225069
1619;54258585
1620;54292101
1621;54325617
1622;54359133
1623;54392649
1624;54426165
1625;54459681
1626;54493197
1627;54526713
1628;54560229
1629;54593745
1630;54627261
1631;54660777
1632;54694293
1633;54727809
1634;54761325
1635;54794841
1636;54828357
1637;54861873
1638;54895389
1639;54928905
1640;54962421
1641;54995937
1642;55029453
1643;55062969
1644;55096485
1645;55130001
1646;55163517
1647;55197033
1648;55230549
1649;55264065
1650;55297581
1651;55331097
1652;55364613
1653;55398129
1654;55431645
1655;55465161
1656;55498677
1657;55532193
1658;55565709
1659;55599225
1660;55632741
1661;55666257
1662;55699773
1663;55733289
1664;55766805
1665;55800321
1666;55833837
1667;55867353
1668;55900869
1669;55934385
1670;55967901
1671;56001417
1672;56034933
1673;56068449
1674;56101965
1675;56135481
1676;56168997
1677;56202513
1678;56236029
1679;56269545
1680;56303061
1681;56336577
1682;56370093
1683;56403609
1684;56437125
1685;56470641
1686;56504157
1687;56537673
1688;56571189
1689;56604705
1690;56638221
1691;56671737
1692;56705253
1693;56738769
1694;56772285
1695;56805801
1696;56839317
1697;56872833
1698;56906349
1699;56939865
1700;56973381
1701;57006897
1702;57040413
1703;57073929
1704;57107445
1705;57140961
1706;57174477
1707;57207993
1708;57241509
1709;57275025
1710;57308541
1711;57342057
1712;57375573
1713;57409089
1714;57442605
1715;57476121
1716;57509637
1717;57543153
1718;57576669
1719;57610185
1720;57643701
1721;57677217
1722;57710733
1723;57744249
1724;57777765
1725;57811281
1726;57844797
1727;57878313
1728;57911829
1729;57945345
1730;57978861
1731;58012377
1732;58045893
1733;58079409
1734;58112925
1735;58146441
1736;58179957
1737;58213473
1738;58246989
1739;58280505
1740;58314021
1741;58347537
1742;58381053
1743;58414569
1744;58448085
1745;58481601
1746;58515117
1747;58548633
1748;58582149
1749;58615665
1750;58649181
1751;58682697
1752;58716213
1753;58749729
1754;58783245
1755;58816761
1756;58850277
1757;58883793
1758;58917309
1759;58950825
1760;58984341
1761;59017857
1762;59051373
1763;59084889
1764;59118405
1765;59151921
1766;59185437
1767;59218953
1768;59252469
1769;59285985
1770;59319501
1771;59353017
1772;59386533
1773;59420049
1774;59453565
1775;59487081
1776;59520597
1777;59554113
1778;59587629
1779;59621145
1780;59654661
1781;59688177
1782;59721693
1783;59755209
1784;59788725
1785;59822241
1786;59855757
1787;59889273
1788;59922789
1789;59956305
1790;59989821
1791;60023337
1792;60056853
1793;60090369
1794;60123885
1795;60157401
1796;60190917
1797;60224433
1798;60257949
1799;60291465
1800;60324981
1801;60358497
1802;60392013
1803;60425529
1804;60459045
1805;60492561
1806;60526077
1807;60559593
1808;60593109
1809;60626625
1810;60660141
1811;60693657
1812;60727173
1813;60760689
1814;60794205
1815;60827721
1816;60861237
1817;60894753
1818;60928269
1819;60961785
1820;60995301
1821;61028817
1822;61062333
1823;61095849
1824;61129365
1825;61162881
1826;61196397
1827;61229913
1828;61263429
1829;61296945
1830;61330461
1831;61363977
1832;61397493
1833;61431009
1834;61464525
1835;61498041
1836;61531557
1837;61565073
1838;61598589
1839;61632105
1840;61665621
1841;61699137
1842;61732653
1843;61766169
1844;61799685
1845;61833201
1846;61866717
1847;61900233
1848;61933749
1849;61967265
1850;62000781
1851;62034297
1852;62067813
1853;62101329
1854;62134845
1855;62168361
1856;62201877
1857;62235393
1858;62268909
1859;62302425
1860;62335941
1861;62369457
1862;62402973
1863;62436489
1864;62470005
1865;62503521
1866;62537037
1867;62570553
1868;62604069
1869;62637585
1870;62671101
1871;62704617
1872;62738133
1873;62771649
1874;62805165
1875;62838681
1876;62872197
1877;62905713
1878;62939229
1879;62972745
1880;63006261
1881;63039777
1882;63073293
1883;63106809
1884;63140325
1885;63173841
1886;63207357
1887;63240873
1888;63274389
1889;63307905
1890;63341421
1891;63374937
1892;63408453
1893;63441969
1894;63475485
1895;63509001
1896;63542517
1897;63576033
1898;63609549
1899;63643065
1900;63676581
1901;63710097
1902;63743613
1903;63777129
1904;63810645
1905;63844161
1906;63877677
1907;63911193
1908;63944709
1909;63978225
1910;64011741
1911;64045257
1912;64078773
1913;64112289
1914;64145805
1915;64179321
1916;64212837
1917;64246353
1918;64279869
1919;64313385
1920;64346901
1921;64380417
1922;64413933
1923;64447449
1924;64480965
1925;64514481
1926;64547997
1927;64581513
1928;64715577
1929;64749093
1930;64782609
1931;64816125
1932;64849641
1933;64883157
1934;64916673
1935;64950189
1936;64983705
1937;65017221
1938;65050737
1939;65084253
1940;65117769
1941;65151285
1942;65184801
1943;65218317
1944;65251833
1945;65285349
1946;65318865
1947;65352381
1948;65385897
1949;65419413
1950;65452929
1951;65486445
1952;65519961
1953;65553477
1954;65586993
1955;65620509
1956;65654025
1957;65687541
1958;65788089
1959;65821605
1960;65855121
1961;65888637
1962;65922153
1963;65955669
1964;65989185
1965;66022701
1966;66056217
1967;66089733
1968;66123249
1969;66156765
1970;66190281
1971;66223797
1972;66257313
1973;66290829
1974;66324345
1975;66357861
1976;66391377
1977;66424893
1978;66458409
1979;66491925
1980;66525441
1981;66558957
1982;66592473
1983;66625989
1984;66659505
1985;66693021
1986;66726537
1987;66760053
1988;66793569
1989;66827085
1990;66860601
1991;66894117
1992;66927633
1993;66961149
1994;66994665
1995;67028181
1996;67061697
1997;67095213
1998;67128729
1999;67162245
2000;67195761
2001;67229277
2002;67262793
2003;67296309
2004;67329825
2005;67363341
2006;67396857
2007;67430373
2008;67463889
2009;67497405
2010;67530921
2011;67564437
2012;67597953
2013;67631469
2014;67664985
2015;67698501
2016;67732017
2017;67765533
2018;67799049
2019;67832565
2020;67866081
2021;67899597
2022;67933113
2023;67966629
2024;68000145
2025;68033661
2026;68067177
2027;68100693
2028;68134209
2029;68167725
2030;68201241
2031;68234757
2032;68268273
2033;68301789
2034;68335305
2035;68368821
2036;68402337
2037;68435853
2038;68469369
2039;68502885
2040;68536401
2041;68569917
2042;68603433
2043;68636949
2044;68670465
2045;68703981
2046;68737497
2047;68771013
2048;68804529
2049;68838045
2050;68871561
2051;68905077
2052;68938593
2053;68972109
2054;69005625
2055;69039141
2056;69072657
2057;69106173
2058;69139689
2059;69173205
2060;69206721
2061;69240237
2062;69273753
2063;69307269
2064;69340785
2065;69374301
2066;69407817
2067;69441333
2068;69474849
2069;69508365
2070;69541881
2071;69575397
2072;69608913
2073;69642429
2074;69675945
2075;69709461
2076;69742977
2077;69776493
2078;69810009
2079;69843525
2080;69877041
2081;69910557
2082;69944073
2083;69977589
2084;70011105
2085;70044621
2086;70078137
2087;70111653
2088;70145169
2089;70178685
2090;70212201
2091;70245717
2092;70279233
2093;70312749
2094;70346265
2095;70379781
2096;70413297
2097;70446813
2098;70480329
2099;70513845
2100;70547361
2101;70580877
2102;70614393
2103;70647909
2104;70681425
2105;70714941
2106;70748457
2107;70781973
2108;70815489
2109;70849005
2110;70882521
2111;70916037
2112;70949553
2113;70983069
2114;71016585
2115;71050101
2116;71083617
2117;71117133
2118;71150649
2119;71184165
2120;71217681
2121;71251197
2122;71284713
2123;71318229
2124;71351745
2125;71385261
2126;71418777
2127;71452293
2128;71485809
2129;71519325
2130;71552841
2131;71586357
2132;71619873
2133;71653389
2134;71686905
2135;71720421
2136;71753937
2137;71787453
2138;71820969
2139;71854485
2140;71888001
2141;71921517
2142;71955033
2143;71988549
2144;72022065
2145;72055581
2146;72089097
2147;72122613
2148;72156129
2149;72189645
2150;72223161
2151;72256677
2152;72290193
2153;72323709
2154;72357225
2155;72390741
2156;72424257
2157;72457773
2158;72491289
2159;72524805
2160;72558321
2161;72591837
2162;72625353
2163;72658869
2164;72692385
2165;72725901
2166;72759417
2167;72792933
2168;72826449
2169;72859965
2170;72893481
2171;72926997
2172;72960513
2173;72994029
2174;73027545
2175;73061061
2176;73094577
2177;73128093
2178;73161609
2179;73195125
2180;73228641
2181;73262157
2182;73295673
2183;73329189
2184;73362705
2185;73396221
2186;73429737
2187;73463253
2188;73496769
2189;73530285
2190;73563801
2191;73597317
2192;73630833
2193;73664349
2194;73697865
2195;73731381
2196;73764897
2197;73798413
2198;73831929
2199;73865445
2200;73898961
2201;73932477
2202;73965993
2203;73999509
2204;74033025
2205;74066541
2206;74100057
2207;74133573
2208;74167089
2209;74200605
2210;74234121
2211;74267637
2212;74301153
2213;74334669
2214;74368185
2215;74401701
2216;74435217
2217;74468733
2218;74502249
2219;74535765
2220;74569281
2221;74602797
2222;74636313
2223;74669829
2224;74703345
2225;74736861
2226;74770377
2227;74803893
2228;74837409
2229;74870925
2230;74904441
2231;74937957
2232;74971473
2233;75004989
2234;75038505
2235;75072021
2236;75105537
2237;75139053
2238;75172569
2239;75206085
2240;75239601
2241;75273117
2242;75306633
2243;75340149
2244;75373665
2245;75407181
2246;75440697
2247;75474213
2248;75507729
2249;75541245
2250;75574761
2251;75608277
2252;75641793
2253;75675309
2254;75708825
2255;75742341
2256;75775857
2257;75809373
2258;75842889
2259;75876405
2260;75909921
2261;75943437
2262;75976953
2263;76010469
2264;76043985
2265;76077501
2266;76111017
2267;76144533
2268;76178049
2269;76211565
2270;76245081
2271;76278597
2272;76312113
2273;76345629
2274;76379145
2275;76412661
2276;76446177
2277;76479693
2278;76513209
2279;76546725
2280;76580241
2281;76613757
2282;76647273
2283;76680789
2284;76714305
2285;76747821
2286;76781337
2287;76814853
2288;76848369
2289;76881885
2290;76915401
2291;76948917
2292;76982433
2293;77015949
2294;77049465
2295;77082981
2296;77116497
2297;77150013
2298;77183529
2299;77217045
2300;77250561
2301;77284077
2302;77317593
2303;77351109
2304;77384625
2305;77418141
2306;77451657
2307;77485173
2308;77518689
2309;77552205
2310;77585721
2311;77619237
2312;77652753
2313;77686269
2314;77719785
2315;77753301
2316;77786817
2317;77820333
2318;77853849
2319;77887365
2320;77920881
2321;77954397
2322;77987913
2323;78021429
2324;78054945
2325;78088461
2326;78121977
2327;78155493
2328;78189009
2329;78222525
2330;78256041
2331;78289557
2332;78323073
2333;78356589
2334;78390105
2335;78423621
2336;78457137
2337;78490653
2338;78524169
2339;78557685
2340;78591201
2341;78624717
2342;78658233
2343;78691749
2344;78725265
2345;78758781
2346;78792297
2347;78825813
2348;78859329
2349;78892845
2350;78926361
2351;78959877
2352;78993393
2353;79026909
2354;79060425
2355;79093941
2356;79127457
2357;79160973
2358;79194489
2359;79228005
2360;79261521
2361;79295037
2362;79328553
2363;79362069
2364;79395585
2365;79429101
2366;79462617
2367;79496133
2368;79529649
2369;79563165
2370;79596681
2371;79630197
2372;79663713
2373;79697229
2374;79730745
2375;79764261
2376;79797777
2377;79831293
2378;79864809
2379;79898325
2380;79931841
2381;79965357
2382;79998873
2383;80032389
2384;80065905
2385;80099421
2386;80132937
2387;80166453
2388;80199969
2389;80233485
2390;80267001
2391;80300517
2392;80334033
2393;80367549
2394;80401065
2395;80434581
2396;80468097
2397;80501613
2398;80535129
2399;80568645
2400;80602161
2401;80635677
2402;80669193
2403;80702709
2404;80736225
2405;80769741
2406;80803257
2407;80836773
2408;80870289
2409;80903805
2410;80937321
2411;80970837
2412;81004353
2413;81037869
2414;81071385
2415;81104901
2416;81138417
2417;81171933
2418;81205449
2419;81238965
2420;81272481
2421;81305997
2422;81339513
2423;81373029
2424;81406545
2425;81440061
2426;81473577
2427;81507093
2428;81540609
2429;81574125
2430;81607641
2431;81641157
2432;81674673
2433;81708189
2434;81741705
2435;81775221
2436;81808737
2437;81842253
2438;81875769
2439;81909285
2440;81942801
2441;81976317
2442;82009833
2443;82043349
2444;82076865
2445;82110381
2446;82143897
2447;82177413
2448;82210929
2449;82244445
2450;82277961
2451;82311477
2452;82344993
2453;82378509
2454;82412025
2455;82445541
2456;82479057
2457;82512573
2458;82546089
2459;82579605
2460;82613121
2461;82646637
2462;82680153
2463;82713669
2464;82747185
2465;82780701
2466;82814217
2467;82847733
2468;82881249
2469;82914765
2470;82948281
2471;82981797
2472;83015313
2473;83048829
2474;83082345
2475;83115861
2476;83149377
2477;83182893
2478;83216409
2479;83249925
2480;83283441
2481;83316957
2482;83350473
2483;83383989
2484;83417505
2485;83451021
2486;83484537
2487;83518053
2488;83551569
2489;83585085
2490;83618601
2491;83652117
2492;83685633
2493;83719149
2494;83752665
2495;83786181
2496;83819697
2497;83853213
2498;83886729
2499;83920245
2500;83953761
2501;83987277
2502;84020793
2503;84054309
2504;84087825
2505;84121341
2506;84154857
2507;84188373
2508;84221889
2509;84255405
2510;84288921
2511;84322437
2512;84355953
2513;84389469
2514;84422985
2515;84456501
2516;84490017
2517;84523533
2518;84557049
2519;84590565
2520;84624081
2521;84657597
2522;84691113
2523;84724629
2524;84758145
2525;84791661
2526;84825177
2527;84858693
2528;84892209
2529;84925725
2530;84959241
2531;84992757
2532;85026273
2533;85059789
2534;85093305
2535;85126821
2536;85160337
2537;85193853
2538;85227369
2539;85260885
2540;85294401
2541;85327917
2542;85361433
2543;85394949
2544;85428465
2545;85461981
2546;85495497
2547;85529013
2548;85562529
2549;85596045
2550;85629561
2551;85663077
2552;85696593
2553;85730109
2554;85763625
2555;85797141
2556;85830657
2557;85864173
2558;85897689
2559;85931205
2560;85964721
2561;85998237
2562;86031753
2563;86065269
2564;86098785
2565;86132301
2566;86165817
2567;86199333
2568;86232849
2569;86266365
2570;86299881
2571;86333397
2572;86366913
2573;86400429
2574;86433945
2575;86467461
2576;86500977
2577;86534493
2578;86568009
2579;86601525
2580;86635041
2581;86668557
2582;86702073
2583;86735589
2584;86769105
2585;86802621
2586;86836137
2587;86869653
2588;86903169
2589;86936685
2590;86970201
2591;87003717
2592;87037233
2593;87070749
2594;87104265
2595;87137781
2596;87171297
2597;87204813
2598;87238329
2599;87271845
2600;87305361
2601;87338877
2602;87372393
2603;87405909
2604;87439425
2605;87472941
2606;87506457
2607;87539973
2608;87573489
2609;87607005
2610;87640521
2611;87674037
2612;87707553
2613;87741069
2614;87774585
2615;87808101
2616;87841617
2617;87875133
2618;87908649
2619;87942165
2620;87975681
2621;88009197
2622;88042713
2623;88076229
2624;88109745
2625;88143261
2626;88176777
2627;88210293
2628;88243809
2629;88277325
2630;88310841
2631;88344357
2632;88377873
2633;88411389
2634;88444905
2635;88478421
2636;88511937
2637;88545453
2638;88578969
2639;88612485
2640;88646001
2641;88679517
2642;88713033
2643;88746549
2644;88780065
2645;88813581
2646;88847097
2647;88880613
2648;88914129
2649;88947645
2650;88981161
2651;89014677
2652;89048193
2653;89081709
2654;89115225
2655;89148741
2656;89182257
2657;89215773
2658;89249289
2659;89282805
2660;89316321
2661;89349837
2662;89383353
2663;89416869
2664;89450385
2665;89483901
2666;89517417
2667;89550933
2668;89584449
2669;89617965
2670;89651481
2671;89684997
2672;89718513
2673;89752029
2674;89785545
2675;89819061
2676;89852577
2677;89886093
2678;89919609
2679;89953125
2680;89986641
2681;90020157
2682;90053673
2683;90087189
2684;90120705
2685;90154221
2686;90187737
2687;90221253
2688;90254769
2689;90288285
2690;90321801
2691;90355317
2692;90388833
2693;90422349
2694;90455865
2695;90489381
2696;90522897
2697;90556413
2698;90589929
2699;90623445
2700;90656961
2701;90690477
2702;90723993
2703;90757509
2704;90791025
2705;90824541
2706;90858057
2707;90891573
2708;90925089
2709;90958605
2710;90992121
2711;91025637
2712;91059153
2713;91092669
2714;91126185
2715;91159701
2716;91193217
2717;91226733
2718;91260249
2719;91293765
2720;91327281
2721;91360797
2722;91394313
2723;91427829
2724;91461345
2725;91494861
2726;91528377
2727;91561893
2728;91595409
2729;91628925
2730;91662441
2731;91695957
2732;91729473
2733;91762989
2734;91796505
2735;91830021
2736;91863537
2737;91897053
2738;91930569
2739;91964085
2740;91997601
2741;92031117
2742;92064633
2743;92098149
2744;92131665
2745;92165181
2746;92198697
2747;92232213
2748;92265729
2749;92299245
2750;92332761
2751;92366277
2752;92399793
2753;92433309
2754;92466825
2755;92500341
2756;92533857
2757;92567373
2758;92600889
2759;92634405
2760;92667921
2761;92701437
2762;92734953
2763;92768469
2764;92801985
2765;92835501
2766;92869017
2767;92902533
2768;92936049
2769;92969565
2770;93003081
2771;93036597
2772;93070113
2773;93103629
2774;93137145
2775;93170661
2776;93204177
2777;93237693
2778;93271209
2779;93304725
2780;93338241
2781;93371757
2782;93405273
2783;93438789
2784;93472305
2785;93505821
2786;93539337
2787;93572853
2788;93606369
2789;93639885
2790;93673401
2791;93706917
2792;93740433
2793;93773949
2794;93807465
2795;93840981
2796;93874497
2797;93908013
2798;93941529
2799;93975045
2800;94008561
2801;94042077
2802;94075593
2803;94109109
2804;94142625
2805;94176141
2806;94209657
2807;94243173
2808;94276689
2809;94310205
2810;94343721
2811;94377237
2812;94410753
2813;94444269
2814;94477785
2815;94511301
2816;94544817
2817;94578333
2818;94611849
2819;94645365
2820;94678881
2821;94712397
2822;94745913
2823;94779429
2824;94812945
2825;94846461
2826;94879977
2827;94913493
2828;94947009
2829;94980525
2830;95014041
2831;95047557
2832;95081073
2833;95114589
2834;95148105
2835;95181621
2836;95215137
2837;95248653
2838;95282169
2839;95315685
2840;95349201
2841;95382717
2842;95416233
2843;95449749
2844;95483265
2845;95516781
2846;95550297
2847;95583813
2848;95617329
2849;95650845
2850;95684361
2851;95717877
2852;95751393
2853;95784909
2854;95818425
2855;95851941
2856;95885457
2857;95918973
2858;95952489
2859;95986005
2860;96019521
2861;96053037
2862;96086553
2863;96120069
2864;96153585
2865;96187101
2866;96220617
2867;96254133
2868;96287649
2869;96321165
2870;96354681
2871;96388197
2872;96421713
2873;96455229
2874;96488745
2875;96522261
2876;96555777
2877;96589293
2878;96622809
2879;96656325
2880;96689841
2881;96723357
2882;96756873
2883;96790389
2884;96823905
2885;96857421
2886;96890937
2887;96924453
2888;96957969
2889;96991485
2890;97025001
2891;97058517
2892;97092033
2893;97125549
2894;97159065
2895;97192581
2896;97226097
2897;97259613
2898;97293129
2899;97326645
2900;97360161
2901;97393677
2902;97427193
2903;97460709
2904;97494225
2905;97527741
2906;97561257
2907;97594773
2908;97628289
2909;97661805
2910;97695321
2911;97728837
2912;97762353
2913;97795869
2914;97829385
2915;97862901
2916;97896417
2917;97929933
2918;97963449
2919;97996965
2920;98030481
2921;98063997
2922;98097513
2923;98131029
2924;98164545
2925;98198061
2926;98231577
2927;98265093
2928;98298609
2929;98332125
2930;98365641
2931;98399157
2932;98432673
2933;98466189
2934;98499705
2935;98533221
2936;98566737
2937;98600253
2938;98633769
2939;98667285
2940;98700801
2941;98734317
2942;98767833
2943;98801349
2944;98834865
2945;98868381
2946;98901897
2947;98935413
2948;98968929
2949;99002445
2950;99035961
2951;99069477
2952;99102993
2953;99136509
2954;99170025
2955;99203541
2956;99237057
2957;99270573
2958;99304089
2959;99337605
2960;99371121
2961;99404637
2962;99438153
2963;99471669
2964;99505185
2965;99538701
2966;99572217
2967;99605733
2968;99639249
2969;99672765
2970;99706281
2971;99739797
2972;99773313
2973;99806829
2974;99940893
2975;99974409
2976;100007925
2977;100041441
2978;100074957
2979;100108473
2980;100141989
2981;100175505
2982;100209021
2983;100242537
2984;100276053
2985;100309569
2986;100343085
2987;100376601
2988;100410117
2989;100443633
2990;100477149
2991;100510665
2992;100544181
2993;100577697
2994;100611213
2995;100644729
2996;100678245
2997;100711761
2998;100745277
2999;100778793
3000;100812309
3001;100845825
3002;100879341
3003;100912857
3004;100946373
3005;100979889
3006;101013405
3007;101046921
3008;101080437
3009;101113953
3010;101147469
3011;101180985
3012;101214501
3013;101248017
3014;101281533
3015;101315049
3016;101348565
3017;101382081
3018;101415597
3019;101449113
3020;101482629
3021;101516145
3022;101549661
3023;101583177
3024;101616693
3025;101650209
3026;101683725
3027;101717241
3028;101750757
3029;101784273
3030;101817789
3031;101851305
3032;101884821
3033;101918337
3034;101951853
3035;101985369
3036;102018885
3037;102052401
3038;102085917
3039;102119433
3040;102152949
3041;102186465
3042;102219981
3043;102253497
3044;102287013
3045;102320529
3046;102354045
3047;102387561
3048;102421077
3049;102454593
3050;102488109
3051;102521625
3052;102555141
3053;102588657
3054;102622173
3055;102655689
3056;102689205
3057;102722721
3058;102756237
3059;102789753
3060;102823269
3061;102856785
3062;102890301
3063;102923817
3064;102957333
3065;102990849
3066;103024365
3067;103057881
3068;103091397
3069;103124913
3070;103158429
3071;103191945
3072;103225461
3073;103258977
3074;103292493
3075;103326009
3076;103359525
3077;103393041
3078;103426557
3079;103460073
3080;103493589
3081;103527105
3082;103560621
3083;103594137
3084;103627653
3085;103661169
3086;103694685
3087;103728201
3088;103761717
3089;103795233
3090;103828749
3091;103862265
3092;103895781
3093;103929297
3094;103962813
3095;103996329
3096;104029845
3097;104063361
3098;104096877
3099;104130393
3100;104163909
3101;104197425
3102;104230941
3103;104264457
3104;104297973
3105;104331489
3106;104365005
3107;104398521
3108;104432037
3109;104465553
3110;104499069
3111;104532585
3112;104566101
3113;104599617
3114;104633133
3115;104666649
3116;104700165
3117;104733681
3118;104767197
3119;104800713
3120;104834229
3121;104867745
3122;104901261
3123;104934777
3124;104968293
3125;105001809
3126;105035325
3127;105068841
3128;105102357
3129;105135873
3130;105169389
3131;105202905
3132;105236421
3133;105269937
3134;105303453
3135;105336969
3136;105370485
3137;105404001
3138;105437517
3139;105471033
3140;105504549
3141;105538065
3142;105571581
3143;105605097
3144;105638613
3145;105672129
3146;105705645
3147;105739161
3148;105772677
3149;105806193
3150;105839709
3151;105873225
3152;105906741
3153;105940257
3154;105973773
3155;106007289
3156;106040805
3157;106074321
3158;106107837
3159;106141353
3160;106174869
3161;106208385
3162;106241901
3163;106275417
3164;106308933
3165;106342449
3166;106375965
3167;106409481
3168;106442997
3169;106476513
3170;106510029
3171;106543545
3172;106577061
3173;106610577
3174;106644093
3175;106677609
3176;106711125
3177;106744641
3178;106778157
3179;106811673
3180;106845189
3181;106878705
3182;106912221
3183;106945737
3184;106979253
3185;107012769
3186;107046285
3187;107079801
3188;107113317
3189;107146833
3190;107180349
3191;107213865
3192;107247381
3193;107280897
3194;107314413
3195;107347929
3196;107381445
3197;107414961
3198;107448477
3199;107481993
3200;107515509
3201;107549025
3202;107582541
3203;107616057
3204;107649573
3205;107683089
3206;107716605
3207;107750121
3208;107783637
3209;107817153
3210;107850669
3211;107884185
3212;107917701
3213;107951217
3214;107984733
3215;108018249
3216;108051765
3217;108085281
3218;108118797
3219;108152313
3220;108185829
3221;108219345
3222;108252861
3223;108286377
3224;108319893
3225;108353409
3226;108386925
3227;108420441
3228;108453957
3229;108487473
3230;108520989
3231;108554505
3232;108588021
3233;108621537
3234;108655053
3235;108688569
3236;108722085
3237;108755601
3238;108789117
3239;108822633
3240;108856149
3241;108889665
3242;108923181
3243;108956697
3244;108990213
3245;109023729
3246;109057245
3247;109090761
3248;109124277
3249;109157793
3250;109191309
3251;109224825
3252;109258341
3253;109291857
3254;109325373
3255;109358889
3256;109392405
3257;109425921
3258;109459437
3259;109492953
3260;109526469
3261;109559985
3262;109593501
3263;109627017
3264;109660533
3265;109694049
3266;109727565
3267;109761081
3268;109794597
3269;109828113
3270;109861629
3271;109895145
3272;109928661
3273;109962177
3274;109995693
3275;110029209
3276;110062725
3277;110096241
3278;110129757
3279;110163273
3280;110196789
3281;110230305
3282;110263821
3283;110297337
3284;110330853
3285;110364369
3286;110397885
3287;110431401
3288;110464917
3289;110498433
3290;110531949
3291;110565465
3292;110598981
3293;110632497
3294;110666013
3295;110699529
3296;110733045
3297;110766561
3298;110800077
3299;110833593
3300;110867109
3301;110900625
3302;110934141
3303;110967657
3304;111001173
3305;111034689
3306;111068205
3307;111101721
3308;111135237
3309;111168753
3310;111202269
3311;111235785
3312;111269301
3313;111302817
3314;111336333
3315;111369849
3316;111403365
3317;111436881
3318;111470397
3319;111503913
3320;111537429
3321;111570945
3322;111604461
3323;111637977
3324;111671493
3325;111705009
3326;111738525
3327;111772041
3328;111805557
3329;111839073
3330;111872589
3331;111906105
3332;111939621
3333;111973137
3334;112006653
3335;112040169
3336;112073685
3337;112107201
3338;112140717
3339;112174233
3340;112207749
3341;112241265
3342;112274781
3343;112308297
3344;112341813
3345;112375329
3346;112408845
3347;112442361
3348;112475877
3349;112509393
3350;112542909
3351;112576425
3352;112609941
3353;112643457
3354;112676973
3355;112710489
3356;112744005
3357;112777521
3358;112811037
3359;112844553
3360;112878069
3361;112911585
3362;112945101
3363;112978617
3364;113012133
3365;113045649
3366;113079165
3367;113112681
3368;113146197
3369;113179713
3370;113213229
3371;113246745
3372;113280261
3373;113313777
3374;113347293
3375;113380809
3376;113414325
3377;113447841
3378;113481357
3379;113514873
3380;113548389
3381;113581905
3382;113615421
3383;113648937
3384;113682453
3385;113715969
3386;113749485
3387;113783001
3388;113816517
3389;113850033
3390;113883549
3391;113917065
3392;113950581
3393;113984097
3394;114017613
3395;114051129
3396;114084645
3397;114118161
3398;114151677
3399;114185193
3400;114218709
3401;114252225
3402;114285741
3403;114319257
3404;114352773
3405;114386289
3406;114419805
3407;114453321
3408;114486837
3409;114520353
3410;114553869
3411;114587385
3412;114620901
3413;114654417
3414;114687933
3415;114721449
3416;114754965
3417;114788481
3418;114821997
3419;114855513
3420;114889029
3421;114922545
3422;114956061
3423;114989577
3424;115023093
3425;115056609
3426;115090125
3427;115123641
3428;115157157
3429;115190673
3430;115224189
3431;115257705
3432;115291221
3433;115324737
3434;115358253
3435;115391769
3436;115425285
3437;115458801
3438;115492317
3439;115525833
3440;115559349
3441;115592865
3442;115626381
3443;115659897
3444;115693413
3445;115726929
3446;115760445
3447;115793961
3448;115827477
3449;115860993
3450;115894509
3451;115928025
3452;115961541
3453;115995057
3454;116028573
3455;116062089
3456;116095605
3457;116129121
3458;116162637
3459;116196153
3460;116229669
3461;116263185
3462;116296701
3463;116330217
3464;116363733
3465;116397249
3466;116430765
3467;116464281
3468;116497797
3469;116531313
3470;116564829
3471;116598345
3472;116631861
3473;116665377
3474;116698893
3475;116732409
3476;116765925
3477;116799441
3478;116832957
3479;116866473
3480;116899989
3481;116933505
3482;116967021
3483;117000537
3484;117034053
3485;117067569
3486;117101085
3487;117134601
3488;117168117
3489;117201633
3490;117235149
3491;117268665
3492;117302181
3493;117335697
3494;117369213
3495;117402729
3496;117436245
3497;117469761
3498;117503277
3499;117536793
3500;117570309
3501;117603825
3502;117637341
3503;117670857
3504;117704373
3505;117737889
3506;117771405
3507;117804921
3508;117838437
3509;117871953
3510;117905469
3511;117938985
3512;117972501
3513;118006017
3514;118039533
3515;118073049
3516;118106565
3517;118140081
3518;118173597
3519;118207113
3520;118240629
3521;118274145
3522;118307661
3523;118341177
3524;118374693
3525;118408209
3526;118441725
3527;118475241
3528;118508757
3529;118542273
3530;118575789
3531;118609305
3532;118642821
3533;118676337
3534;118709853
3535;118743369
3536;118776885
3537;118810401
3538;118843917
3539;118877433
3540;118910949
3541;118944465
3542;118977981
3543;119011497
3544;119045013
3545;119078529
3546;119112045
3547;119145561
3548;119179077
3549;119212593
3550;119246109
3551;119279625
3552;119313141
3553;119346657
3554;119380173
3555;119413689
3556;119447205
3557;119480721
3558;119514237
3559;119547753
3560;119581269
3561;119614785
3562;119648301
3563;119681817
3564;119715333
3565;119748849
3566;119782365
3567;119815881
3568;119849397
3569;119882913
3570;119916429
3571;119949945
3572;119983461
3573;120016977
3574;120050493
3575;120084009
3576;120117525
3577;120151041
3578;120184557
3579;120218073
3580;120251589
3581;120285105
3582;120318621
3583;120352137
3584;120385653
3585;120419169
3586;120452685
3587;120486201
3588;120519717
3589;120553233
3590;120586749
3591;120620265
3592;120653781
3593;120687297
3594;120720813
3595;120754329
3596;120787845
3597;120821361
3598;120854877
3599;120888393
3600;120921909
3601;120955425
3602;120988941
3603;121022457
3604;121055973
3605;121089489
3606;121123005
3607;121156521
3608;121190037
3609;121223553
3610;121257069
3611;121290585
3612;121324101
3613;121357617
3614;121391133
3615;121424649
3616;121458165
3617;121491681
3618;121525197
3619;121558713
3620;121592229
3621;121625745
3622;121659261
3623;121692777
3624;121726293
3625;121759809
3626;121793325
3627;121826841
3628;121860357
3629;121893873
3630;121927389
3631;121960905
3632;121994421
3633;122027937
3634;122061453
3635;122094969
3636;122128485
3637;122162001
3638;122195517
3639;122229033
3640;122262549
3641;122296065
3642;122329581
3643;122363097
3644;122396613
3645;122430129
3646;122463645
3647;122497161
3648;122530677
3649;122564193
3650;122597709
3651;122631225
3652;122664741
3653;122698257
3654;122731773
3655;122765289
3656;122798805
3657;122832321
3658;122865837
3659;122899353
3660;122932869
3661;122966385
3662;122999901
3663;123033417
3664;123066933
3665;123100449
3666;123133965
3667;123167481
3668;123200997
3669;123234513
3670;123268029
3671;123301545
3672;123335061
3673;123368577
3674;123402093
3675;123435609
3676;123469125
3677;123502641
3678;123536157
3679;123569673
3680;123603189
3681;123636705
3682;123670221
3683;123703737
3684;123737253
3685;123770769
3686;123804285
3687;123837801
3688;123871317
3689;123904833
3690;123938349
3691;123971865
3692;124005381
3693;124038897
3694;124072413
3695;124105929
3696;124139445
3697;124172961
3698;124206477
3699;124239993
3700;124273509
3701;124307025
3702;124340541
3703;124374057
3704;124407573
3705;124441089
3706;124474605
3707;124508121
3708;124541637
3709;124575153
3710;124608669
3711;124642185
3712;124675701
3713;124709217
3714;124742733
3715;124776249
3716;124809765
3717;124843281
3718;124876797
3719;124910313
3720;124943829
3721;124977345
