1;0
2;63212
3;96728
4;130244
5;163760
6;197276
7;230792
8;264308
9;297824
10;331340
11;364856
12;398372
13;431888
14;465404
15;498920
16;532436
17;565952
18;599468
19;632984
20;666500
21;700016
22;733532
23;767048
24;800564
25;834080
26;867596
27;901112
28;934628
29;968144
30;1001660
31;1035176
32;1068692
33;1102208
34;1135724
35;1169240
36;1202756
37;1236272
38;1269788
39;1303304
40;1336820
41;1370336
42;1403852
43;1437368
44;1470884
45;1504400
46;1537916
47;1571432
48;1604948
49;1638464
50;1671980
51;1705496
52;1739012
53;1772528
54;1806044
55;1839560
56;1873076
57;1906592
58;1940108
59;1973624
60;2007140
61;2040656
62;2074172
63;2107688
64;2141204
65;2174720
66;2208236
67;2241752
68;2275268
69;2308784
70;2342300
71;2375816
72;2409332
73;2442848
74;2476364
75;2509880
76;2543396
77;2576912
78;2610428
79;2643944
80;2677460
81;2710976
82;2744492
83;2778008
84;2811524
85;2845040
86;2878556
87;2912072
88;2945588
89;2979104
90;3012620
91;3046136
92;3079652
93;3113168
94;3146684
95;3180200
96;3213716
97;3247232
98;3280748
99;3314264
100;3347780
101;3381296
102;3414812
103;3448328
104;3481844
105;3515360
106;3548876
107;3582392
108;3615908
109;3649424
110;3682940
111;3716456
112;3749972
113;3783488
114;3817004
115;3850520
116;3884036
117;3917552
118;3951068
119;3984584
120;4018100
121;4051616
122;4085132
123;4118648
124;4152164
125;4185680
126;4219196
127;4252712
128;4286228
129;4319744
130;4353260
131;4386776
132;4420292
133;4453808
134;4487324
135;4520840
136;4554356
137;4587872
138;4621388
139;4654904
140;4688420
141;4721936
142;4755452
143;4788968
144;4822484
145;4856000
146;4889516
147;4923032
148;4956548
149;4990064
150;5023580
151;5057096
152;5090612
153;5124128
154;5157644
155;5191160
156;5224676
157;5258192
158;5291708
159;5325224
160;5358740
161;5392256
162;5425772
163;5459288
164;5492804
165;5526320
166;5559836
167;5593352
168;5626868
169;5660384
170;5693900
171;5727416
172;5760932
173;5794448
174;5827964
175;5861480
176;5894996
177;5928512
178;5962028
179;5995544
180;6029060
181;6062576
182;6096092
183;6129608
184;6163124
185;6196640
186;6230156
187;6263672
188;6297188
189;6330704
190;6364220
191;6397736
192;6431252
193;6464768
194;6498284
195;6531800
196;6565316
197;6598832
198;6632348
199;6665864
200;6699380
201;6732896
202;6766412
203;6799928
204;6833444
205;6866960
206;6900476
207;6933992
208;6967508
209;7001024
210;7034540
211;7068056
212;7101572
213;7135088
214;7168604
215;7202120
216;7235636
217;7269152
218;7302668
219;7336184
220;7369700
221;7403216
222;7436732
223;7470248
224;7503764
225;7537280
226;7570796
227;7604312
228;7637828
229;7671344
230;7704860
231;7738376
232;7771892
233;7805408
234;7838924
235;7872440
236;7905956
237;7939472
238;7972988
239;8006504
240;8040020
241;8073536
242;8107052
243;8140568
244;8174084
245;8207600
246;8241116
247;8274632
248;8308148
249;8341664
250;8375180
251;8408696
252;8442212
253;8475728
254;8509244
255;8542760
256;8576276
257;8609792
258;8643308
259;8676824
260;8710340
261;8743856
262;8777372
263;8810888
264;8844404
265;8877920
266;8911436
267;8944952
268;8978468
269;9011984
270;9045500
271;9079016
272;9112532
273;9146048
274;9179564
275;9213080
276;9246596
277;9280112
278;9313628
279;9347144
280;9380660
281;9414176
282;9447692
283;9481208
284;9514724
285;9548240
286;9581756
287;9615272
288;9648788
289;9682304
290;9715820
291;9749336
292;9782852
293;9816368
294;9849884
295;9883400
296;9916916
297;9950432
298;9983948
299;10017464
300;10050980
301;10084496
302;10118012
303;10151528
304;10185044
305;10218560
306;10252076
307;10285592
308;10319108
309;10352624
310;10386140
311;10419656
312;10453172
313;10486688
314;10520204
315;10553720
316;10587236
317;10620752
318;10654268
319;10687784
320;10721300
321;10754816
322;10788332
323;10821848
324;10855364
325;10888880
326;10922396
327;10955912
328;10989428
329;11022944
330;11056460
331;11089976
332;11123492
333;11157008
334;11190524
335;11224040
336;11257556
337;11291072
338;11324588
339;11358104
340;11391620
341;11425136
342;11458652
343;11492168
344;11525684
345;11559200
346;11592716
347;11626232
348;11659748
349;11693264
350;11726780
351;11760296
352;11793812
353;11827328
354;11860844
355;11894360
356;11927876
357;11961392
358;11994908
359;12028424
360;12061940
361;12095456
362;12128972
363;12162488
364;12196004
365;12229520
366;12263036
367;12296552
368;12330068
369;12363584
370;12397100
371;12430616
372;12464132
373;12497648
374;12531164
375;12564680
376;12598196
377;12631712
378;12665228
379;12698744
380;12732260
381;12765776
382;12799292
383;12832808
384;12866324
385;12899840
386;12933356
387;12966872
388;13000388
389;13033904
390;13067420
391;13100936
392;13134452
393;13167968
394;13201484
395;13235000
396;13268516
397;13302032
398;13335548
399;13369064
400;13402580
401;13436096
402;13469612
403;13503128
404;13536644
405;13570160
406;13603676
407;13637192
408;13670708
409;13704224
410;13737740
411;13771256
412;13804772
413;13838288
414;13871804
415;13905320
416;13938836
417;13972352
418;14005868
419;14039384
420;14072900
421;14106416
422;14139932
423;14173448
424;14206964
425;14240480
426;14273996
427;14307512
428;14341028
429;14374544
430;14408060
431;14441576
432;14475092
433;14508608
434;14542124
435;14575640
436;14609156
437;14642672
438;14676188
439;14709704
440;14743220
441;14776736
442;14810252
443;14843768
444;14877284
445;14910800
446;14944316
447;14977832
448;15011348
449;15044864
450;15078380
451;15111896
452;15145412
453;15178928
454;15212444
455;15245960
456;15279476
457;15312992
458;15346508
459;15380024
460;15413540
461;15447056
462;15480572
463;15514088
464;15547604
465;15581120
466;15614636
467;15648152
468;15681668
469;15715184
470;15748700
471;15782216
472;15815732
473;15849248
474;15882764
475;15916280
476;15949796
477;15983312
478;16016828
479;16050344
480;16083860
481;16117376
482;16150892
483;16184408
484;16217924
485;16251440
486;16284956
487;16318472
488;16351988
489;16385504
490;16419020
491;16452536
492;16486052
493;16519568
494;16553084
495;16586600
496;16620116
497;16653632
498;16687148
499;16720664
500;16754180
501;16787696
502;16821212
503;16854728
504;16888244
505;16921760
506;16955276
507;16988792
508;17022308
509;17055824
510;17089340
511;17122856
512;17156372
513;17189888
514;17223404
515;17256920
516;17290436
517;17323952
518;17357468
519;17390984
520;17424500
521;17458016
522;17491532
523;17525048
524;17558564
525;17592080
526;17625596
527;17659112
528;17692628
529;17726144
530;17759660
531;17793176
532;17826692
533;17860208
534;17893724
535;17927240
536;17960756
537;17994272
538;18027788
539;18061304
540;18094820
541;18128336
542;18161852
543;18195368
544;18228884
545;18262400
546;18295916
547;18329432
548;18362948
549;18396464
550;18429980
551;18463496
552;18497012
553;18530528
554;18564044
555;18597560
556;18631076
557;18664592
558;18698108
559;18731624
560;18765140
561;18798656
562;18832172
563;18865688
564;18899204
565;18932720
566;18966236
567;18999752
568;19033268
569;19066784
570;19100300
571;19133816
572;19167332
573;19200848
574;19234364
575;19267880
576;19301396
577;19334912
578;19368428
579;19401944
580;19435460
581;19468976
582;19502492
583;19536008
584;19569524
585;19603040
586;19636556
587;19670072
588;19703588
589;19737104
590;19770620
591;19804136
592;19837652
593;19871168
594;19904684
595;19938200
596;19971716
597;20005232
598;20038748
599;20072264
600;20105780
601;20139296
602;20172812
603;20206328
604;20239844
605;20273360
606;20306876
607;20340392
608;20373908
609;20407424
610;20440940
611;20474456
612;20507972
613;20541488
614;20575004
615;20608520
616;20642036
617;20675552
618;20709068
619;20742584
620;20776100
621;20809616
622;20843132
623;20876648
624;20910164
625;20943680
626;20977196
627;21010712
628;21044228
629;21077744
630;21111260
631;21144776
632;21178292
633;21211808
634;21245324
635;21278840
636;21312356
637;21345872
638;21379388
639;21412904
640;21446420
641;21479936
642;21513452
643;21546968
644;21580484
645;21614000
646;21647516
647;21681032
648;21714548
649;21748064
650;21781580
651;21815096
652;21848612
653;21882128
654;21915644
655;21949160
656;21982676
657;22016192
658;22049708
659;22083224
660;22116740
661;22150256
662;22183772
663;22217288
664;22250804
665;22284320
666;22317836
667;22351352
668;22384868
669;22418384
670;22451900
671;22485416
672;22518932
673;22552448
674;22585964
675;22619480
676;22652996
677;22686512
678;22720028
679;22753544
680;22787060
681;22820576
682;22854092
683;22887608
684;22921124
685;22954640
686;22988156
687;23021672
688;23055188
689;23088704
690;23122220
691;23155736
692;23189252
693;23222768
694;23256284
695;23289800
696;23323316
697;23356832
698;23390348
699;23423864
700;23457380
701;23490896
702;23524412
703;23557928
704;23591444
705;23624960
706;23658476
707;23691992
708;23725508
709;23759024
710;23792540
711;23826056
712;23859572
713;23893088
714;23926604
715;23960120
716;23993636
717;24027152
718;24060668
719;24094184
720;24127700
721;24161216
722;24194732
723;24228248
724;24261764
725;24295280
726;24328796
727;24362312
728;24395828
729;24429344
730;24462860
731;24496376
732;24529892
733;24563408
734;24596924
735;24630440
736;24663956
737;24697472
738;24730988
739;24764504
740;24798020
741;24831536
742;24865052
743;24898568
744;24932084
745;24965600
746;24999116
747;25032632
748;25066148
749;25099664
750;25133180
751;25166696
752;25200212
753;25233728
754;25267244
755;25300760
756;25334276
757;25367792
758;25401308
759;25434824
760;25468340
761;25501856
762;25535372
763;25568888
764;25602404
765;25635920
766;25669436
767;25702952
768;25736468
769;25769984
770;25803500
771;25837016
772;25870532
773;25904048
774;25937564
775;25971080
776;26004596
777;26038112
778;26071628
779;26105144
780;26138660
781;26172176
782;26205692
783;26239208
784;26272724
785;26306240
786;26339756
787;26373272
788;26406788
789;26440304
790;26473820
791;26507336
792;26540852
793;26574368
794;26607884
795;26641400
796;26674916
797;26708432
798;26741948
799;26775464
800;26808980
801;26842496
802;26876012
803;26909528
804;26943044
805;26976560
806;27010076
807;27043592
808;27077108
809;27110624
810;27144140
811;27177656
812;27211172
813;27244688
814;27278204
815;27311720
816;27345236
817;27378752
818;27412268
819;27445784
820;27479300
821;27512816
822;27546332
823;27579848
824;27613364
825;27646880
826;27680396
827;27713912
828;27747428
829;27780944
830;27814460
831;27847976
832;27881492
833;27915008
834;27948524
835;27982040
836;28015556
837;28049072
838;28082588
839;28116104
840;28149620
841;28183136
842;28216652
843;28250168
844;28283684
845;28317200
846;28350716
847;28384232
848;28417748
849;28451264
850;28484780
851;28518296
852;28551812
853;28585328
854;28618844
855;28652360
856;28685876
857;28719392
858;28752908
859;28786424
860;28819940
861;28853456
862;28886972
863;28920488
864;28954004
865;28987520
866;29021036
867;29054552
868;29088068
869;29121584
870;29155100
871;29188616
872;29222132
873;29255648
874;29289164
875;29322680
876;29356196
877;29389712
878;29423228
879;29456744
880;29490260
881;29523776
882;29557292
883;29590808
884;29624324
885;29657840
886;29691356
887;29724872
888;29758388
889;29791904
890;29825420
891;29858936
892;29892452
893;29925968
894;29959484
895;29993000
896;30026516
897;30060032
898;30093548
899;30127064
900;30160580
901;30194096
902;30227612
903;30261128
904;30294644
905;30328160
906;30361676
907;30395192
908;30428708
909;30462224
910;30495740
911;30529256
912;30562772
913;30596288
914;30629804
915;30663320
916;30696836
917;30730352
918;30763868
919;30797384
920;30830900
921;30864416
922;30897932
923;30931448
924;30964964
925;30998480
926;31031996
927;31065512
928;31099028
929;31132544
930;31166060
931;31199576
932;31233092
933;31266608
934;31300124
935;31333640
936;31367156
937;31400672
938;31434188
939;31467704
940;31501220
941;31534736
942;31568252
943;31601768
944;31635284
945;31668800
946;31702316
947;31735832
948;31769348
949;31802864
950;31836380
951;31869896
952;31903412
953;31936928
954;31970444
955;32003960
956;32037476
957;32070992
958;32104508
959;32138024
960;32171540
961;32205056
962;32238572
963;32272088
964;32305604
965;32339120
966;32372636
967;32406152
968;32439668
969;32473184
970;32506700
971;32540216
972;32573732
973;32607248
974;32640764
975;32674280
976;32707796
977;32741312
978;32774828
979;32808344
980;32841860
981;32875376
982;32908892
983;32942408
984;32975924
985;33009440
986;33042956
987;33076472
988;33109988
989;33143504
990;33177020
991;33210536
992;33244052
993;33277568
994;33311084
995;33344600
996;33378116
997;33411632
998;33445148
999;33478664
1000;33512180
1001;33545696
1002;33579212
1003;33612728
1004;33646244
1005;33679760
1006;33713276
1007;33746792
1008;33780308
1009;33813824
1010;33847340
1011;33880856
1012;33914372
1013;33947888
1014;33981404
1015;34014920
1016;34048436
1017;34081952
1018;34115468
1019;34148984
1020;34182500
1021;34216016
1022;34249532
1023;34283048
1024;34316564
1025;34350080
1026;34383596
1027;34417112
1028;34450628
1029;34484144
1030;34517660
1031;34551176
1032;34584692
1033;34618208
1034;34651724
1035;34685240
1036;34718756
1037;34752272
1038;34785788
1039;34819304
1040;34852820
1041;34886336
1042;34919852
1043;34953368
1044;34986884
1045;35020400
1046;35053916
1047;35087432
1048;35120948
1049;35154464
1050;35187980
1051;35221496
1052;35255012
1053;35288528
1054;35322044
1055;35355560
1056;35389076
1057;35422592
1058;35456108
1059;35489624
1060;35523140
1061;35556656
1062;35590172
1063;35623688
1064;35657204
1065;35690720
1066;35724236
1067;35757752
1068;35791268
1069;35824784
1070;35858300
1071;35891816
1072;35925332
1073;35958848
1074;35992364
1075;36025880
1076;36059396
1077;36092912
1078;36126428
1079;36159944
1080;36193460
1081;36226976
1082;36260492
1083;36294008
1084;36327524
1085;36361040
1086;36394556
1087;36428072
1088;36461588
1089;36495104
1090;36528620
1091;36562136
1092;36595652
1093;36629168
1094;36662684
1095;36696200
1096;36729716
1097;36763232
1098;36796748
1099;36830264
1100;36863780
1101;36897296
1102;36930812
1103;36964328
1104;36997844
1105;37031360
1106;37064876
1107;37098392
1108;37131908
1109;37165424
1110;37198940
1111;37232456
1112;37265972
1113;37299488
1114;37333004
1115;37366520
1116;37400036
1117;37433552
1118;37467068
1119;37500584
1120;37534100
1121;37567616
1122;37601132
1123;37634648
1124;37668164
1125;37701680
1126;37735196
1127;37768712
1128;37802228
1129;37835744
1130;37869260
1131;37902776
1132;37936292
1133;37969808
1134;38003324
1135;38036840
1136;38070356
1137;38103872
1138;38137388
1139;38170904
1140;38204420
1141;38237936
1142;38271452
1143;38304968
1144;38338484
1145;38372000
1146;38405516
1147;38439032
1148;38472548
1149;38506064
1150;38539580
1151;38573096
1152;38606612
1153;38640128
1154;38673644
1155;38707160
1156;38740676
1157;38774192
1158;38807708
1159;38841224
1160;38874740
1161;38908256
1162;38941772
1163;38975288
1164;39008804
1165;39042320
1166;39075836
1167;39109352
1168;39142868
1169;39176384
1170;39209900
1171;39243416
1172;39276932
1173;39310448
1174;39343964
1175;39377480
1176;39410996
1177;39444512
1178;39478028
1179;39511544
1180;39545060
1181;39578576
1182;39612092
1183;39645608
1184;39679124
1185;39712640
1186;39746156
1187;39779672
1188;39813188
1189;39846704
1190;39880220
1191;39913736
1192;39947252
1193;39980768
1194;40014284
1195;40047800
1196;40081316
1197;40114832
1198;40148348
1199;40181864
1200;40215380
1201;40248896
1202;40282412
1203;40315928
1204;40349444
1205;40382960
1206;40416476
1207;40449992
1208;40483508
1209;40517024
1210;40550540
1211;40584056
1212;40617572
1213;40651088
1214;40684604
1215;40718120
1216;40751636
1217;40785152
1218;40818668
1219;40852184
1220;40885700
1221;40919216
1222;40952732
1223;40986248
1224;41019764
1225;41053280
1226;41086796
1227;41120312
1228;41153828
1229;41187344
1230;41220860
1231;41254376
1232;41287892
1233;41321408
1234;41354924
1235;41388440
1236;41421956
1237;41455472
1238;41488988
1239;41589536
1240;41623052
1241;41656568
1242;41690084
1243;41723600
1244;41757116
1245;41790632
1246;41824148
1247;41857664
1248;41891180
1249;41924696
1250;41958212
1251;41991728
1252;42025244
1253;42058760
1254;42092276
1255;42125792
1256;42159308
1257;42192824
1258;42226340
1259;42259856
1260;42293372
1261;42326888
1262;42360404
1263;42393920
1264;42427436
1265;42460952
1266;42494468
1267;42527984
1268;42561500
1269;42595016
1270;42628532
1271;42662048
1272;42695564
1273;42729080
1274;42762596
1275;42796112
1276;42829628
1277;42863144
1278;42896660
1279;42930176
1280;42963692
1281;42997208
1282;43030724
1283;43064240
1284;43097756
1285;43131272
1286;43164788
1287;43198304
1288;43231820
1289;43265336
1290;43298852
1291;43332368
1292;43365884
1293;43399400
1294;43432916
1295;43466432
1296;43499948
1297;43533464
1298;43566980
1299;43600496
1300;43634012
1301;43667528
1302;43701044
1303;43734560
1304;43768076
1305;43801592
1306;43835108
1307;43868624
1308;43902140
1309;43935656
1310;43969172
1311;44002688
1312;44036204
1313;44069720
1314;44103236
1315;44136752
1316;44170268
1317;44203784
1318;44237300
1319;44270816
1320;44304332
1321;44404880
1322;44438396
1323;44471912
1324;44505428
1325;44538944
1326;44572460
1327;44605976
1328;44639492
1329;44673008
1330;44706524
1331;44740040
1332;44773556
1333;44807072
1334;44840588
1335;44874104
1336;44907620
1337;44941136
1338;44974652
1339;45008168
1340;45041684
1341;45075200
1342;45108716
1343;45142232
1344;45175748
1345;45209264
1346;45242780
1347;45276296
1348;45309812
1349;45343328
1350;45376844
1351;45410360
1352;45443876
1353;45477392
1354;45510908
1355;45544424
1356;45577940
1357;45611456
1358;45644972
1359;45678488
1360;45712004
1361;45745520
1362;45779036
1363;45812552
1364;45846068
1365;45879584
1366;45913100
1367;45946616
1368;45980132
1369;46013648
1370;46047164
1371;46080680
1372;46114196
1373;46147712
1374;46181228
1375;46214744
1376;46248260
1377;46281776
1378;46315292
1379;46348808
1380;46382324
1381;46415840
1382;46449356
1383;46482872
1384;46516388
1385;46549904
1386;46583420
1387;46616936
1388;46650452
1389;46683968
1390;46717484
1391;46751000
1392;46784516
1393;46818032
1394;46851548
1395;46885064
1396;46918580
1397;46952096
1398;46985612
1399;47019128
1400;47052644
1401;47086160
1402;47119676
1403;47153192
1404;47186708
1405;47220224
1406;47253740
1407;47287256
1408;47320772
1409;47354288
1410;47387804
1411;47421320
1412;47454836
1413;47488352
1414;47521868
1415;47555384
1416;47588900
1417;47622416
1418;47655932
1419;47689448
1420;47722964
1421;47756480
1422;47789996
1423;47823512
1424;47857028
1425;47890544
1426;47924060
1427;47957576
1428;47991092
1429;48024608
1430;48058124
1431;48091640
1432;48125156
1433;48158672
1434;48192188
1435;48225704
1436;48259220
1437;48292736
1438;48326252
1439;48359768
1440;48393284
1441;48426800
1442;48460316
1443;48493832
1444;48527348
1445;48560864
1446;48594380
1447;48627896
1448;48661412
1449;48694928
1450;48728444
1451;48761960
1452;48795476
1453;48828992
1454;48862508
1455;48896024
1456;48929540
1457;48963056
1458;48996572
1459;49030088
1460;49063604
1461;49097120
1462;49130636
1463;49164152
1464;49197668
1465;49231184
1466;49264700
1467;49298216
1468;49331732
1469;49365248
1470;49398764
1471;49432280
1472;49465796
1473;49499312
1474;49532828
1475;49566344
1476;49599860
1477;49633376
1478;49666892
1479;49700408
1480;49733924
1481;49767440
1482;49800956
1483;49834472
1484;49867988
1485;49901504
1486;49935020
1487;49968536
1488;50002052
1489;50035568
1490;50069084
1491;50102600
1492;50136116
1493;50169632
1494;50203148
1495;50236664
1496;50270180
1497;50303696
1498;50337212
1499;50370728
1500;50404244
1501;50437760
1502;50471276
1503;50504792
1504;50538308
1505;50571824
1506;50605340
1507;50638856
1508;50672372
1509;50705888
1510;50739404
1511;50772920
1512;50806436
1513;50839952
1514;50873468
1515;50906984
1516;50940500
1517;50974016
1518;51007532
1519;51041048
1520;51074564
1521;51108080
1522;51141596
1523;51175112
1524;51208628
1525;51242144
1526;51275660
1527;51309176
1528;51342692
1529;51376208
1530;51409724
1531;51443240
1532;51476756
1533;51510272
1534;51543788
1535;51577304
1536;51610820
1537;51644336
1538;51677852
1539;51711368
1540;51744884
1541;51778400
1542;51811916
1543;51845432
1544;51878948
1545;51912464
1546;51945980
1547;51979496
1548;52013012
1549;52046528
1550;52080044
1551;52113560
1552;52147076
1553;52180592
1554;52214108
1555;52247624
1556;52281140
1557;52314656
1558;52348172
1559;52381688
1560;52415204
1561;52448720
1562;52482236
1563;52515752
1564;52549268
1565;52582784
1566;52616300
1567;52649816
1568;52683332
1569;52716848
1570;52750364
1571;52783880
1572;52817396
1573;52850912
1574;52884428
1575;52917944
1576;52951460
1577;52984976
1578;53018492
1579;53052008
1580;53085524
1581;53119040
1582;53152556
1583;53186072
1584;53219588
1585;53253104
1586;53286620
1587;53320136
1588;53353652
1589;53387168
1590;53420684
1591;53454200
1592;53487716
1593;53521232
1594;53554748
1595;53588264
1596;53621780
1597;53655296
1598;53688812
1599;53722328
1600;53755844
1601;53789360
1602;53822876
1603;53856392
1604;53889908
1605;53923424
1606;53956940
1607;53990456
1608;54023972
1609;54057488
1610;54091004
1611;54124520
1612;54158036
1613;54191552
1614;54225068
1615;54258584
1616;54292100
1617;54325616
1618;54359132
1619;54392648
1620;54426164
1621;54459680
1622;54493196
1623;54526712
1624;54560228
1625;54593744
1626;54627260
1627;54660776
1628;54694292
1629;54727808
1630;54761324
1631;54794840
1632;54828356
1633;54861872
1634;54895388
1635;54928904
1636;54962420
1637;54995936
1638;55029452
1639;55062968
1640;55096484
1641;55130000
1642;55163516
1643;55197032
1644;55230548
1645;55264064
1646;55297580
1647;55331096
1648;55364612
1649;55398128
1650;55431644
1651;55465160
1652;55498676
1653;55532192
1654;55565708
1655;55599224
1656;55632740
1657;55666256
1658;55699772
1659;55733288
1660;55766804
1661;55800320
1662;55833836
1663;55867352
1664;55900868
1665;55934384
1666;55967900
1667;56001416
1668;56034932
1669;56068448
1670;56101964
1671;56135480
1672;56168996
1673;56202512
1674;56236028
1675;56269544
1676;56303060
1677;56336576
1678;56370092
1679;56403608
1680;56437124
1681;56470640
1682;56504156
1683;56537672
1684;56571188
1685;56604704
1686;56638220
1687;56671736
1688;56705252
1689;56738768
1690;56772284
1691;56805800
1692;56839316
1693;56872832
1694;56906348
