1;0
2;63213
3;96729
4;130245
5;163761
6;197277
7;230793
8;264309
9;297825
10;331341
11;364857
12;398373
13;431889
14;465405
15;498921
16;532437
17;565953
18;599469
19;632985
20;666501
21;700017
22;733533
23;767049
24;800565
25;834081
26;867597
27;901113
28;934629
29;968145
30;1001661
31;1035177
32;1068693
33;1102209
34;1135725
35;1169241
36;1202757
37;1236273
38;1269789
39;1303305
40;1336821
41;1370337
42;1403853
43;1437369
44;1470885
45;1504401
46;1537917
47;1571433
48;1604949
49;1638465
50;1671981
51;1705497
52;1739013
53;1772529
54;1806045
55;1839561
56;1873077
57;1906593
58;1940109
59;1973625
60;2007141
61;2040657
62;2074173
63;2107689
64;2141205
65;2174721
66;2208237
67;2241753
68;2275269
69;2308785
70;2342301
71;2375817
72;2409333
73;2442849
74;2476365
75;2509881
76;2543397
77;2576913
78;2610429
79;2643945
80;2677461
81;2710977
82;2744493
83;2778009
84;2811525
85;2845041
86;2878557
87;2912073
88;2945589
89;2979105
90;3012621
91;3046137
92;3079653
93;3113169
94;3146685
95;3180201
96;3213717
97;3247233
98;3280749
99;3314265
100;3347781
101;3381297
102;3414813
103;3448329
104;3481845
105;3515361
106;3548877
107;3582393
108;3615909
109;3649425
110;3682941
111;3716457
112;3749973
113;3783489
114;3817005
115;3850521
116;3884037
117;3917553
118;3951069
119;3984585
120;4018101
121;4051617
122;4085133
123;4118649
124;4152165
125;4185681
126;4219197
127;4252713
128;4286229
129;4319745
130;4353261
131;4386777
132;4420293
133;4453809
134;4487325
135;4520841
136;4554357
137;4587873
138;4621389
139;4654905
140;4688421
141;4721937
142;4755453
143;4788969
144;4822485
145;4856001
146;4889517
147;4923033
148;4956549
149;4990065
150;5023581
151;5057097
152;5090613
153;5124129
154;5157645
155;5191161
156;5224677
157;5258193
158;5291709
159;5325225
160;5358741
161;5392257
162;5425773
163;5459289
164;5492805
165;5526321
166;5559837
167;5593353
168;5626869
169;5660385
170;5693901
171;5727417
172;5760933
173;5794449
174;5827965
175;5861481
176;5894997
177;5928513
178;5962029
179;5995545
180;6029061
181;6062577
182;6096093
183;6129609
184;6163125
185;6196641
186;6230157
187;6263673
188;6297189
189;6330705
190;6364221
191;6397737
192;6431253
193;6464769
194;6498285
195;6531801
196;6565317
197;6598833
198;6632349
199;6665865
200;6699381
201;6732897
202;6766413
203;6799929
204;6833445
205;6866961
206;6900477
207;6933993
208;6967509
209;7001025
210;7034541
211;7068057
212;7101573
213;7135089
214;7168605
215;7202121
216;7235637
217;7269153
218;7302669
219;7336185
220;7369701
221;7403217
222;7436733
223;7470249
224;7503765
225;7537281
226;7570797
227;7604313
228;7637829
229;7671345
230;7704861
231;7738377
232;7771893
233;7805409
234;7838925
235;7872441
236;7905957
237;7939473
238;7972989
239;8006505
240;8040021
241;8073537
242;8107053
243;8140569
244;8174085
245;8207601
246;8241117
247;8274633
248;8308149
249;8341665
250;8375181
251;8408697
252;8442213
253;8475729
254;8509245
255;8542761
256;8576277
257;8609793
258;8643309
259;8676825
260;8710341
261;8743857
262;8777373
263;8810889
264;8844405
265;8877921
266;8911437
267;8944953
268;8978469
269;9011985
270;9045501
271;9079017
272;9112533
273;9146049
274;9179565
275;9213081
276;9246597
277;9280113
278;9313629
279;9347145
280;9380661
281;9414177
282;9447693
283;9481209
284;9514725
285;9548241
286;9581757
287;9615273
288;9648789
289;9682305
290;9715821
291;9749337
292;9782853
293;9816369
294;9849885
295;9883401
296;9916917
297;9950433
298;9983949
299;10017465
300;10050981
301;10084497
302;10118013
303;10151529
304;10185045
305;10218561
306;10252077
307;10285593
308;10319109
309;10352625
310;10386141
311;10419657
312;10453173
313;10486689
314;10520205
315;10553721
316;10587237
317;10620753
318;10654269
319;10687785
320;10721301
321;10754817
322;10788333
323;10821849
324;10855365
325;10888881
326;10922397
327;10955913
328;10989429
329;11022945
330;11056461
331;11089977
332;11123493
333;11157009
334;11190525
335;11224041
336;11257557
337;11291073
338;11324589
339;11358105
340;11391621
341;11425137
342;11458653
343;11492169
344;11525685
345;11559201
346;11592717
347;11626233
348;11659749
349;11693265
350;11726781
351;11760297
352;11793813
353;11827329
354;11860845
355;11894361
356;11927877
357;11961393
358;11994909
359;12028425
360;12061941
361;12095457
362;12128973
363;12162489
364;12196005
365;12229521
366;12263037
367;12296553
368;12330069
369;12363585
370;12397101
371;12430617
372;12464133
373;12497649
374;12531165
375;12564681
376;12598197
377;12631713
378;12665229
379;12698745
380;12732261
381;12765777
382;12799293
383;12832809
384;12866325
385;12899841
386;12933357
387;12966873
388;13000389
389;13033905
390;13067421
391;13100937
392;13134453
393;13167969
394;13201485
395;13235001
396;13268517
397;13302033
398;13335549
399;13369065
400;13402581
401;13436097
402;13469613
403;13503129
404;13536645
405;13570161
406;13603677
407;13637193
408;13670709
409;13704225
410;13737741
411;13771257
412;13804773
413;13838289
414;13871805
415;13905321
416;13938837
417;13972353
418;14005869
419;14039385
420;14072901
421;14106417
422;14139933
423;14173449
424;14206965
425;14240481
426;14273997
427;14307513
428;14341029
429;14374545
430;14408061
431;14441577
432;14475093
433;14508609
434;14542125
435;14575641
436;14609157
437;14642673
438;14676189
439;14709705
440;14743221
441;14776737
442;14810253
443;14843769
444;14877285
445;14910801
446;14944317
447;14977833
448;15011349
449;15044865
450;15078381
451;15111897
452;15145413
453;15178929
454;15212445
455;15245961
456;15279477
457;15312993
458;15346509
459;15380025
460;15413541
461;15447057
462;15480573
463;15514089
464;15547605
465;15581121
466;15614637
467;15648153
468;15681669
469;15715185
470;15748701
471;15782217
472;15815733
473;15849249
474;15882765
475;15916281
476;15949797
477;15983313
478;16016829
479;16050345
480;16083861
481;16117377
482;16150893
483;16184409
484;16217925
485;16251441
486;16284957
487;16318473
488;16351989
489;16385505
490;16419021
491;16452537
492;16486053
493;16519569
494;16553085
495;16586601
496;16620117
497;16653633
498;16687149
499;16720665
500;16754181
501;16787697
502;16821213
503;16854729
504;16888245
505;16921761
506;16955277
507;16988793
508;17022309
509;17055825
510;17089341
511;17122857
512;17156373
513;17189889
514;17223405
515;17256921
516;17290437
517;17323953
518;17357469
519;17390985
520;17424501
521;17458017
522;17491533
523;17525049
524;17558565
525;17592081
526;17625597
527;17659113
528;17692629
529;17726145
530;17759661
531;17793177
532;17826693
533;17860209
534;17893725
535;17927241
536;17960757
537;17994273
538;18027789
539;18061305
540;18094821
541;18128337
542;18161853
543;18195369
544;18228885
545;18262401
546;18295917
547;18329433
548;18362949
549;18396465
550;18429981
551;18463497
552;18497013
553;18530529
554;18564045
555;18597561
556;18631077
557;18664593
558;18698109
559;18731625
560;18765141
561;18798657
562;18832173
563;18865689
564;18899205
565;18932721
566;18966237
567;18999753
568;19033269
569;19066785
570;19100301
571;19133817
572;19167333
573;19200849
574;19234365
575;19267881
576;19301397
577;19334913
578;19368429
579;19401945
580;19435461
581;19468977
582;19502493
583;19536009
584;19569525
585;19603041
586;19636557
587;19670073
588;19703589
589;19737105
590;19770621
591;19804137
592;19837653
593;19871169
594;19904685
595;19938201
596;19971717
597;20005233
598;20038749
599;20072265
600;20105781
601;20139297
602;20172813
603;20206329
604;20239845
605;20273361
606;20306877
607;20340393
608;20373909
609;20407425
610;20440941
611;20474457
612;20507973
613;20541489
614;20575005
615;20608521
616;20642037
617;20675553
618;20709069
619;20742585
620;20776101
621;20809617
622;20843133
623;20876649
624;20910165
625;20943681
626;20977197
627;21010713
628;21044229
629;21077745
630;21111261
631;21144777
632;21178293
633;21211809
634;21245325
635;21278841
636;21312357
637;21345873
638;21379389
639;21412905
640;21446421
641;21479937
642;21513453
643;21546969
644;21580485
645;21614001
646;21647517
647;21681033
648;21714549
649;21748065
650;21781581
651;21815097
652;21915645
653;21949161
654;21982677
655;22016193
656;22049709
657;22083225
658;22116741
659;22150257
660;22183773
661;22217289
662;22250805
663;22284321
664;22317837
665;22351353
666;22384869
667;22418385
668;22451901
669;22485417
670;22518933
671;22552449
672;22585965
673;22619481
674;22652997
675;22686513
676;22720029
677;22753545
678;22787061
679;22820577
680;22854093
681;22887609
682;22921125
683;22954641
684;22988157
685;23021673
686;23055189
687;23088705
688;23122221
689;23155737
690;23189253
691;23222769
692;23256285
693;23289801
694;23323317
695;23356833
696;23390349
697;23423865
698;23457381
699;23490897
700;23524413
701;23557929
702;23591445
703;23624961
704;23658477
705;23691993
706;23725509
707;23759025
708;23792541
709;23826057
710;23859573
711;23893089
712;23926605
713;23960121
714;23993637
715;24027153
716;24060669
717;24094185
718;24127701
719;24161217
720;24194733
721;24228249
722;24261765
723;24295281
724;24328797
725;24362313
726;24395829
727;24429345
728;24462861
729;24496377
730;24529893
731;24563409
732;24596925
733;24630441
734;24663957
735;24697473
736;24730989
737;24764505
738;24798021
739;24831537
740;24865053
741;24898569
742;24932085
743;24965601
744;24999117
745;25032633
746;25066149
747;25099665
748;25133181
749;25166697
750;25200213
751;25233729
752;25267245
753;25300761
754;25334277
755;25367793
756;25401309
757;25434825
758;25468341
759;25501857
760;25535373
761;25568889
762;25602405
763;25635921
764;25669437
765;25702953
766;25736469
767;25769985
768;25803501
769;25837017
770;25870533
771;25904049
772;25937565
773;25971081
774;26004597
775;26038113
776;26071629
777;26105145
778;26138661
779;26172177
780;26205693
781;26239209
782;26272725
783;26306241
784;26339757
785;26373273
786;26406789
787;26440305
788;26473821
789;26507337
790;26540853
791;26574369
792;26607885
793;26641401
794;26674917
795;26708433
796;26741949
797;26775465
798;26808981
799;26842497
800;26876013
801;26909529
802;26943045
803;26976561
804;27010077
805;27043593
806;27077109
807;27110625
808;27144141
809;27177657
810;27211173
811;27244689
812;27278205
813;27311721
814;27345237
815;27378753
816;27412269
817;27445785
818;27479301
819;27512817
820;27546333
821;27579849
822;27613365
823;27646881
824;27680397
825;27713913
826;27747429
827;27780945
828;27814461
829;27847977
830;27881493
831;27915009
832;27948525
833;27982041
834;28015557
835;28049073
836;28082589
837;28116105
838;28149621
839;28183137
840;28216653
841;28250169
842;28283685
843;28317201
844;28350717
845;28384233
846;28417749
847;28451265
848;28484781
849;28518297
850;28551813
851;28585329
852;28618845
853;28652361
854;28685877
855;28719393
856;28752909
857;28786425
858;28819941
859;28853457
860;28886973
861;28920489
862;28954005
863;28987521
864;29021037
865;29054553
866;29088069
867;29121585
868;29155101
869;29188617
870;29222133
871;29255649
872;29289165
873;29322681
874;29356197
875;29389713
876;29423229
877;29456745
878;29490261
879;29523777
880;29557293
881;29590809
882;29624325
883;29657841
884;29691357
885;29724873
886;29758389
887;29791905
888;29825421
889;29858937
890;29892453
891;29925969
892;29959485
893;29993001
894;30026517
895;30060033
896;30093549
897;30127065
898;30160581
899;30194097
900;30227613
901;30261129
902;30294645
903;30328161
904;30361677
905;30395193
906;30428709
907;30462225
908;30495741
909;30529257
910;30562773
911;30596289
912;30629805
913;30663321
914;30696837
915;30730353
916;30763869
917;30797385
918;30830901
919;30864417
920;30897933
921;30931449
922;30964965
923;30998481
924;31031997
925;31065513
926;31099029
927;31132545
928;31166061
929;31199577
930;31233093
931;31266609
932;31300125
933;31333641
934;31367157
935;31400673
936;31434189
937;31467705
938;31501221
939;31534737
940;31568253
941;31601769
942;31635285
943;31668801
944;31702317
945;31735833
946;31769349
947;31802865
948;31836381
949;31869897
950;31903413
951;31936929
952;31970445
953;32003961
954;32037477
955;32070993
956;32104509
957;32138025
958;32171541
959;32205057
960;32238573
961;32272089
962;32305605
963;32339121
964;32372637
965;32406153
966;32439669
967;32473185
968;32506701
969;32540217
970;32573733
971;32607249
972;32640765
973;32674281
974;32707797
975;32741313
976;32774829
977;32808345
978;32841861
979;32875377
980;32908893
981;32942409
982;32975925
983;33009441
984;33042957
985;33076473
986;33109989
987;33143505
988;33177021
989;33210537
990;33244053
991;33277569
992;33311085
993;33344601
994;33378117
995;33411633
996;33445149
997;33478665
998;33512181
999;33545697
1000;33579213
1001;33612729
1002;33646245
1003;33679761
1004;33713277
1005;33746793
1006;33780309
1007;33813825
1008;33847341
1009;33880857
1010;33914373
1011;33947889
1012;33981405
1013;34014921
1014;34048437
1015;34081953
1016;34115469
1017;34148985
1018;34182501
1019;34216017
1020;34249533
1021;34283049
1022;34316565
1023;34350081
1024;34383597
1025;34417113
1026;34450629
1027;34484145
1028;34517661
1029;34551177
1030;34584693
1031;34618209
1032;34651725
1033;34685241
1034;34718757
1035;34752273
1036;34785789
1037;34819305
1038;34852821
1039;34886337
1040;34919853
1041;34953369
1042;34986885
1043;35020401
1044;35053917
1045;35087433
1046;35120949
1047;35154465
1048;35187981
1049;35221497
1050;35255013
1051;35288529
1052;35322045
1053;35355561
1054;35389077
1055;35422593
1056;35456109
1057;35489625
1058;35523141
1059;35556657
1060;35590173
1061;35623689
1062;35657205
1063;35690721
1064;35724237
1065;35757753
1066;35791269
1067;35824785
1068;35858301
1069;35891817
1070;35925333
1071;35958849
1072;35992365
1073;36025881
1074;36059397
1075;36092913
1076;36126429
1077;36159945
1078;36193461
1079;36226977
1080;36260493
1081;36294009
1082;36327525
1083;36361041
1084;36394557
1085;36428073
1086;36461589
1087;36495105
1088;36528621
1089;36562137
1090;36595653
1091;36629169
1092;36662685
1093;36696201
1094;36729717
1095;36763233
1096;36796749
1097;36830265
1098;36863781
1099;36897297
1100;36930813
1101;36964329
1102;36997845
1103;37031361
1104;37064877
1105;37098393
1106;37131909
1107;37165425
1108;37198941
1109;37232457
1110;37265973
1111;37299489
1112;37333005
1113;37366521
1114;37400037
1115;37433553
1116;37467069
1117;37500585
1118;37534101
1119;37567617
1120;37601133
1121;37634649
1122;37668165
1123;37701681
1124;37735197
1125;37768713
1126;37802229
1127;37835745
1128;37869261
1129;37902777
1130;37936293
1131;37969809
1132;38003325
1133;38036841
1134;38070357
1135;38103873
1136;38137389
1137;38170905
1138;38204421
1139;38237937
1140;38271453
1141;38304969
1142;38338485
1143;38372001
1144;38405517
1145;38439033
1146;38472549
1147;38506065
1148;38539581
1149;38573097
1150;38606613
1151;38640129
1152;38673645
1153;38707161
1154;38740677
1155;38774193
1156;38807709
1157;38841225
1158;38874741
1159;38908257
1160;38941773
1161;38975289
1162;39008805
1163;39042321
1164;39075837
1165;39109353
1166;39142869
1167;39176385
1168;39209901
1169;39243417
1170;39276933
1171;39310449
1172;39343965
1173;39377481
1174;39410997
1175;39444513
1176;39478029
1177;39511545
1178;39545061
1179;39578577
1180;39612093
1181;39645609
1182;39679125
1183;39712641
1184;39746157
1185;39779673
1186;39813189
1187;39846705
1188;39880221
1189;39913737
1190;39947253
1191;39980769
1192;40014285
1193;40047801
1194;40081317
1195;40114833
1196;40148349
1197;40181865
1198;40215381
1199;40248897
1200;40282413
1201;40315929
1202;40349445
1203;40382961
1204;40416477
1205;40449993
1206;40483509
1207;40517025
1208;40550541
1209;40584057
1210;40617573
1211;40651089
1212;40684605
1213;40718121
1214;40751637
1215;40785153
1216;40818669
1217;40852185
1218;40885701
1219;40919217
1220;40952733
1221;40986249
1222;41019765
1223;41053281
1224;41086797
1225;41120313
1226;41153829
1227;41187345
1228;41220861
1229;41254377
1230;41287893
1231;41321409
1232;41354925
1233;41388441
1234;41421957
1235;41455473
1236;41488989
1237;41522505
1238;41556021
1239;41589537
1240;41623053
1241;41656569
1242;41690085
1243;41723601
1244;41757117
1245;41790633
1246;41824149
1247;41857665
1248;41891181
1249;41924697
1250;41958213
1251;41991729
1252;42025245
1253;42058761
1254;42092277
1255;42125793
1256;42159309
1257;42192825
1258;42226341
1259;42259857
1260;42293373
1261;42326889
1262;42360405
1263;42393921
1264;42427437
1265;42460953
1266;42494469
1267;42527985
1268;42561501
1269;42595017
1270;42628533
1271;42662049
1272;42695565
1273;42729081
1274;42762597
1275;42796113
1276;42829629
1277;42863145
1278;42896661
1279;42930177
1280;42963693
1281;42997209
1282;43030725
1283;43064241
1284;43097757
1285;43131273
1286;43164789
1287;43198305
1288;43231821
1289;43265337
1290;43298853
1291;43332369
1292;43365885
1293;43399401
1294;43432917
1295;43466433
1296;43499949
1297;43533465
1298;43566981
1299;43600497
1300;43634013
1301;43667529
1302;43701045
1303;43734561
1304;43768077
1305;43801593
1306;43835109
1307;43868625
1308;43902141
1309;43935657
1310;43969173
1311;44002689
1312;44036205
1313;44069721
1314;44103237
1315;44136753
1316;44170269
1317;44203785
1318;44237301
1319;44270817
1320;44304333
1321;44337849
1322;44371365
1323;44404881
1324;44438397
1325;44471913
1326;44505429
1327;44538945
1328;44572461
1329;44605977
1330;44639493
1331;44673009
1332;44706525
1333;44740041
1334;44773557
1335;44807073
1336;44840589
1337;44874105
1338;44907621
1339;44941137
1340;44974653
1341;45008169
1342;45041685
1343;45075201
1344;45108717
1345;45142233
1346;45175749
1347;45209265
1348;45242781
1349;45276297
1350;45309813
1351;45343329
1352;45376845
1353;45410361
1354;45443877
1355;45477393
1356;45510909
1357;45544425
1358;45577941
1359;45611457
1360;45644973
1361;45678489
1362;45712005
1363;45745521
1364;45779037
1365;45812553
1366;45846069
1367;45879585
1368;45913101
1369;45946617
1370;45980133
1371;46013649
1372;46047165
1373;46080681
1374;46114197
1375;46147713
1376;46181229
1377;46214745
1378;46248261
1379;46281777
1380;46315293
1381;46348809
1382;46382325
1383;46415841
1384;46449357
1385;46482873
1386;46516389
1387;46549905
1388;46583421
1389;46616937
1390;46650453
1391;46683969
1392;46717485
1393;46751001
1394;46784517
1395;46818033
1396;46851549
1397;46885065
1398;46918581
1399;46952097
1400;46985613
1401;47019129
1402;47052645
1403;47086161
1404;47119677
1405;47153193
1406;47186709
1407;47220225
1408;47253741
1409;47287257
1410;47320773
1411;47354289
1412;47387805
1413;47421321
1414;47454837
1415;47488353
1416;47521869
1417;47555385
1418;47588901
1419;47622417
1420;47655933
1421;47689449
1422;47722965
1423;47756481
1424;47789997
1425;47823513
1426;47857029
1427;47890545
1428;47924061
1429;47957577
1430;47991093
1431;48024609
1432;48058125
1433;48091641
1434;48125157
1435;48158673
1436;48192189
1437;48225705
1438;48259221
1439;48292737
1440;48326253
1441;48359769
1442;48393285
1443;48426801
1444;48460317
1445;48493833
1446;48527349
1447;48560865
1448;48594381
1449;48627897
1450;48661413
1451;48694929
1452;48728445
1453;48761961
1454;48795477
1455;48828993
1456;48862509
1457;48896025
1458;48929541
1459;48963057
1460;48996573
1461;49030089
1462;49063605
1463;49097121
1464;49130637
1465;49164153
1466;49197669
1467;49231185
1468;49264701
1469;49298217
1470;49331733
1471;49365249
1472;49398765
1473;49432281
1474;49465797
1475;49499313
1476;49532829
1477;49566345
1478;49599861
1479;49633377
1480;49666893
1481;49700409
1482;49733925
1483;49767441
1484;49800957
1485;49834473
1486;49867989
1487;49901505
1488;49935021
1489;49968537
1490;50002053
1491;50035569
1492;50069085
1493;50102601
1494;50136117
1495;50169633
1496;50203149
1497;50236665
1498;50270181
1499;50303697
1500;50337213
1501;50370729
1502;50404245
1503;50437761
1504;50471277
1505;50504793
1506;50538309
1507;50571825
1508;50605341
1509;50638857
1510;50672373
1511;50705889
1512;50739405
1513;50772921
1514;50806437
1515;50839953
1516;50873469
1517;50906985
1518;50940501
1519;50974017
1520;51007533
1521;51041049
1522;51074565
1523;51108081
1524;51141597
1525;51175113
1526;51208629
1527;51242145
1528;51275661
1529;51309177
1530;51342693
1531;51376209
1532;51409725
1533;51443241
1534;51476757
1535;51510273
1536;51543789
1537;51577305
1538;51610821
1539;51644337
1540;51677853
1541;51711369
1542;51744885
1543;51778401
1544;51811917
1545;51845433
1546;51878949
1547;51912465
1548;51945981
1549;51979497
1550;52013013
1551;52046529
1552;52080045
1553;52113561
1554;52147077
1555;52180593
1556;52214109
1557;52247625
1558;52281141
1559;52314657
1560;52348173
1561;52381689
1562;52415205
1563;52448721
1564;52482237
1565;52515753
1566;52549269
1567;52582785
1568;52616301
1569;52649817
1570;52683333
1571;52716849
1572;52750365
1573;52783881
1574;52817397
1575;52850913
1576;52884429
1577;52917945
1578;52951461
1579;52984977
1580;53018493
1581;53052009
1582;53085525
1583;53119041
1584;53152557
1585;53186073
1586;53219589
1587;53253105
1588;53286621
1589;53320137
1590;53353653
1591;53387169
1592;53420685
1593;53454201
1594;53487717
1595;53521233
1596;53554749
1597;53588265
1598;53621781
1599;53655297
1600;53688813
1601;53722329
1602;53755845
1603;53789361
1604;53822877
1605;53856393
1606;53889909
1607;53923425
1608;53956941
1609;53990457
1610;54023973
1611;54057489
1612;54091005
1613;54124521
1614;54158037
1615;54191553
1616;54225069
1617;54258585
1618;54292101
1619;54325617
1620;54359133
1621;54392649
1622;54426165
1623;54459681
1624;54493197
1625;54526713
1626;54560229
1627;54593745
1628;54627261
1629;54660777
1630;54694293
1631;54727809
1632;54761325
1633;54794841
1634;54828357
1635;54861873
1636;54895389
1637;54928905
1638;54962421
1639;54995937
1640;55029453
1641;55062969
1642;55096485
1643;55130001
1644;55163517
1645;55197033
1646;55230549
1647;55264065
1648;55297581
1649;55331097
1650;55632741
1651;55666257
1652;55699773
1653;55733289
1654;55766805
1655;55800321
1656;55833837
1657;55867353
1658;55900869
1659;55934385
1660;55967901
1661;56202513
1662;56236029
1663;56269545
1664;56303061
1665;56336577
1666;56370093
1667;56403609
1668;56437125
1669;56470641
1670;56504157
1671;56537673
1672;56571189
1673;56604705
1674;56638221
1675;56671737
1676;56705253
1677;56738769
1678;56772285
1679;56805801
1680;56839317
1681;56872833
1682;56906349
1683;56939865
1684;57174477
1685;57207993
1686;57241509
1687;57275025
1688;57308541
1689;57342057
1690;57375573
1691;57409089
1692;57442605
1693;57476121
1694;57509637
1695;57543153
1696;57576669
1697;57610185
1698;57643701
1699;57677217
1700;57710733
1701;57744249
1702;57777765
1703;57811281
1704;57844797
1705;57878313
1706;57911829
1707;57945345
1708;57978861
1709;58012377
1710;58045893
1711;58079409
1712;58112925
1713;58146441
1714;58179957
1715;58213473
1716;58246989
1717;58280505
1718;58314021
1719;58347537
1720;58381053
1721;58414569
1722;58448085
1723;58481601
1724;58515117
1725;58548633
1726;58582149
1727;58615665
1728;58649181
1729;58682697
1730;58716213
1731;58749729
1732;58783245
1733;58816761
1734;58850277
1735;58883793
1736;58917309
1737;58950825
1738;58984341
1739;59017857
1740;59051373
1741;59084889
1742;59118405
1743;59151921
1744;59185437
1745;59218953
1746;59252469
1747;59285985
1748;59319501
1749;59353017
1750;59386533
1751;59420049
1752;59453565
1753;59487081
1754;59520597
1755;59554113
1756;59587629
1757;59621145
1758;59654661
1759;59688177
1760;59721693
1761;59755209
1762;59788725
1763;59822241
1764;59855757
1765;59889273
1766;59922789
1767;59956305
1768;59989821
1769;60023337
1770;60056853
1771;60090369
1772;60123885
1773;60157401
1774;60190917
1775;60224433
1776;60257949
1777;60291465
1778;60324981
1779;60358497
1780;60392013
1781;60425529
1782;60459045
1783;60492561
1784;60526077
1785;60559593
1786;60593109
1787;60626625
1788;60660141
1789;60693657
1790;60727173
1791;60760689
1792;60794205
1793;60827721
1794;60861237
1795;60894753
1796;60928269
1797;60961785
1798;60995301
1799;61028817
1800;61062333
1801;61095849
1802;61129365
1803;61162881
1804;61196397
1805;61229913
1806;61263429
1807;61296945
1808;61330461
1809;61363977
1810;61397493
1811;61431009
1812;61464525
1813;61498041
1814;61531557
1815;61565073
1816;61598589
1817;61632105
1818;61665621
1819;61699137
1820;61732653
1821;61766169
1822;61799685
1823;61833201
1824;61866717
1825;61900233
1826;61933749
1827;61967265
1828;62000781
1829;62034297
1830;62067813
1831;62101329
1832;62134845
1833;62168361
1834;62201877
1835;62235393
1836;62268909
1837;62302425
1838;62335941
1839;62369457
1840;62402973
1841;62436489
1842;62470005
1843;62503521
1844;62537037
1845;62570553
1846;62604069
1847;62637585
1848;62671101
1849;62704617
1850;62738133
1851;62771649
1852;62805165
1853;62838681
1854;62872197
1855;62905713
1856;62939229
1857;62972745
1858;63006261
1859;63039777
1860;63073293
1861;63106809
1862;63140325
1863;63173841
1864;63207357
1865;63240873
1866;63274389
1867;63307905
1868;63341421
1869;63374937
1870;63408453
1871;63441969
1872;63475485
1873;63509001
1874;63542517
1875;63576033
1876;63609549
1877;63643065
1878;63676581
1879;63710097
1880;63743613
1881;63777129
1882;63810645
1883;63844161
1884;63877677
1885;63911193
1886;63944709
1887;63978225
1888;64011741
1889;64045257
1890;64078773
1891;64112289
1892;64145805
1893;64179321
1894;64212837
1895;64246353
1896;64279869
1897;64313385
1898;64346901
1899;64380417
1900;64413933
1901;64447449
1902;64480965
1903;64514481
1904;64547997
1905;64581513
1906;64615029
1907;64648545
1908;64682061
1909;64715577
1910;64749093
1911;64782609
1912;64816125
1913;64849641
1914;64883157
1915;64916673
1916;64950189
1917;64983705
1918;65017221
1919;65050737
1920;65084253
1921;65117769
1922;65151285
1923;65184801
1924;65218317
1925;65251833
1926;65285349
1927;65318865
1928;65352381
1929;65385897
1930;65419413
1931;65452929
1932;65486445
1933;65519961
1934;65553477
1935;65586993
1936;65620509
1937;65654025
1938;65687541
1939;65721057
1940;65754573
1941;65788089
1942;65821605
1943;65855121
1944;65888637
1945;65922153
1946;65955669
1947;65989185
1948;66022701
1949;66056217
1950;66089733
1951;66123249
1952;66156765
1953;66190281
1954;66223797
1955;66257313
1956;66290829
1957;66324345
1958;66357861
1959;66391377
1960;66424893
1961;66458409
1962;66491925
1963;66525441
1964;66558957
1965;66592473
1966;66625989
1967;66659505
1968;66693021
1969;66726537
1970;66760053
1971;66793569
1972;66827085
1973;66860601
1974;66894117
1975;66927633
1976;66961149
1977;66994665
1978;67028181
1979;67061697
1980;67095213
1981;67128729
1982;67162245
1983;67195761
1984;67229277
1985;67262793
1986;67296309
1987;67329825
1988;67363341
1989;67396857
1990;67430373
1991;67463889
1992;67497405
1993;67530921
1994;67564437
1995;67597953
1996;67631469
1997;67664985
1998;67698501
1999;67732017
2000;67765533
2001;67799049
2002;67832565
2003;67866081
2004;67899597
2005;67933113
2006;67966629
2007;68000145
2008;68033661
2009;68067177
2010;68100693
2011;68134209
2012;68167725
2013;68201241
2014;68234757
2015;68268273
2016;68301789
2017;68335305
2018;68368821
2019;68402337
2020;68435853
2021;68469369
2022;68502885
2023;68536401
2024;68569917
2025;68603433
2026;68636949
2027;68670465
2028;68703981
2029;68737497
2030;68771013
2031;68804529
2032;68838045
2033;68871561
2034;68905077
2035;68938593
2036;68972109
2037;69005625
2038;69039141
2039;69072657
2040;69106173
2041;69139689
2042;69173205
2043;69206721
2044;69240237
2045;69273753
2046;69307269
2047;69340785
2048;69374301
2049;69407817
2050;69441333
2051;69474849
2052;69508365
2053;69541881
2054;69575397
2055;69608913
2056;69642429
2057;69675945
2058;69709461
2059;69742977
2060;69776493
2061;69810009
2062;69843525
2063;69877041
2064;69910557
2065;69944073
2066;69977589
2067;70011105
2068;70044621
2069;70078137
2070;70111653
2071;70145169
2072;70178685
2073;70212201
2074;70245717
2075;70279233
2076;70312749
2077;70346265
2078;70379781
2079;70413297
2080;70446813
2081;70480329
2082;70513845
2083;70547361
2084;70580877
2085;70614393
2086;70647909
2087;70681425
2088;70714941
2089;70748457
2090;70781973
2091;70815489
2092;70849005
2093;70882521
2094;70916037
2095;70949553
2096;70983069
2097;71016585
2098;71050101
2099;71083617
2100;71117133
2101;71150649
2102;71184165
2103;71217681
2104;71251197
2105;71284713
2106;71318229
2107;71351745
2108;71385261
2109;71418777
2110;71452293
2111;71485809
2112;71519325
2113;71552841
2114;71586357
2115;71619873
2116;71653389
2117;71686905
2118;71720421
2119;71753937
2120;71787453
2121;71820969
2122;71854485
2123;71888001
2124;71921517
2125;71955033
2126;71988549
2127;72022065
2128;72055581
2129;72089097
2130;72122613
2131;72156129
2132;72189645
2133;72223161
2134;72256677
2135;72290193
2136;72323709
2137;72357225
2138;72390741
2139;72424257
2140;72457773
2141;72491289
2142;72524805
2143;72558321
2144;72591837
2145;72625353
2146;72658869
2147;72692385
2148;72725901
2149;72759417
2150;72792933
2151;72826449
2152;72859965
2153;72893481
2154;72926997
2155;72960513
2156;72994029
2157;73027545
2158;73061061
2159;73094577
2160;73128093
2161;73161609
2162;73195125
2163;73228641
2164;73262157
2165;73295673
2166;73329189
2167;73362705
2168;73396221
2169;73429737
2170;73463253
2171;73496769
2172;73530285
2173;73563801
2174;73597317
2175;73630833
2176;73664349
2177;73697865
2178;73731381
2179;73764897
2180;73798413
2181;73831929
2182;73865445
2183;73898961
2184;73932477
2185;73965993
2186;73999509
2187;74033025
2188;74066541
2189;74100057
2190;74133573
2191;74167089
2192;74200605
2193;74234121
2194;74267637
2195;74301153
2196;74334669
2197;74368185
2198;74401701
2199;74435217
2200;74468733
2201;74502249
2202;74535765
2203;74569281
2204;74602797
2205;74636313
2206;74669829
2207;74703345
2208;74736861
2209;74770377
2210;74803893
2211;74837409
2212;74870925
2213;74904441
2214;74937957
2215;74971473
2216;75004989
2217;75038505
2218;75072021
2219;75105537
2220;75139053
2221;75172569
2222;75206085
2223;75239601
2224;75273117
2225;75306633
2226;75340149
2227;75373665
2228;75407181
2229;75440697
2230;75474213
2231;75507729
2232;75541245
2233;75574761
2234;75608277
2235;75641793
2236;75675309
2237;75708825
2238;75742341
2239;75775857
2240;75809373
2241;75842889
2242;75876405
2243;75909921
2244;75943437
2245;75976953
2246;76010469
2247;76043985
2248;76077501
2249;76111017
2250;76144533
2251;76178049
2252;76211565
2253;76245081
2254;76278597
2255;76312113
2256;76345629
2257;76379145
2258;76412661
2259;76446177
2260;76479693
2261;76513209
2262;76546725
2263;76580241
2264;76613757
2265;76647273
2266;76680789
2267;76714305
2268;76747821
2269;76781337
2270;76814853
2271;76848369
2272;76881885
2273;76915401
2274;76948917
2275;76982433
2276;77015949
2277;77049465
2278;77082981
2279;77116497
2280;77150013
2281;77183529
2282;77217045
2283;77250561
2284;77284077
2285;77317593
2286;77351109
2287;77384625
2288;77418141
2289;77451657
2290;77485173
2291;77518689
2292;77552205
2293;77585721
2294;77619237
2295;77652753
2296;77686269
2297;77719785
2298;77753301
2299;77786817
2300;77820333
2301;77853849
2302;77887365
2303;77920881
2304;77954397
2305;77987913
2306;78021429
2307;78054945
2308;78088461
2309;78121977
2310;78155493
2311;78189009
2312;78222525
2313;78256041
2314;78289557
2315;78323073
2316;78356589
2317;78390105
2318;78423621
2319;78457137
2320;78490653
2321;78524169
2322;78557685
2323;78591201
2324;78624717
2325;78658233
2326;78691749
2327;78725265
2328;78758781
2329;78792297
2330;78825813
2331;78859329
2332;78892845
2333;78926361
2334;78959877
2335;78993393
2336;79026909
2337;79060425
2338;79093941
2339;79127457
2340;79160973
2341;79194489
2342;79228005
2343;79261521
2344;79295037
2345;79328553
2346;79362069
2347;79395585
2348;79429101
2349;79462617
2350;79496133
2351;79529649
2352;79563165
2353;79596681
2354;79630197
2355;79663713
2356;79697229
2357;79730745
2358;79764261
2359;79797777
2360;79831293
2361;79864809
2362;79898325
2363;79931841
2364;79965357
2365;79998873
2366;80032389
2367;80065905
2368;80099421
2369;80132937
2370;80166453
2371;80199969
2372;80233485
2373;80267001
2374;80300517
2375;80334033
2376;80367549
2377;80401065
2378;80434581
2379;80468097
2380;80501613
2381;80535129
2382;80568645
2383;80602161
2384;80635677
2385;80669193
2386;80702709
2387;80736225
2388;80769741
2389;80803257
2390;80836773
2391;80870289
2392;80903805
2393;80937321
2394;80970837
2395;81004353
2396;81037869
2397;81071385
2398;81104901
2399;81138417
2400;81171933
2401;81205449
2402;81238965
2403;81272481
2404;81305997
2405;81339513
2406;81373029
2407;81406545
2408;81440061
2409;81473577
2410;81507093
2411;81540609
2412;81574125
2413;81607641
2414;81641157
2415;81674673
2416;81708189
2417;81741705
2418;81775221
2419;81808737
2420;81842253
2421;81875769
2422;81909285
2423;81942801
2424;81976317
2425;82009833
2426;82043349
2427;82076865
2428;82110381
2429;82143897
2430;82177413
2431;82210929
2432;82244445
2433;82277961
2434;82311477
2435;82344993
2436;82378509
2437;82412025
2438;82445541
2439;82479057
2440;82512573
2441;82546089
2442;82579605
2443;82613121
2444;82646637
2445;82680153
2446;82713669
2447;82747185
2448;82780701
2449;82814217
2450;82847733
2451;82881249
2452;82914765
2453;82948281
2454;82981797
2455;83015313
2456;83048829
2457;83082345
2458;83115861
2459;83149377
2460;83182893
2461;83216409
2462;83249925
2463;83283441
2464;83316957
2465;83350473
2466;83383989
2467;83417505
2468;83451021
2469;83484537
2470;83518053
2471;83551569
2472;83585085
2473;83618601
2474;83652117
2475;83685633
2476;83719149
2477;83752665
2478;83786181
2479;83819697
2480;83853213
2481;83886729
2482;83920245
2483;83953761
2484;83987277
2485;84020793
2486;84054309
2487;84087825
2488;84121341
2489;84154857
2490;84188373
2491;84221889
2492;84255405
2493;84288921
2494;84322437
2495;84355953
2496;84389469
2497;84422985
2498;84456501
2499;84490017
2500;84523533
2501;84557049
2502;84590565
2503;84624081
2504;84657597
2505;84691113
2506;84724629
2507;84758145
2508;84791661
2509;84825177
2510;84858693
2511;84892209
2512;84925725
2513;84959241
2514;84992757
2515;85026273
2516;85059789
2517;85093305
2518;85126821
2519;85160337
2520;85193853
2521;85227369
2522;85260885
2523;85294401
2524;85327917
2525;85361433
2526;85394949
2527;85428465
2528;85461981
2529;85495497
2530;85529013
2531;85562529
2532;85596045
2533;85629561
2534;85663077
2535;85696593
2536;85730109
2537;85763625
2538;85797141
2539;85830657
2540;85864173
2541;85897689
2542;85931205
2543;85964721
2544;85998237
2545;86031753
2546;86065269
2547;86098785
2548;86132301
2549;86165817
2550;86199333
2551;86232849
2552;86266365
2553;86299881
2554;86333397
2555;86366913
2556;86400429
2557;86433945
2558;86467461
2559;86500977
2560;86534493
2561;86568009
2562;86601525
2563;86635041
2564;86668557
2565;86702073
2566;86735589
2567;86769105
2568;86802621
2569;86836137
2570;86869653
2571;86903169
2572;86936685
2573;86970201
2574;87003717
2575;87037233
2576;87070749
2577;87104265
2578;87137781
2579;87171297
2580;87204813
2581;87238329
2582;87271845
2583;87305361
2584;87338877
2585;87372393
2586;87405909
2587;87439425
2588;87472941
2589;87506457
2590;87539973
2591;87573489
2592;87607005
2593;87640521
2594;87674037
2595;87707553
2596;87741069
2597;87774585
2598;87808101
2599;87841617
2600;87875133
2601;87908649
2602;87942165
2603;87975681
2604;88009197
2605;88042713
2606;88076229
2607;88109745
2608;88143261
2609;88176777
2610;88210293
2611;88243809
2612;88277325
2613;88310841
2614;88344357
2615;88377873
2616;88411389
2617;88444905
2618;88478421
2619;88511937
2620;88545453
2621;88578969
2622;88612485
2623;88646001
2624;88679517
2625;88713033
2626;88746549
2627;88780065
2628;88813581
2629;88847097
2630;88880613
2631;88914129
2632;88947645
2633;88981161
2634;89014677
2635;89048193
2636;89081709
2637;89115225
2638;89148741
2639;89182257
2640;89215773
2641;89249289
2642;89282805
2643;89316321
2644;89349837
2645;89383353
2646;89416869
2647;89450385
2648;89483901
2649;89517417
2650;89550933
2651;89584449
2652;89617965
2653;89651481
2654;89684997
2655;89718513
2656;89752029
2657;89785545
2658;89819061
2659;89852577
2660;89886093
2661;89919609
2662;89953125
2663;89986641
2664;90020157
2665;90053673
2666;90087189
2667;90120705
2668;90154221
2669;90187737
2670;90221253
2671;90254769
2672;90288285
2673;90321801
2674;90355317
2675;90388833
2676;90422349
2677;90455865
2678;90489381
2679;90522897
2680;90556413
2681;90589929
2682;90623445
2683;90656961
2684;90690477
2685;90723993
2686;90757509
2687;90791025
2688;90824541
2689;90858057
2690;90891573
2691;90925089
2692;90958605
2693;90992121
2694;91025637
2695;91059153
2696;91092669
2697;91126185
2698;91159701
2699;91193217
2700;91226733
2701;91260249
2702;91293765
2703;91327281
2704;91360797
2705;91394313
2706;91427829
2707;91461345
2708;91494861
2709;91528377
2710;91662441
2711;91695957
2712;91729473
2713;91762989
2714;91796505
2715;91830021
2716;91863537
2717;91897053
2718;91930569
2719;91964085
2720;91997601
2721;92031117
2722;92064633
2723;92098149
2724;92131665
2725;92165181
2726;92198697
2727;92232213
2728;92265729
2729;92299245
2730;92332761
2731;92366277
2732;92399793
2733;92433309
2734;92466825
2735;92500341
2736;92533857
2737;92567373
2738;92600889
2739;92634405
2740;92667921
2741;92701437
2742;92734953
2743;92768469
2744;92801985
2745;92835501
2746;92869017
2747;92902533
2748;92936049
2749;92969565
2750;93003081
2751;93036597
2752;93070113
2753;93103629
2754;93137145
2755;93170661
2756;93204177
2757;93237693
2758;93271209
2759;93304725
2760;93338241
2761;93371757
2762;93405273
2763;93438789
2764;93472305
2765;93505821
2766;93539337
2767;93572853
2768;93606369
2769;93639885
2770;93673401
2771;93706917
2772;93740433
2773;93773949
2774;93807465
2775;93840981
2776;93874497
2777;93908013
2778;93941529
2779;93975045
2780;94008561
2781;94042077
2782;94075593
2783;94109109
2784;94142625
2785;94176141
2786;94209657
2787;94243173
2788;94276689
2789;94310205
2790;94343721
2791;94377237
2792;94410753
2793;94444269
2794;94477785
2795;94511301
2796;94544817
2797;94578333
2798;94611849
2799;94645365
2800;94678881
2801;94712397
2802;94745913
2803;94779429
2804;94812945
2805;94846461
2806;94879977
2807;94913493
2808;94947009
2809;94980525
2810;95014041
2811;95047557
2812;95081073
2813;95114589
2814;95148105
2815;95181621
2816;95215137
2817;95248653
2818;95282169
2819;95315685
2820;95349201
2821;95382717
2822;95416233
2823;95449749
2824;95483265
2825;95516781
2826;95550297
2827;95583813
2828;95617329
2829;95650845
2830;95684361
2831;95717877
2832;95751393
2833;95784909
2834;95818425
2835;95851941
2836;95885457
2837;95918973
2838;95952489
2839;95986005
2840;96019521
2841;96053037
2842;96086553
2843;96120069
2844;96153585
2845;96187101
2846;96220617
2847;96254133
2848;96287649
2849;96321165
2850;96354681
2851;96388197
2852;96421713
2853;96455229
2854;96488745
2855;96522261
2856;96555777
2857;96589293
2858;96622809
2859;96656325
2860;96689841
2861;96723357
2862;96756873
2863;96790389
2864;96823905
2865;96857421
2866;96890937
2867;96924453
2868;96957969
2869;96991485
2870;97025001
2871;97058517
2872;97092033
2873;97125549
2874;97159065
2875;97192581
2876;97226097
2877;97259613
2878;97293129
2879;97326645
2880;97360161
2881;97393677
2882;97427193
2883;97460709
2884;97494225
2885;97527741
2886;97561257
2887;97594773
2888;97628289
2889;97661805
2890;97695321
2891;97728837
2892;97762353
2893;97795869
2894;97829385
2895;97862901
2896;97896417
2897;97929933
2898;97963449
2899;97996965
2900;98030481
2901;98063997
2902;98097513
2903;98131029
2904;98164545
2905;98198061
2906;98231577
2907;98265093
2908;98298609
2909;98332125
2910;98365641
2911;98399157
2912;98432673
2913;98466189
2914;98499705
2915;98533221
2916;98566737
2917;98600253
2918;98633769
2919;98667285
2920;98700801
2921;98734317
2922;98767833
2923;98801349
2924;98834865
2925;98868381
2926;98901897
2927;98935413
2928;98968929
2929;99002445
2930;99035961
2931;99069477
2932;99102993
2933;99136509
2934;99170025
2935;99203541
2936;99237057
2937;99270573
2938;99304089
2939;99337605
2940;99371121
2941;99404637
2942;99438153
2943;99471669
2944;99505185
2945;99538701
2946;99572217
2947;99605733
2948;99639249
2949;99672765
2950;99706281
2951;99739797
2952;99773313
2953;99806829
2954;99840345
2955;99873861
2956;99907377
2957;99940893
2958;99974409
2959;100007925
2960;100041441
2961;100074957
2962;100108473
2963;100141989
2964;100175505
2965;100209021
2966;100242537
2967;100276053
2968;100309569
2969;100343085
2970;100376601
2971;100410117
2972;100443633
2973;100477149
2974;100510665
2975;100544181
2976;100577697
2977;100611213
2978;100644729
2979;100678245
2980;100711761
2981;100745277
2982;100778793
2983;100812309
2984;100845825
2985;100879341
2986;100912857
2987;100946373
2988;100979889
2989;101013405
2990;101046921
2991;101080437
2992;101113953
2993;101147469
2994;101180985
2995;101214501
2996;101248017
2997;101281533
2998;101315049
2999;101348565
3000;101382081
3001;101415597
3002;101449113
3003;101482629
3004;101516145
3005;101549661
3006;101583177
3007;101616693
3008;101650209
3009;101683725
3010;101717241
3011;101750757
3012;101784273
3013;101817789
3014;101851305
3015;101884821
3016;101918337
3017;101951853
3018;101985369
3019;102018885
3020;102052401
3021;102085917
3022;102119433
3023;102152949
3024;102186465
3025;102219981
