1;0
2;63213
3;96729
4;130245
5;163761
6;197277
7;230793
8;264309
9;297825
10;331341
11;364857
12;398373
13;431889
14;465405
15;498921
16;532437
17;565953
18;599469
19;632985
20;666501
21;700017
22;733533
23;767049
24;800565
25;834081
26;867597
27;901113
28;934629
29;968145
30;1001661
31;1035177
32;1068693
33;1102209
34;1135725
35;1169241
36;1202757
37;1236273
38;1269789
39;1303305
40;1336821
41;1370337
42;1403853
43;1437369
44;1470885
45;1504401
46;1537917
47;1571433
48;1604949
49;1638465
50;1671981
51;1705497
52;1739013
53;1772529
54;1806045
55;1839561
56;1873077
57;1906593
58;1940109
59;1973625
60;2007141
61;2040657
62;2074173
63;2107689
64;2141205
65;2174721
66;2208237
67;2241753
68;2275269
69;2308785
70;2342301
71;2375817
72;2409333
73;2442849
74;2476365
75;2509881
76;2543397
77;2576913
78;2610429
79;2643945
80;2677461
81;2710977
82;2744493
83;2778009
84;2811525
85;2845041
86;2878557
87;2912073
88;2945589
89;2979105
90;3012621
91;3046137
92;3079653
93;3113169
94;3146685
95;3180201
96;3213717
97;3247233
98;3280749
99;3314265
100;3347781
101;3381297
102;3414813
103;3448329
104;3481845
105;3515361
106;3548877
107;3582393
108;3615909
109;3649425
110;3682941
111;3716457
112;3749973
113;3783489
114;3817005
115;3850521
116;3884037
117;3917553
118;3951069
119;3984585
120;4018101
121;4051617
122;4085133
123;4118649
124;4152165
125;4185681
126;4219197
127;4252713
128;4286229
129;4319745
130;4353261
131;4386777
132;4420293
133;4453809
134;4487325
135;4520841
136;4554357
137;4587873
138;4621389
139;4654905
140;4688421
141;4721937
142;4755453
143;4788969
144;4822485
145;4856001
146;4889517
147;4923033
148;4956549
149;4990065
150;5023581
151;5057097
152;5090613
153;5124129
154;5157645
155;5191161
156;5224677
157;5258193
158;5291709
159;5325225
160;5358741
161;5392257
162;5425773
163;5459289
164;5492805
165;5526321
166;5559837
167;5593353
168;5626869
169;5660385
170;5693901
171;5727417
172;5760933
173;5794449
174;5827965
175;5861481
176;5894997
177;5928513
178;5962029
179;5995545
180;6029061
181;6062577
182;6096093
183;6129609
184;6163125
185;6196641
186;6230157
187;6263673
188;6297189
189;6330705
190;6364221
191;6397737
192;6431253
193;6464769
194;6498285
195;6531801
196;6565317
197;6598833
198;6632349
199;6665865
200;6699381
201;6732897
202;6766413
203;6799929
204;6833445
205;6866961
206;6900477
207;6933993
208;6967509
209;7001025
210;7034541
211;7068057
212;7101573
213;7135089
214;7168605
215;7202121
216;7235637
217;7269153
218;7302669
219;7336185
220;7369701
221;7403217
222;7436733
223;7470249
224;7503765
225;7537281
226;7570797
227;7604313
228;7637829
229;7671345
230;7704861
231;7738377
232;7771893
233;7805409
234;7838925
235;7872441
236;7905957
237;7939473
238;7972989
239;8006505
240;8040021
241;8073537
242;8107053
243;8140569
244;8174085
245;8207601
246;8241117
247;8274633
248;8308149
249;8341665
250;8375181
251;8408697
252;8442213
253;8475729
254;8609793
255;8643309
256;8676825
257;8710341
258;8743857
259;8777373
260;8810889
261;8844405
262;8877921
263;8911437
264;8944953
265;8978469
266;9011985
267;9045501
268;9079017
269;9112533
270;9146049
271;9179565
272;9213081
273;9246597
274;9280113
275;9313629
276;9347145
277;9380661
278;9414177
279;9447693
280;9481209
281;9514725
282;9548241
283;9581757
284;9615273
285;9648789
286;9682305
287;9715821
288;9749337
289;9782853
290;9816369
291;9849885
292;9883401
293;9916917
294;9950433
295;9983949
296;10017465
297;10050981
298;10084497
299;10118013
300;10151529
301;10185045
302;10218561
303;10252077
304;10285593
305;10319109
306;10352625
307;10386141
308;10419657
309;10453173
310;10486689
311;10520205
312;10553721
313;10587237
314;10620753
315;10654269
316;10687785
317;10721301
318;10754817
319;10788333
320;10821849
321;10855365
322;10888881
323;10922397
324;10955913
325;10989429
326;11022945
327;11056461
328;11089977
329;11123493
330;11157009
331;11190525
332;11224041
333;11257557
334;11291073
335;11324589
336;11358105
337;11391621
338;11425137
339;11458653
340;11492169
341;11525685
342;11559201
343;11592717
344;11626233
345;11659749
346;11693265
347;11726781
348;11760297
349;11793813
350;11827329
351;11860845
352;11894361
353;11927877
354;11961393
355;11994909
356;12028425
357;12061941
358;12095457
359;12128973
360;12162489
361;12196005
362;12229521
363;12263037
364;12296553
365;12330069
366;12363585
367;12397101
368;12430617
369;12464133
370;12497649
371;12531165
372;12564681
373;12598197
374;12631713
375;12665229
376;12698745
377;12732261
378;12765777
379;12799293
380;12832809
381;12866325
382;12899841
383;12933357
384;12966873
385;13000389
386;13033905
387;13067421
388;13100937
389;13134453
390;13167969
391;13201485
392;13235001
393;13268517
394;13302033
395;13335549
396;13369065
397;13402581
398;13436097
399;13469613
400;13503129
401;13536645
402;13570161
403;13603677
404;13637193
405;13670709
406;13704225
407;13737741
408;13771257
409;13804773
410;13838289
411;13871805
412;13905321
413;13938837
414;13972353
415;14005869
416;14039385
417;14072901
418;14106417
419;14139933
420;14173449
421;14206965
422;14240481
423;14273997
424;14307513
425;14341029
426;14374545
427;14408061
428;14441577
429;14475093
430;14508609
431;14542125
432;14575641
433;14609157
434;14642673
435;14676189
436;14709705
437;14743221
438;14776737
439;14810253
440;14843769
441;14877285
442;14910801
443;14944317
444;14977833
445;15011349
446;15044865
447;15078381
448;15111897
449;15145413
450;15178929
451;15212445
452;15245961
453;15279477
454;15312993
455;15346509
456;15380025
457;15413541
458;15447057
459;15480573
460;15514089
461;15547605
462;15581121
463;15614637
464;15648153
465;15681669
466;15715185
467;15748701
468;15782217
469;15815733
470;15849249
471;15882765
472;15916281
473;15949797
474;15983313
475;16016829
476;16050345
477;16083861
478;16117377
479;16150893
480;16184409
481;16217925
482;16251441
483;16284957
484;16318473
485;16351989
486;16385505
487;16419021
488;16452537
489;16486053
490;16519569
491;16553085
492;16586601
493;16620117
494;16653633
495;16687149
496;16720665
497;16754181
498;16787697
499;16821213
500;16854729
501;16888245
502;16921761
503;16955277
504;16988793
505;17022309
506;17055825
507;17089341
508;17122857
509;17156373
510;17189889
511;17223405
512;17256921
513;17290437
514;17323953
515;17357469
516;17390985
517;17424501
518;17458017
519;17491533
520;17525049
521;17558565
522;17592081
523;17625597
524;17659113
525;17692629
526;17726145
527;17759661
528;17793177
529;17826693
530;17860209
531;17893725
532;17927241
533;17960757
534;17994273
535;18027789
536;18061305
537;18094821
538;18128337
539;18161853
540;18195369
541;18228885
542;18262401
543;18295917
544;18329433
545;18362949
546;18396465
547;18429981
548;18463497
549;18497013
550;18530529
551;18564045
552;18597561
553;18631077
554;18664593
555;18698109
556;18731625
557;18765141
558;18798657
559;18832173
560;18865689
561;18899205
562;18932721
563;18966237
564;18999753
565;19033269
566;19066785
567;19100301
568;19133817
569;19167333
570;19200849
571;19234365
572;19267881
573;19301397
574;19334913
575;19368429
576;19401945
577;19435461
578;19468977
579;19502493
580;19536009
581;19569525
582;19603041
583;19636557
584;19670073
585;19703589
586;19737105
587;19770621
588;19804137
589;19837653
590;19871169
591;19904685
592;19938201
593;19971717
594;20005233
595;20038749
596;20072265
597;20105781
598;20139297
599;20172813
600;20206329
601;20239845
602;20273361
603;20306877
604;20340393
605;20373909
606;20407425
607;20440941
608;20474457
609;20507973
610;20541489
611;20575005
612;20608521
613;20642037
614;20675553
615;20709069
616;20742585
617;20776101
618;20809617
619;20843133
620;20876649
621;20910165
622;20943681
623;20977197
624;21010713
625;21044229
626;21077745
627;21111261
628;21144777
629;21178293
630;21211809
631;21245325
632;21278841
633;21312357
634;21345873
635;21379389
636;21412905
637;21446421
638;21479937
639;21513453
640;21546969
641;21580485
642;21614001
643;21647517
644;21681033
645;21714549
646;21748065
647;21781581
648;21815097
649;21848613
650;21882129
651;21915645
652;21949161
653;21982677
654;22016193
655;22049709
656;22083225
657;22116741
658;22150257
659;22183773
660;22217289
661;22250805
662;22284321
663;22317837
664;22351353
665;22384869
666;22418385
667;22451901
668;22485417
669;22518933
670;22552449
671;22585965
672;22619481
673;22652997
674;22686513
675;22720029
676;22753545
677;22787061
678;22820577
679;22854093
680;22887609
681;22921125
682;22954641
683;22988157
684;23021673
685;23055189
686;23088705
687;23122221
688;23155737
689;23189253
690;23222769
691;23256285
692;23289801
693;23323317
694;23356833
695;23390349
696;23423865
697;23457381
698;23490897
699;23524413
700;23557929
701;23591445
702;23624961
703;23658477
704;23691993
705;23725509
706;23759025
707;23792541
708;23826057
709;23859573
710;23893089
711;23926605
712;23960121
713;23993637
714;24027153
715;24060669
716;24094185
717;24127701
718;24161217
719;24194733
720;24228249
721;24261765
722;24295281
723;24328797
724;24362313
725;24395829
726;24429345
727;24462861
728;24496377
729;24529893
730;24563409
731;24596925
732;24630441
733;24663957
734;24697473
735;24730989
736;24764505
737;24798021
738;24831537
739;24865053
740;24898569
741;24932085
742;24965601
743;24999117
744;25032633
745;25066149
746;25099665
747;25133181
748;25166697
749;25200213
750;25233729
751;25267245
752;25300761
753;25334277
754;25367793
755;25401309
756;25434825
757;25468341
758;25501857
759;25535373
760;25568889
761;25602405
762;25635921
763;25669437
764;25702953
765;25736469
766;25769985
767;25803501
768;25837017
769;25870533
770;25904049
771;25937565
772;25971081
773;26004597
774;26038113
775;26071629
776;26105145
777;26138661
778;26172177
779;26205693
780;26239209
781;26272725
782;26306241
783;26339757
784;26373273
785;26406789
786;26440305
787;26473821
788;26507337
789;26540853
790;26574369
791;26607885
792;26641401
793;26674917
794;26708433
795;26741949
796;26775465
797;26808981
798;26842497
799;26876013
800;26909529
801;26943045
802;26976561
803;27010077
804;27043593
805;27077109
806;27110625
807;27144141
808;27177657
809;27211173
810;27244689
811;27278205
812;27311721
813;27345237
814;27378753
815;27412269
816;27445785
817;27479301
818;27512817
819;27546333
820;27579849
821;27613365
822;27646881
823;27680397
824;27713913
825;27747429
826;27780945
827;27814461
828;27847977
829;27881493
830;27915009
831;27948525
832;27982041
833;28015557
834;28049073
835;28082589
836;28116105
837;28149621
838;28183137
839;28216653
840;28250169
841;28283685
842;28317201
843;28350717
844;28384233
845;28417749
846;28451265
847;28484781
848;28518297
849;28551813
850;28585329
851;28618845
852;28652361
853;28685877
854;28719393
855;28752909
856;28786425
857;28819941
858;28853457
859;28886973
860;28920489
861;28954005
862;28987521
863;29021037
864;29054553
865;29088069
866;29121585
867;29155101
868;29188617
869;29222133
870;29255649
871;29289165
872;29322681
873;29356197
874;29389713
875;29423229
876;29456745
877;29490261
878;29523777
879;29557293
880;29590809
881;29624325
882;29657841
883;29691357
884;29724873
885;29758389
886;29791905
887;29825421
888;29858937
889;29892453
890;29925969
891;29959485
892;29993001
893;30026517
894;30060033
895;30093549
896;30127065
897;30160581
898;30194097
899;30227613
900;30261129
901;30294645
902;30328161
903;30361677
904;30395193
905;30428709
906;30462225
907;30495741
908;30529257
909;30562773
910;30596289
911;30629805
912;30663321
913;30696837
914;30730353
915;30763869
916;30797385
917;30830901
918;30864417
919;30897933
920;30931449
921;30964965
922;30998481
923;31031997
924;31065513
925;31099029
926;31132545
927;31166061
928;31199577
929;31233093
930;31266609
931;31300125
932;31333641
933;31367157
934;31400673
935;31434189
936;31467705
937;31501221
938;31534737
939;31568253
940;31601769
941;31635285
942;31668801
943;31702317
944;31735833
945;31769349
946;31802865
947;31836381
948;31869897
949;31903413
950;31936929
951;31970445
952;32003961
953;32037477
954;32070993
955;32104509
956;32138025
957;32171541
958;32205057
959;32238573
960;32272089
961;32305605
962;32339121
963;32372637
964;32406153
965;32439669
966;32473185
967;32506701
968;32540217
969;32573733
970;32607249
971;32640765
972;32674281
973;32707797
974;32741313
975;32774829
976;32808345
977;32841861
978;32875377
979;32908893
980;32942409
981;32975925
982;33009441
983;33042957
984;33076473
985;33109989
986;33143505
987;33177021
988;33210537
989;33244053
990;33277569
991;33311085
992;33344601
993;33378117
994;33411633
995;33445149
996;33478665
997;33512181
998;33545697
999;33579213
1000;33612729
1001;33646245
1002;33679761
1003;33713277
1004;33746793
1005;33780309
1006;33813825
1007;33847341
1008;33880857
1009;33914373
1010;33947889
1011;33981405
1012;34014921
1013;34048437
1014;34081953
1015;34115469
1016;34148985
1017;34182501
1018;34216017
1019;34249533
1020;34283049
1021;34316565
1022;34350081
1023;34383597
1024;34417113
1025;34450629
1026;34484145
1027;34517661
1028;34551177
1029;34584693
1030;34618209
1031;34651725
1032;34685241
1033;34718757
1034;34752273
1035;34785789
1036;34819305
1037;34852821
1038;34886337
1039;34919853
1040;34953369
1041;34986885
1042;35020401
1043;35053917
1044;35087433
1045;35120949
1046;35154465
1047;35187981
1048;35221497
1049;35255013
1050;35288529
1051;35322045
1052;35355561
1053;35389077
1054;35422593
1055;35456109
1056;35489625
1057;35523141
1058;35556657
1059;35590173
1060;35623689
1061;35657205
1062;35690721
1063;35724237
1064;35757753
1065;35791269
1066;35824785
1067;35858301
1068;35891817
1069;35925333
1070;35958849
1071;35992365
1072;36025881
1073;36059397
1074;36092913
1075;36126429
1076;36159945
1077;36193461
1078;36226977
1079;36260493
1080;36294009
1081;36327525
1082;36361041
1083;36394557
1084;36428073
1085;36461589
1086;36495105
1087;36528621
1088;36562137
1089;36595653
1090;36629169
1091;36662685
1092;36696201
1093;36729717
1094;36763233
1095;36796749
1096;36830265
1097;36863781
1098;36897297
1099;36930813
1100;36964329
1101;36997845
1102;37031361
1103;37064877
1104;37098393
1105;37131909
1106;37165425
1107;37198941
1108;37232457
1109;37265973
1110;37299489
1111;37333005
1112;37366521
1113;37400037
1114;37433553
1115;37467069
1116;37500585
1117;37534101
1118;37567617
1119;37601133
1120;37634649
1121;37668165
1122;37701681
1123;37735197
1124;37768713
1125;37802229
1126;37835745
1127;37869261
1128;37902777
1129;37936293
1130;37969809
1131;38003325
1132;38036841
1133;38070357
1134;38103873
1135;38137389
1136;38170905
1137;38204421
1138;38237937
1139;38271453
1140;38304969
1141;38338485
1142;38372001
1143;38405517
1144;38439033
1145;38472549
1146;38506065
1147;38539581
1148;38573097
1149;38606613
1150;38640129
1151;38673645
1152;38707161
1153;38740677
1154;38774193
1155;38807709
1156;38841225
1157;38874741
1158;38908257
1159;38941773
1160;38975289
1161;39008805
1162;39042321
1163;39075837
1164;39109353
1165;39142869
1166;39176385
1167;39209901
1168;39243417
1169;39276933
1170;39410997
1171;39444513
1172;39478029
1173;39511545
1174;39545061
1175;39578577
1176;39612093
1177;39645609
1178;39679125
1179;39712641
1180;39746157
1181;39779673
1182;39813189
1183;39846705
1184;39880221
1185;39913737
1186;39947253
1187;39980769
1188;40014285
1189;40047801
1190;40081317
1191;40114833
1192;40148349
1193;40181865
1194;40215381
1195;40248897
1196;40282413
1197;40315929
1198;40349445
1199;40382961
1200;40517025
1201;40550541
1202;40584057
1203;40617573
1204;40651089
1205;40684605
1206;40718121
1207;40751637
1208;40785153
1209;40818669
1210;40852185
1211;40885701
1212;40919217
1213;40952733
1214;40986249
1215;41019765
1216;41053281
1217;41086797
1218;41120313
1219;41153829
1220;41187345
1221;41220861
1222;41254377
1223;41287893
1224;41321409
1225;41354925
1226;41388441
1227;41421957
1228;41455473
1229;41488989
1230;41522505
1231;41556021
1232;41589537
1233;41623053
1234;41656569
1235;41690085
1236;41723601
1237;41757117
1238;41790633
1239;41824149
1240;41857665
1241;41891181
1242;42025245
1243;42058761
1244;42092277
1245;42125793
1246;42159309
1247;42192825
1248;42226341
1249;42360405
1250;42393921
1251;42427437
1252;42460953
1253;42494469
1254;42527985
1255;42561501
1256;42595017
1257;42628533
1258;42662049
1259;42695565
1260;42729081
1261;42762597
1262;42796113
1263;42829629
1264;42863145
1265;42896661
1266;42930177
1267;42963693
1268;42997209
1269;43030725
1270;43064241
1271;43097757
1272;43298853
1273;43332369
1274;43365885
1275;43399401
1276;43432917
1277;43466433
1278;43499949
1279;43533465
1280;43566981
1281;43600497
1282;43634013
1283;43667529
1284;43701045
1285;43734561
1286;43768077
1287;43801593
1288;43835109
1289;43868625
1290;43902141
1291;43935657
1292;43969173
1293;44002689
1294;44036205
1295;44069721
1296;44103237
1297;44136753
1298;44170269
1299;44203785
1300;44237301
1301;44270817
1302;44304333
1303;44337849
1304;44371365
1305;44404881
1306;44438397
1307;44471913
1308;44505429
1309;44538945
1310;44572461
1311;44605977
1312;44639493
1313;44673009
1314;44706525
1315;44740041
1316;44773557
1317;44807073
1318;44840589
1319;44874105
1320;44907621
1321;44941137
1322;44974653
1323;45008169
1324;45041685
1325;45075201
1326;45108717
1327;45142233
1328;45175749
1329;45209265
1330;45242781
1331;45276297
1332;45309813
1333;45343329
1334;45376845
1335;45410361
1336;45443877
1337;45477393
1338;45510909
1339;45544425
1340;45577941
1341;45611457
1342;45644973
1343;45678489
1344;45712005
1345;45745521
1346;45779037
1347;45812553
1348;45846069
1349;45879585
1350;45913101
1351;45946617
1352;45980133
1353;46013649
1354;46047165
1355;46080681
1356;46114197
1357;46147713
1358;46181229
1359;46214745
1360;46248261
1361;46281777
1362;46315293
1363;46348809
1364;46382325
1365;46415841
1366;46449357
1367;46482873
1368;46516389
1369;46549905
1370;46583421
1371;46616937
1372;46650453
1373;46683969
1374;46717485
1375;46751001
1376;46784517
1377;46818033
1378;46851549
1379;46885065
1380;46918581
1381;46952097
1382;46985613
1383;47019129
1384;47052645
1385;47086161
1386;47119677
1387;47153193
1388;47186709
1389;47220225
1390;47253741
1391;47287257
1392;47320773
1393;47354289
1394;47387805
1395;47421321
1396;47454837
1397;47488353
1398;47521869
1399;47555385
1400;47588901
1401;47622417
1402;47655933
1403;47689449
1404;47722965
1405;47756481
1406;47789997
1407;47823513
1408;47857029
1409;47890545
1410;47924061
1411;47957577
1412;47991093
1413;48024609
1414;48058125
1415;48091641
1416;48125157
1417;48158673
1418;48192189
1419;48225705
1420;48259221
1421;48292737
1422;48326253
1423;48359769
1424;48393285
1425;48426801
1426;48460317
1427;48493833
1428;48527349
1429;48560865
1430;48594381
1431;48627897
1432;48661413
1433;48694929
1434;48728445
1435;48761961
1436;48795477
1437;48828993
1438;48862509
1439;48896025
1440;48929541
1441;48963057
1442;48996573
1443;49030089
1444;49063605
1445;49097121
1446;49130637
1447;49164153
1448;49197669
1449;49231185
1450;49264701
1451;49298217
1452;49331733
1453;49365249
1454;49398765
1455;49432281
1456;49465797
1457;49499313
1458;49532829
1459;49566345
1460;49599861
1461;49633377
1462;49666893
1463;49700409
1464;49733925
1465;49767441
1466;49800957
1467;49834473
1468;49867989
1469;49901505
1470;49935021
1471;49968537
1472;50002053
1473;50035569
1474;50069085
1475;50102601
1476;50136117
1477;50169633
1478;50203149
1479;50236665
1480;50270181
1481;50303697
1482;50337213
1483;50370729
1484;50404245
1485;50437761
1486;50471277
1487;50504793
1488;50538309
1489;50571825
1490;50605341
1491;50638857
1492;50672373
1493;50705889
1494;50739405
1495;50772921
1496;50806437
1497;50839953
1498;50873469
1499;50906985
1500;50940501
1501;50974017
1502;51007533
1503;51041049
1504;51074565
1505;51108081
1506;51141597
1507;51175113
1508;51208629
1509;51242145
1510;51275661
1511;51309177
1512;51342693
1513;51376209
1514;51409725
1515;51443241
1516;51476757
1517;51510273
1518;51543789
1519;51577305
1520;51610821
1521;51644337
1522;51677853
1523;51711369
1524;51744885
1525;51778401
1526;51811917
1527;51845433
1528;51878949
1529;51912465
1530;51945981
1531;51979497
1532;52013013
1533;52046529
1534;52080045
1535;52113561
1536;52147077
1537;52180593
1538;52214109
1539;52247625
1540;52281141
1541;52314657
1542;52348173
1543;52381689
1544;52415205
1545;52448721
1546;52482237
1547;52515753
1548;52549269
1549;52582785
1550;52616301
1551;52649817
1552;52683333
1553;52716849
1554;52750365
1555;52783881
1556;52817397
1557;52850913
1558;52884429
1559;52917945
1560;52951461
1561;52984977
1562;53018493
1563;53052009
1564;53085525
1565;53119041
1566;53152557
1567;53186073
1568;53219589
1569;53253105
1570;53286621
1571;53320137
1572;53353653
1573;53387169
1574;53420685
1575;53454201
1576;53487717
1577;53521233
1578;53554749
1579;53588265
1580;53621781
1581;53655297
1582;53688813
1583;53722329
1584;53755845
1585;53789361
1586;53822877
1587;53856393
1588;53889909
1589;53923425
1590;53956941
1591;53990457
1592;54023973
1593;54057489
1594;54091005
1595;54124521
1596;54158037
1597;54191553
1598;54225069
1599;54258585
1600;54292101
1601;54325617
1602;54359133
1603;54392649
1604;54426165
1605;54459681
1606;54493197
1607;54526713
1608;54560229
1609;54593745
1610;54627261
1611;54660777
1612;54694293
1613;54727809
1614;54761325
1615;54794841
1616;54828357
1617;54861873
1618;54895389
1619;54928905
1620;54962421
1621;54995937
1622;55029453
1623;55062969
1624;55096485
1625;55130001
1626;55163517
1627;55197033
1628;55230549
1629;55264065
1630;55297581
1631;55331097
1632;55364613
1633;55398129
1634;55431645
1635;55465161
1636;55498677
1637;55532193
1638;55565709
1639;55599225
1640;55632741
1641;55666257
1642;55699773
1643;55733289
1644;55766805
1645;55800321
1646;55833837
1647;55867353
1648;55900869
1649;55934385
1650;55967901
1651;56001417
1652;56034933
1653;56068449
1654;56101965
1655;56135481
1656;56168997
1657;56202513
1658;56236029
1659;56269545
1660;56303061
1661;56336577
1662;56370093
1663;56403609
1664;56437125
1665;56470641
1666;56504157
1667;56537673
1668;56571189
1669;56604705
1670;56638221
1671;56671737
1672;56705253
1673;56738769
1674;56772285
1675;56805801
1676;56839317
1677;56872833
1678;56906349
1679;56939865
1680;56973381
1681;57006897
1682;57040413
1683;57073929
1684;57107445
1685;57140961
1686;57174477
1687;57207993
1688;57241509
1689;57275025
1690;57308541
1691;57342057
1692;57375573
1693;57409089
1694;57442605
1695;57476121
1696;57509637
1697;57543153
1698;57576669
1699;57610185
1700;57643701
1701;57677217
1702;57710733
1703;57744249
1704;57777765
1705;57811281
1706;57844797
1707;57878313
1708;57911829
1709;57945345
1710;57978861
1711;58012377
1712;58045893
1713;58079409
1714;58112925
1715;58146441
1716;58179957
1717;58213473
1718;58246989
1719;58280505
1720;58314021
1721;58347537
1722;58381053
1723;58414569
1724;58448085
1725;58481601
1726;58515117
1727;58548633
1728;58582149
1729;58615665
1730;58649181
1731;58682697
1732;58716213
1733;58749729
1734;58783245
1735;58816761
1736;58850277
1737;58883793
1738;58917309
1739;58950825
1740;58984341
1741;59017857
1742;59051373
1743;59084889
1744;59118405
1745;59151921
1746;59185437
1747;59218953
1748;59252469
1749;59285985
1750;59319501
1751;59353017
1752;59386533
1753;59420049
1754;59453565
1755;59487081
1756;59520597
1757;59554113
1758;59587629
1759;59621145
1760;59654661
1761;59688177
1762;59721693
1763;59755209
1764;59788725
1765;59822241
1766;59855757
1767;59889273
1768;59922789
1769;59956305
1770;59989821
1771;60023337
1772;60056853
1773;60090369
1774;60123885
1775;60157401
1776;60190917
1777;60224433
1778;60257949
1779;60291465
1780;60324981
1781;60358497
1782;60392013
1783;60425529
1784;60459045
1785;60492561
1786;60526077
1787;60559593
1788;60593109
1789;60626625
1790;60660141
1791;60693657
1792;60727173
1793;60760689
1794;60794205
1795;60827721
1796;60861237
1797;60894753
1798;60928269
1799;60961785
1800;60995301
1801;61028817
1802;61062333
1803;61095849
1804;61129365
1805;61162881
1806;61196397
1807;61229913
1808;61263429
1809;61296945
1810;61330461
1811;61363977
1812;61397493
1813;61431009
1814;61464525
1815;61498041
1816;61531557
1817;61565073
1818;61598589
1819;61632105
1820;61665621
1821;61699137
1822;61732653
1823;61766169
1824;61799685
1825;61833201
1826;61866717
1827;61900233
1828;61933749
1829;61967265
1830;62000781
1831;62034297
1832;62067813
1833;62101329
1834;62134845
1835;62168361
1836;62201877
1837;62235393
1838;62268909
1839;62302425
1840;62335941
1841;62369457
1842;62402973
1843;62436489
1844;62470005
1845;62503521
1846;62537037
1847;62570553
1848;62604069
1849;62637585
1850;62671101
1851;62704617
1852;62738133
1853;62771649
1854;62805165
1855;62838681
1856;62872197
1857;62905713
1858;62939229
1859;62972745
1860;63006261
1861;63039777
1862;63073293
1863;63106809
1864;63140325
1865;63173841
1866;63207357
1867;63240873
1868;63274389
1869;63307905
1870;63341421
1871;63374937
1872;63408453
1873;63441969
1874;63475485
1875;63509001
1876;63542517
1877;63576033
1878;63609549
1879;63643065
1880;63676581
1881;63710097
1882;63743613
1883;63777129
1884;63810645
1885;63844161
1886;63877677
1887;63911193
1888;63944709
1889;63978225
1890;64011741
1891;64045257
1892;64078773
1893;64112289
1894;64145805
1895;64179321
1896;64212837
1897;64246353
1898;64279869
1899;64313385
1900;64346901
1901;64380417
1902;64413933
1903;64447449
1904;64480965
1905;64514481
1906;64547997
1907;64581513
1908;64615029
1909;64648545
1910;64682061
1911;64715577
1912;64749093
1913;64782609
1914;64816125
1915;64849641
1916;64883157
1917;64916673
1918;64950189
1919;64983705
1920;65017221
1921;65050737
1922;65084253
1923;65117769
1924;65151285
1925;65184801
1926;65218317
1927;65251833
1928;65285349
1929;65318865
1930;65352381
1931;65385897
1932;65419413
1933;65452929
1934;65486445
1935;65519961
1936;65553477
1937;65586993
1938;65620509
1939;65654025
1940;65687541
1941;65721057
1942;65754573
1943;65788089
1944;65821605
1945;65855121
1946;65888637
1947;65922153
1948;65955669
1949;65989185
1950;66022701
1951;66056217
1952;66089733
1953;66123249
1954;66156765
1955;66190281
1956;66223797
1957;66257313
1958;66290829
1959;66324345
1960;66357861
1961;66391377
1962;66424893
1963;66458409
1964;66491925
1965;66525441
1966;66558957
1967;66592473
1968;66625989
1969;66659505
1970;66693021
1971;66726537
1972;66760053
1973;66793569
1974;66827085
1975;66860601
1976;66894117
1977;66927633
1978;66961149
1979;66994665
1980;67028181
1981;67061697
1982;67095213
1983;67128729
1984;67162245
1985;67195761
1986;67229277
1987;67262793
1988;67296309
1989;67329825
1990;67363341
1991;67396857
1992;67430373
1993;67463889
1994;67497405
1995;67530921
1996;67564437
1997;67597953
1998;67631469
1999;67664985
2000;67698501
2001;67732017
2002;67765533
2003;67799049
2004;67832565
2005;67866081
2006;67899597
2007;67933113
2008;67966629
2009;68000145
2010;68033661
2011;68067177
2012;68100693
2013;68134209
2014;68167725
2015;68201241
2016;68234757
2017;68268273
2018;68301789
2019;68335305
2020;68368821
2021;68402337
2022;68435853
2023;68469369
2024;68502885
2025;68536401
2026;68569917
2027;68603433
2028;68636949
2029;68670465
2030;68703981
2031;68737497
2032;68771013
2033;68804529
2034;68838045
2035;68871561
2036;68905077
2037;68938593
2038;68972109
2039;69005625
2040;69039141
2041;69072657
2042;69106173
2043;69139689
2044;69173205
2045;69206721
2046;69240237
2047;69273753
2048;69307269
2049;69340785
2050;69374301
2051;69407817
2052;69441333
2053;69474849
2054;69508365
2055;69541881
2056;69575397
2057;69608913
2058;69642429
2059;69675945
2060;69709461
2061;69742977
2062;69776493
2063;69810009
2064;69843525
2065;69877041
2066;69910557
2067;69944073
2068;69977589
2069;70011105
2070;70044621
2071;70078137
2072;70111653
2073;70145169
2074;70178685
2075;70212201
2076;70245717
2077;70279233
2078;70312749
2079;70346265
2080;70379781
2081;70413297
2082;70446813
2083;70480329
2084;70513845
2085;70547361
2086;70580877
2087;70614393
2088;70647909
2089;70681425
2090;70714941
2091;70748457
2092;70781973
2093;70815489
2094;70849005
2095;70882521
2096;70916037
2097;70949553
2098;70983069
2099;71016585
2100;71050101
2101;71083617
2102;71117133
2103;71150649
2104;71184165
2105;71217681
2106;71251197
2107;71284713
2108;71318229
2109;71351745
2110;71385261
2111;71418777
2112;71452293
2113;71485809
2114;71519325
2115;71552841
2116;71586357
2117;71619873
2118;71653389
2119;71686905
2120;71720421
2121;71753937
2122;71787453
2123;71820969
2124;71854485
2125;71888001
2126;71921517
2127;71955033
2128;71988549
2129;72022065
2130;72055581
2131;72089097
2132;72122613
2133;72156129
2134;72189645
2135;72223161
2136;72256677
2137;72290193
2138;72323709
2139;72357225
2140;72390741
2141;72424257
2142;72457773
2143;72491289
2144;72524805
2145;72558321
2146;72591837
2147;72625353
2148;72658869
2149;72692385
2150;72725901
2151;72759417
2152;72792933
2153;72826449
2154;72859965
2155;72893481
2156;72926997
2157;72960513
2158;72994029
2159;73027545
2160;73061061
2161;73094577
2162;73128093
2163;73161609
2164;73195125
2165;73228641
2166;73262157
2167;73295673
2168;73329189
2169;73362705
2170;73396221
2171;73429737
2172;73463253
2173;73496769
2174;73530285
2175;73563801
2176;73597317
2177;73630833
2178;73664349
2179;73697865
2180;73731381
2181;73764897
2182;73798413
2183;73831929
2184;73865445
2185;73898961
2186;73932477
2187;73965993
2188;73999509
2189;74033025
2190;74066541
2191;74100057
2192;74133573
2193;74167089
2194;74200605
2195;74234121
2196;74267637
2197;74301153
2198;74334669
2199;74368185
2200;74401701
2201;74435217
2202;74468733
2203;74502249
2204;74535765
2205;74569281
2206;74602797
2207;74636313
2208;74669829
2209;74703345
2210;74736861
2211;74770377
2212;74803893
2213;74837409
2214;74870925
2215;74904441
2216;74937957
2217;74971473
2218;75004989
2219;75038505
2220;75072021
2221;75105537
2222;75139053
2223;75172569
2224;75206085
2225;75239601
2226;75273117
2227;75306633
2228;75340149
2229;75373665
2230;75407181
2231;75440697
2232;75474213
2233;75507729
2234;75541245
2235;75574761
2236;75608277
2237;75641793
2238;75675309
2239;75708825
2240;75742341
2241;75775857
2242;75809373
2243;75842889
2244;75876405
2245;75909921
2246;75943437
2247;75976953
2248;76010469
2249;76043985
2250;76077501
2251;76111017
2252;76144533
2253;76178049
2254;76211565
2255;76245081
2256;76278597
2257;76312113
2258;76345629
2259;76379145
2260;76412661
2261;76446177
2262;76479693
2263;76513209
2264;76546725
2265;76580241
2266;76613757
2267;76647273
2268;76680789
2269;76714305
2270;76747821
2271;76781337
2272;76814853
2273;76848369
2274;76881885
2275;76915401
2276;76948917
2277;76982433
2278;77015949
2279;77049465
2280;77082981
2281;77116497
2282;77150013
2283;77183529
2284;77217045
2285;77250561
2286;77284077
2287;77317593
2288;77351109
2289;77384625
2290;77485173
2291;77518689
2292;77552205
2293;77585721
2294;77619237
2295;77652753
2296;77686269
2297;77719785
2298;77753301
2299;77786817
2300;77820333
2301;77853849
2302;77887365
2303;77920881
2304;77954397
2305;77987913
2306;78121977
2307;78155493
2308;78189009
2309;78222525
2310;78256041
2311;78289557
2312;78490653
2313;78524169
2314;78557685
2315;78591201
2316;78624717
2317;78658233
2318;78691749
2319;78725265
2320;78758781
2321;78792297
2322;78825813
2323;78859329
2324;78892845
2325;78926361
2326;78959877
2327;78993393
2328;79026909
2329;79060425
2330;79093941
2331;79127457
2332;79160973
2333;79194489
2334;79228005
2335;79261521
2336;79295037
2337;79328553
2338;79362069
2339;79395585
2340;79429101
2341;79462617
2342;79496133
2343;79529649
2344;79563165
2345;79596681
2346;79630197
2347;79663713
2348;79697229
2349;79730745
2350;79764261
2351;79797777
2352;79831293
2353;79864809
2354;79898325
2355;79931841
2356;79965357
2357;79998873
2358;80032389
2359;80065905
2360;80099421
2361;80132937
2362;80166453
2363;80199969
2364;80233485
2365;80267001
2366;80300517
2367;80334033
2368;80367549
2369;80401065
2370;80434581
2371;80468097
2372;80501613
2373;80535129
2374;80568645
2375;80602161
2376;80635677
2377;80669193
2378;80702709
2379;80736225
2380;80769741
2381;80803257
2382;80836773
2383;80870289
2384;80903805
2385;80937321
2386;80970837
2387;81004353
2388;81037869
2389;81071385
2390;81104901
2391;81138417
2392;81171933
2393;81205449
2394;81238965
2395;81272481
2396;81305997
2397;81339513
2398;81373029
2399;81406545
2400;81440061
2401;81473577
2402;81507093
2403;81540609
2404;81574125
2405;81607641
2406;81641157
2407;81674673
2408;81708189
2409;81741705
2410;81775221
2411;81808737
2412;81842253
2413;81875769
2414;81909285
2415;81942801
2416;81976317
2417;82009833
2418;82043349
2419;82076865
2420;82110381
2421;82143897
2422;82177413
2423;82210929
2424;82244445
2425;82277961
2426;82311477
2427;82344993
2428;82378509
2429;82412025
2430;82445541
2431;82479057
2432;82512573
2433;82546089
2434;82579605
2435;82613121
2436;82646637
2437;82680153
2438;82713669
2439;82747185
2440;82780701
2441;82814217
2442;82847733
2443;82881249
2444;82914765
2445;82948281
2446;82981797
2447;83015313
2448;83048829
2449;83082345
2450;83115861
2451;83149377
2452;83182893
2453;83216409
2454;83249925
2455;83283441
2456;83316957
2457;83350473
2458;83383989
2459;83417505
2460;83451021
2461;83484537
2462;83518053
2463;83551569
2464;83585085
2465;83618601
2466;83652117
2467;83685633
2468;83719149
2469;83752665
2470;83786181
2471;83819697
2472;83853213
2473;83886729
2474;83920245
2475;83953761
2476;83987277
2477;84020793
2478;84054309
2479;84087825
2480;84121341
2481;84154857
2482;84188373
2483;84221889
2484;84255405
2485;84288921
2486;84322437
2487;84355953
2488;84389469
2489;84422985
2490;84456501
2491;84490017
2492;84523533
2493;84557049
2494;84590565
2495;84624081
2496;84657597
2497;84691113
2498;84724629
2499;84758145
2500;84791661
2501;84825177
2502;84858693
2503;84892209
2504;84925725
2505;84959241
2506;84992757
2507;85026273
2508;85059789
2509;85093305
2510;85126821
2511;85160337
2512;85193853
2513;85227369
2514;85260885
2515;85294401
2516;85327917
2517;85361433
2518;85394949
2519;85428465
2520;85461981
2521;85495497
2522;85529013
2523;85562529
2524;85596045
2525;85629561
2526;85663077
2527;85696593
2528;85730109
2529;85763625
2530;85797141
2531;85830657
2532;85864173
2533;85897689
2534;85931205
2535;85964721
2536;85998237
2537;86031753
2538;86065269
2539;86098785
2540;86132301
2541;86165817
2542;86199333
2543;86232849
2544;86266365
2545;86299881
2546;86333397
2547;86366913
2548;86400429
2549;86433945
2550;86467461
2551;86500977
2552;86534493
2553;86568009
2554;86601525
2555;86635041
2556;86668557
2557;86702073
2558;86735589
2559;86769105
2560;86802621
2561;86836137
2562;86869653
2563;86903169
2564;86936685
2565;86970201
2566;87003717
2567;87037233
2568;87070749
2569;87104265
2570;87137781
2571;87171297
2572;87204813
2573;87238329
2574;87271845
2575;87305361
2576;87338877
2577;87372393
2578;87405909
2579;87439425
2580;87472941
2581;87506457
2582;87539973
2583;87573489
2584;87607005
2585;87640521
2586;87674037
2587;87707553
2588;87741069
2589;87774585
2590;87808101
2591;87841617
2592;87875133
2593;87908649
2594;87942165
2595;87975681
2596;88009197
2597;88042713
2598;88076229
2599;88109745
2600;88143261
2601;88176777
2602;88210293
2603;88243809
2604;88277325
2605;88310841
2606;88344357
2607;88377873
2608;88411389
2609;88444905
2610;88478421
2611;88511937
2612;88545453
2613;88578969
2614;88612485
2615;88646001
2616;88679517
2617;88713033
2618;88746549
2619;88780065
2620;88813581
2621;88847097
2622;88880613
2623;88914129
2624;88947645
2625;88981161
2626;89014677
2627;89048193
2628;89081709
2629;89115225
2630;89148741
2631;89182257
2632;89215773
2633;89249289
2634;89282805
2635;89316321
2636;89349837
2637;89383353
2638;89416869
2639;89450385
2640;89483901
2641;89517417
2642;89550933
2643;89584449
2644;89617965
2645;89651481
2646;89684997
2647;89718513
2648;89752029
2649;89785545
2650;89819061
2651;89852577
2652;89886093
2653;89919609
2654;89953125
2655;89986641
2656;90020157
2657;90053673
2658;90087189
2659;90120705
2660;90154221
2661;90187737
2662;90221253
2663;90254769
2664;90288285
2665;90321801
2666;90355317
2667;90388833
2668;90422349
2669;90455865
2670;90489381
2671;90522897
2672;90556413
2673;90589929
2674;90623445
2675;90656961
2676;90690477
2677;90723993
2678;90757509
2679;90791025
2680;90824541
2681;90858057
2682;90891573
2683;90925089
2684;90958605
2685;90992121
2686;91025637
2687;91059153
2688;91092669
2689;91126185
2690;91159701
2691;91193217
2692;91226733
2693;91260249
2694;91293765
2695;91327281
2696;91360797
2697;91394313
2698;91427829
2699;91461345
2700;91494861
2701;91528377
2702;91561893
2703;91595409
2704;91628925
2705;91662441
2706;91695957
2707;91729473
2708;91762989
2709;91796505
2710;91830021
2711;91863537
2712;91897053
2713;91930569
2714;91964085
