1;0
2;63213
3;96729
4;130245
5;163761
6;197277
7;230793
8;264309
9;297825
10;331341
11;364857
12;398373
13;431889
14;465405
15;498921
16;532437
17;565953
18;599469
19;632985
20;666501
21;700017
22;733533
23;767049
24;800565
25;834081
26;867597
27;901113
28;934629
29;968145
30;1001661
31;1035177
32;1068693
33;1102209
34;1135725
35;1169241
36;1202757
37;1236273
38;1269789
39;1303305
40;1336821
41;1370337
42;1403853
43;1437369
44;1470885
45;1504401
46;1537917
47;1571433
48;1604949
49;1638465
50;1671981
51;1705497
52;1739013
53;1772529
54;1806045
55;1839561
56;1873077
57;1906593
58;1940109
59;1973625
60;2007141
61;2040657
62;2074173
63;2107689
64;2141205
65;2174721
66;2208237
67;2241753
68;2275269
69;2308785
70;2342301
71;2375817
72;2409333
73;2442849
74;2476365
75;2509881
76;2543397
77;2576913
78;2610429
79;2643945
80;2677461
81;2710977
82;2744493
83;2778009
84;2811525
85;2845041
86;2878557
87;2912073
88;2945589
89;2979105
90;3012621
91;3046137
92;3079653
93;3113169
94;3146685
95;3180201
96;3213717
97;3247233
98;3280749
99;3314265
100;3347781
101;3381297
102;3414813
103;3448329
104;3481845
105;3515361
106;3548877
107;3582393
108;3615909
109;3649425
110;3682941
111;3716457
112;3749973
113;3783489
114;3817005
115;3850521
116;3884037
117;3917553
118;3951069
119;3984585
120;4018101
121;4051617
122;4085133
123;4118649
124;4152165
125;4185681
126;4219197
127;4252713
128;4286229
129;4319745
130;4353261
131;4386777
132;4420293
133;4453809
134;4487325
135;4520841
136;4554357
137;4587873
138;4621389
139;4654905
140;4688421
141;4721937
142;4755453
143;4788969
144;4822485
145;4856001
146;4889517
147;4923033
148;4956549
149;4990065
150;5023581
151;5057097
152;5090613
153;5124129
154;5157645
155;5191161
156;5224677
157;5258193
158;5291709
159;5325225
160;5358741
161;5392257
162;5425773
163;5459289
164;5492805
165;5526321
166;5559837
167;5593353
168;5626869
169;5660385
170;5693901
171;5727417
172;5760933
173;5794449
174;5827965
175;5861481
176;5894997
177;5928513
178;5962029
179;5995545
180;6029061
181;6062577
182;6096093
183;6129609
184;6163125
185;6196641
186;6230157
187;6263673
188;6297189
189;6330705
190;6364221
191;6397737
192;6431253
193;6464769
194;6498285
195;6531801
196;6565317
197;6598833
198;6632349
199;6665865
200;6699381
201;6732897
202;6766413
203;6799929
204;6833445
205;6866961
206;6900477
207;6933993
208;6967509
209;7001025
210;7034541
211;7068057
212;7101573
213;7135089
214;7168605
215;7202121
216;7235637
217;7269153
218;7302669
219;7336185
220;7369701
221;7403217
222;7436733
223;7470249
224;7503765
225;7537281
226;7570797
227;7604313
228;7637829
229;7671345
230;7704861
231;7738377
232;7771893
233;7805409
234;7838925
235;7872441
236;7905957
237;7939473
238;7972989
239;8006505
240;8040021
241;8073537
242;8107053
243;8140569
244;8174085
245;8207601
246;8241117
247;8274633
248;8308149
249;8341665
250;8375181
251;8408697
252;8442213
253;8475729
254;8509245
255;8542761
256;8576277
257;8609793
258;8643309
259;8676825
260;8710341
261;8743857
262;8777373
263;8810889
264;8844405
265;8877921
266;8911437
267;8944953
268;8978469
269;9011985
270;9045501
271;9079017
272;9112533
273;9146049
274;9179565
275;9213081
276;9246597
277;9280113
278;9313629
279;9347145
280;9380661
281;9414177
282;9447693
283;9481209
284;9514725
285;9548241
286;9581757
287;9615273
288;9648789
289;9682305
290;9715821
291;9749337
292;9782853
293;9816369
294;9849885
295;9883401
296;9916917
297;9950433
298;9983949
299;10017465
300;10050981
301;10084497
302;10118013
303;10151529
304;10185045
305;10218561
306;10252077
307;10285593
308;10319109
309;10352625
310;10386141
311;10419657
312;10453173
313;10486689
314;10520205
315;10553721
316;10587237
317;10620753
318;10654269
319;10687785
320;10721301
321;10754817
322;10788333
323;10821849
324;10855365
325;10888881
326;10922397
327;10955913
328;10989429
329;11022945
330;11056461
331;11089977
332;11123493
333;11157009
334;11190525
335;11224041
336;11257557
337;11291073
338;11324589
339;11358105
340;11391621
341;11425137
342;11458653
343;11492169
344;11525685
345;11559201
346;11592717
347;11626233
348;11659749
349;11693265
350;11726781
351;11760297
352;11793813
353;11827329
354;11860845
355;11894361
356;11927877
357;11961393
358;11994909
359;12028425
360;12061941
361;12095457
362;12128973
363;12162489
364;12196005
365;12229521
366;12263037
367;12296553
368;12330069
369;12363585
370;12397101
371;12430617
372;12464133
373;12497649
374;12531165
375;12564681
376;12598197
377;12631713
378;12665229
379;12698745
380;12732261
381;12765777
382;12799293
383;12832809
384;12866325
385;12899841
386;12933357
387;12966873
388;13000389
389;13033905
390;13067421
391;13100937
392;13134453
393;13167969
394;13201485
395;13235001
396;13268517
397;13302033
398;13335549
399;13369065
400;13402581
401;13436097
402;13469613
403;13503129
404;13536645
405;13570161
406;13603677
407;13637193
408;13670709
409;13704225
410;13737741
411;13771257
412;13804773
413;13838289
414;13871805
415;13905321
416;13938837
417;13972353
418;14005869
419;14039385
420;14072901
421;14106417
422;14139933
423;14173449
424;14206965
425;14240481
426;14273997
427;14307513
428;14341029
429;14374545
430;14408061
431;14441577
432;14475093
433;14508609
434;14542125
435;14575641
436;14609157
437;14642673
438;14676189
439;14709705
440;14743221
441;14776737
442;14810253
443;14843769
444;14877285
445;14910801
446;14944317
447;14977833
448;15011349
449;15044865
450;15078381
451;15111897
452;15145413
453;15178929
454;15212445
455;15245961
456;15279477
457;15312993
458;15346509
459;15380025
460;15413541
461;15447057
462;15480573
463;15514089
464;15547605
465;15581121
466;15614637
467;15648153
468;15681669
469;15715185
470;15748701
471;15782217
472;15815733
473;15849249
474;15882765
475;15916281
476;15949797
477;15983313
478;16016829
479;16050345
480;16083861
481;16117377
482;16150893
483;16184409
484;16217925
485;16251441
486;16284957
487;16318473
488;16351989
489;16385505
490;16419021
491;16452537
492;16486053
493;16519569
494;16553085
495;16586601
496;16620117
497;16653633
498;16687149
499;16720665
500;16754181
501;16787697
502;16821213
503;16854729
504;16888245
505;16921761
506;16955277
507;16988793
508;17022309
509;17055825
510;17089341
511;17122857
512;17156373
513;17189889
514;17223405
515;17256921
516;17290437
517;17323953
518;17357469
519;17390985
520;17424501
521;17458017
522;17491533
523;17525049
524;17558565
525;17592081
526;17625597
527;17659113
528;17692629
529;17726145
530;17759661
531;17793177
532;17826693
533;17860209
534;17893725
535;17927241
536;17960757
537;17994273
538;18027789
539;18061305
540;18094821
541;18128337
542;18161853
543;18195369
544;18228885
545;18262401
546;18295917
547;18329433
548;18362949
549;18396465
550;18429981
551;18463497
552;18497013
553;18530529
554;18564045
555;18597561
556;18631077
557;18664593
558;18698109
559;18731625
560;18765141
561;18798657
562;18832173
563;18865689
564;18899205
565;18932721
566;18966237
567;18999753
568;19033269
569;19066785
570;19100301
571;19133817
572;19167333
573;19200849
574;19234365
575;19267881
576;19301397
577;19334913
578;19368429
579;19401945
580;19435461
581;19468977
582;19502493
583;19536009
584;19569525
585;19603041
586;19636557
587;19670073
588;19703589
589;19737105
590;19770621
591;19804137
592;19837653
593;19871169
594;19904685
595;19938201
596;19971717
597;20005233
598;20038749
599;20072265
600;20105781
601;20139297
602;20172813
603;20206329
604;20239845
605;20273361
606;20306877
607;20340393
608;20373909
609;20407425
610;20440941
611;20474457
612;20507973
613;20541489
614;20575005
615;20608521
616;20642037
617;20675553
618;20709069
619;20742585
620;20776101
621;20809617
622;20843133
623;20876649
624;20910165
625;20943681
626;20977197
627;21010713
628;21044229
629;21077745
630;21111261
631;21144777
632;21178293
633;21211809
634;21245325
635;21278841
636;21312357
637;21345873
638;21379389
639;21412905
640;21446421
641;21479937
642;21513453
643;21546969
644;21580485
645;21614001
646;21647517
647;21681033
648;21714549
649;21748065
650;21781581
651;21815097
652;21848613
653;21882129
654;21915645
655;21949161
656;21982677
657;22016193
658;22049709
659;22083225
660;22116741
661;22150257
662;22183773
663;22217289
664;22250805
665;22284321
666;22317837
667;22351353
668;22384869
669;22418385
670;22451901
671;22485417
672;22518933
673;22552449
674;22585965
675;22619481
676;22652997
677;22686513
678;22720029
679;22753545
680;22787061
681;22820577
682;22854093
683;22887609
684;22921125
685;22954641
686;22988157
687;23021673
688;23055189
689;23088705
690;23122221
691;23155737
692;23189253
693;23222769
694;23256285
695;23289801
696;23323317
697;23356833
698;23390349
699;23423865
700;23457381
701;23490897
702;23524413
703;23557929
704;23591445
705;23624961
706;23658477
707;23691993
708;23725509
709;23759025
710;23792541
711;23826057
712;23859573
713;23893089
714;23926605
715;23960121
716;23993637
717;24027153
718;24060669
719;24094185
720;24127701
721;24161217
722;24194733
723;24228249
724;24261765
725;24295281
726;24328797
727;24362313
728;24395829
729;24429345
730;24462861
731;24496377
732;24529893
733;24563409
734;24596925
735;24630441
736;24663957
737;24697473
738;24730989
739;24764505
740;24798021
741;24831537
742;24865053
743;24898569
744;24932085
745;24965601
746;24999117
747;25032633
748;25066149
749;25099665
750;25133181
751;25166697
752;25200213
753;25233729
754;25267245
755;25300761
756;25334277
757;25367793
758;25401309
759;25434825
760;25468341
761;25501857
762;25535373
763;25568889
764;25602405
765;25635921
766;25669437
767;25702953
768;25736469
769;25769985
770;25803501
771;25837017
772;25870533
773;25904049
774;25937565
775;25971081
776;26004597
777;26038113
778;26071629
779;26105145
780;26138661
781;26172177
782;26205693
783;26239209
784;26272725
785;26306241
786;26339757
787;26373273
788;26406789
789;26440305
790;26473821
791;26507337
792;26540853
793;26574369
794;26607885
795;26641401
796;26674917
797;26708433
798;26741949
799;26775465
800;26808981
801;26842497
802;26876013
803;26909529
804;26943045
805;26976561
806;27010077
807;27043593
808;27077109
809;27110625
810;27144141
811;27177657
812;27211173
813;27244689
814;27278205
815;27311721
816;27345237
817;27378753
818;27412269
819;27445785
820;27479301
821;27512817
822;27546333
823;27579849
824;27613365
825;27646881
826;27680397
827;27713913
828;27747429
829;27780945
830;27814461
831;27847977
832;27881493
833;27915009
834;27948525
835;27982041
836;28015557
837;28049073
838;28082589
839;28116105
840;28149621
841;28183137
842;28216653
843;28250169
844;28283685
845;28317201
846;28350717
847;28384233
848;28417749
849;28451265
850;28484781
851;28518297
852;28551813
853;28585329
854;28618845
855;28652361
856;28685877
857;28719393
858;28752909
859;28786425
860;28819941
861;28853457
862;28886973
863;28920489
864;28954005
865;28987521
866;29021037
867;29054553
868;29088069
869;29121585
870;29155101
871;29188617
872;29222133
873;29255649
874;29289165
875;29322681
876;29356197
877;29389713
878;29423229
879;29456745
880;29490261
881;29523777
882;29557293
883;29590809
884;29624325
885;29657841
886;29691357
887;29724873
888;29758389
889;29791905
890;29825421
891;29858937
892;29892453
893;29925969
894;29959485
895;29993001
896;30026517
897;30060033
898;30093549
899;30127065
900;30160581
901;30194097
902;30227613
903;30261129
904;30294645
905;30328161
906;30361677
907;30395193
908;30428709
909;30462225
910;30495741
911;30529257
912;30562773
913;30596289
914;30629805
915;30663321
916;30696837
917;30730353
918;30763869
919;30797385
920;30830901
921;30864417
922;30897933
923;30931449
924;30964965
925;30998481
926;31031997
927;31065513
928;31099029
929;31132545
930;31166061
931;31199577
932;31233093
933;31266609
934;31300125
935;31333641
936;31367157
937;31400673
938;31434189
939;31467705
940;31501221
941;31534737
942;31568253
943;31601769
944;31635285
945;31668801
946;31702317
947;31735833
948;31769349
949;31802865
950;31836381
951;31869897
952;31903413
953;31936929
954;31970445
955;32003961
956;32037477
957;32070993
958;32104509
959;32138025
960;32171541
961;32205057
962;32238573
963;32272089
964;32305605
965;32339121
966;32372637
967;32406153
968;32439669
969;32473185
970;32506701
971;32540217
972;32573733
973;32607249
974;32640765
975;32674281
976;32707797
977;32741313
978;32774829
979;32808345
980;32841861
981;32875377
982;32908893
983;32942409
984;32975925
985;33009441
986;33042957
987;33076473
988;33109989
989;33143505
990;33177021
991;33210537
992;33244053
993;33277569
994;33311085
995;33344601
996;33378117
997;33411633
998;33445149
999;33478665
1000;33512181
1001;33545697
1002;33579213
1003;33612729
1004;33646245
1005;33679761
1006;33713277
1007;33746793
1008;33780309
1009;33813825
1010;33847341
1011;33880857
1012;33914373
1013;33947889
1014;33981405
1015;34014921
1016;34048437
1017;34081953
1018;34115469
1019;34148985
1020;34182501
1021;34216017
1022;34249533
1023;34283049
1024;34316565
1025;34350081
1026;34383597
1027;34417113
1028;34450629
1029;34484145
1030;34517661
1031;34551177
1032;34584693
1033;34618209
1034;34651725
1035;34685241
1036;34718757
1037;34752273
1038;34785789
1039;34819305
1040;34852821
1041;34886337
1042;34919853
1043;34953369
1044;34986885
1045;35020401
1046;35053917
1047;35087433
1048;35120949
1049;35154465
1050;35187981
1051;35221497
1052;35255013
1053;35288529
1054;35322045
1055;35355561
1056;35389077
1057;35422593
1058;35456109
1059;35489625
1060;35523141
1061;35556657
1062;35590173
1063;35623689
1064;35657205
1065;35690721
1066;35724237
1067;35757753
1068;35791269
1069;35824785
1070;35858301
1071;35891817
1072;35925333
1073;35958849
1074;35992365
1075;36025881
1076;36059397
1077;36092913
1078;36126429
1079;36159945
1080;36193461
1081;36226977
1082;36260493
1083;36294009
1084;36327525
1085;36361041
1086;36394557
1087;36428073
1088;36461589
1089;36495105
1090;36528621
1091;36562137
1092;36595653
1093;36629169
1094;36662685
1095;36696201
1096;36729717
1097;36763233
1098;36796749
1099;36830265
1100;36863781
1101;36897297
1102;36930813
1103;36964329
1104;36997845
1105;37031361
1106;37064877
1107;37098393
1108;37131909
1109;37165425
1110;37198941
1111;37232457
1112;37265973
1113;37299489
1114;37333005
1115;37366521
1116;37400037
1117;37433553
1118;37467069
1119;37500585
1120;37534101
1121;37567617
1122;37601133
1123;37634649
1124;37668165
1125;37701681
1126;37735197
1127;37768713
1128;37802229
1129;37835745
1130;37869261
1131;37902777
1132;37936293
1133;37969809
1134;38003325
1135;38036841
1136;38070357
1137;38103873
1138;38137389
1139;38170905
1140;38204421
1141;38237937
1142;38271453
1143;38304969
1144;38338485
1145;38372001
1146;38405517
1147;38439033
1148;38472549
1149;38506065
1150;38539581
1151;38573097
1152;38606613
1153;38640129
1154;38673645
1155;38707161
1156;38740677
1157;38774193
1158;38807709
1159;38841225
1160;38874741
1161;38908257
1162;38941773
1163;38975289
1164;39008805
1165;39042321
1166;39075837
1167;39109353
1168;39142869
1169;39176385
1170;39209901
1171;39243417
1172;39276933
1173;39310449
1174;39343965
1175;39377481
1176;39410997
1177;39444513
1178;39478029
1179;39511545
1180;39545061
1181;39578577
1182;39612093
1183;39645609
1184;39679125
1185;39712641
1186;39746157
1187;39779673
1188;39813189
1189;39846705
1190;39880221
1191;39913737
1192;39947253
1193;39980769
1194;40014285
1195;40047801
1196;40081317
1197;40114833
1198;40148349
1199;40181865
1200;40215381
1201;40248897
1202;40282413
1203;40315929
1204;40349445
1205;40382961
1206;40416477
1207;40449993
1208;40483509
1209;40517025
1210;40550541
1211;40584057
1212;40617573
1213;40651089
1214;40684605
1215;40718121
1216;40751637
1217;40785153
1218;40818669
1219;40852185
1220;40885701
1221;40919217
1222;40952733
1223;40986249
1224;41019765
1225;41053281
1226;41086797
1227;41120313
1228;41153829
1229;41187345
1230;41220861
1231;41254377
1232;41287893
1233;41321409
1234;41354925
1235;41388441
1236;41421957
1237;41455473
1238;41488989
1239;41522505
1240;41556021
1241;41589537
1242;41623053
1243;41656569
1244;41690085
1245;41723601
1246;41757117
1247;41790633
1248;41824149
1249;41857665
1250;41891181
1251;41924697
1252;41958213
1253;41991729
1254;42025245
1255;42058761
1256;42092277
1257;42125793
1258;42159309
1259;42192825
1260;42226341
1261;42259857
1262;42293373
1263;42393921
1264;42427437
1265;42460953
1266;42494469
1267;42527985
1268;42561501
1269;42595017
1270;42628533
1271;42662049
1272;42695565
1273;42729081
1274;42762597
1275;42796113
1276;42829629
1277;42863145
1278;42896661
1279;42930177
1280;42963693
1281;42997209
1282;43030725
1283;43064241
1284;43097757
1285;43131273
1286;43164789
1287;43198305
1288;43231821
1289;43265337
1290;43298853
1291;43332369
1292;43365885
1293;43399401
1294;43432917
1295;43466433
1296;43499949
1297;43533465
1298;43566981
1299;43600497
1300;43634013
1301;43734561
1302;43768077
1303;43801593
1304;43835109
1305;43868625
1306;43902141
1307;43935657
1308;43969173
1309;44002689
1310;44036205
1311;44069721
1312;44103237
1313;44136753
1314;44170269
1315;44203785
1316;44237301
1317;44270817
1318;44304333
1319;44337849
1320;44371365
1321;44404881
1322;44438397
1323;44471913
1324;44505429
1325;44538945
1326;44605977
1327;44639493
1328;44673009
1329;44706525
1330;44740041
1331;44773557
1332;44807073
1333;44840589
1334;44874105
1335;44907621
1336;44941137
1337;44974653
1338;45008169
1339;45041685
1340;45075201
1341;45108717
1342;45142233
1343;45175749
1344;45209265
1345;45242781
1346;45276297
1347;45309813
1348;45343329
1349;45376845
1350;45410361
1351;45443877
1352;45477393
1353;45510909
1354;45544425
1355;45577941
1356;45611457
1357;45644973
1358;45678489
1359;45712005
1360;45745521
1361;45779037
1362;45812553
1363;45846069
1364;45879585
1365;45913101
1366;45946617
1367;45980133
1368;46013649
1369;46047165
1370;46080681
1371;46114197
1372;46147713
1373;46181229
1374;46214745
1375;46248261
1376;46281777
1377;46315293
1378;46348809
1379;46382325
1380;46415841
1381;46449357
1382;46482873
1383;46516389
1384;46549905
1385;46583421
1386;46616937
1387;46650453
1388;46683969
1389;46717485
1390;46751001
1391;46784517
1392;46818033
1393;46851549
1394;46885065
1395;46918581
1396;46952097
1397;46985613
1398;47019129
1399;47052645
1400;47086161
1401;47119677
1402;47153193
1403;47186709
1404;47220225
1405;47253741
1406;47287257
1407;47320773
1408;47354289
1409;47387805
1410;47421321
1411;47454837
1412;47488353
1413;47521869
1414;47555385
1415;47588901
1416;47622417
1417;47655933
1418;47689449
1419;47722965
1420;47756481
1421;47789997
1422;47823513
1423;47857029
1424;47890545
1425;47924061
1426;47957577
1427;47991093
1428;48024609
1429;48058125
1430;48091641
1431;48125157
1432;48158673
1433;48192189
1434;48225705
1435;48259221
1436;48292737
1437;48326253
1438;48359769
1439;48393285
1440;48426801
1441;48460317
1442;48493833
1443;48527349
1444;48560865
1445;48594381
1446;48627897
1447;48661413
1448;48694929
1449;48728445
1450;48761961
1451;48795477
1452;48828993
1453;48862509
1454;48896025
1455;48929541
1456;48963057
1457;48996573
1458;49030089
1459;49063605
1460;49097121
1461;49130637
1462;49164153
1463;49197669
1464;49231185
1465;49264701
1466;49298217
1467;49331733
1468;49365249
1469;49398765
1470;49432281
1471;49465797
1472;49499313
1473;49532829
1474;49566345
1475;49599861
1476;49633377
1477;49666893
1478;49700409
1479;49733925
1480;49767441
1481;49800957
1482;49834473
1483;49867989
1484;49901505
1485;49935021
1486;49968537
1487;50002053
1488;50035569
1489;50069085
1490;50102601
1491;50136117
1492;50169633
1493;50203149
1494;50236665
1495;50270181
1496;50303697
1497;50337213
1498;50370729
1499;50404245
1500;50437761
1501;50471277
1502;50504793
1503;50538309
1504;50571825
1505;50605341
1506;50638857
1507;50672373
1508;50705889
1509;50739405
1510;50772921
1511;50806437
1512;50839953
1513;50873469
1514;50906985
1515;50940501
1516;50974017
1517;51007533
1518;51041049
1519;51074565
1520;51108081
1521;51141597
1522;51175113
1523;51208629
1524;51242145
1525;51275661
1526;51309177
1527;51342693
1528;51376209
1529;51409725
1530;51443241
1531;51476757
1532;51510273
1533;51543789
1534;51577305
1535;51610821
1536;51644337
1537;51677853
1538;51711369
1539;51744885
1540;51778401
1541;51811917
1542;51845433
1543;51878949
1544;51912465
1545;51945981
1546;51979497
1547;52013013
1548;52046529
1549;52080045
1550;52113561
1551;52147077
1552;52180593
1553;52214109
1554;52247625
1555;52281141
1556;52314657
1557;52348173
1558;52381689
1559;52415205
1560;52448721
1561;52482237
1562;52515753
1563;52549269
1564;52582785
1565;52616301
1566;52649817
1567;52683333
1568;52716849
1569;52750365
1570;52783881
1571;52817397
1572;52850913
1573;52884429
1574;52917945
1575;52951461
1576;52984977
1577;53018493
1578;53052009
1579;53085525
1580;53119041
1581;53152557
1582;53186073
1583;53219589
1584;53253105
1585;53286621
1586;53320137
1587;53353653
1588;53387169
1589;53420685
1590;53454201
1591;53487717
1592;53521233
1593;53554749
1594;53588265
1595;53621781
1596;53655297
1597;53688813
1598;53722329
1599;53755845
1600;53789361
1601;53822877
1602;53856393
1603;53889909
1604;53923425
1605;53956941
1606;53990457
1607;54023973
1608;54057489
1609;54091005
1610;54124521
1611;54158037
1612;54191553
1613;54225069
1614;54258585
1615;54292101
1616;54325617
1617;54359133
1618;54392649
1619;54426165
1620;54459681
1621;54493197
1622;54526713
1623;54560229
1624;54593745
1625;54627261
1626;54660777
1627;54694293
1628;54727809
1629;54761325
1630;54794841
1631;54828357
1632;54861873
1633;54895389
1634;54928905
1635;54962421
1636;54995937
1637;55029453
1638;55062969
1639;55096485
1640;55130001
1641;55163517
1642;55197033
1643;55230549
1644;55264065
1645;55297581
1646;55331097
1647;55364613
1648;55398129
1649;55431645
1650;55465161
1651;55498677
1652;55532193
1653;55565709
1654;55599225
1655;55632741
1656;55666257
1657;55699773
1658;55733289
1659;55766805
1660;55800321
1661;55833837
1662;55867353
1663;55900869
1664;55934385
1665;55967901
1666;56001417
1667;56034933
1668;56068449
1669;56101965
1670;56135481
1671;56168997
1672;56202513
1673;56236029
1674;56269545
1675;56303061
1676;56336577
1677;56370093
1678;56403609
1679;56437125
1680;56470641
1681;56504157
1682;56537673
1683;56571189
1684;56604705
1685;56638221
1686;56671737
1687;56705253
1688;56738769
1689;56772285
1690;56805801
1691;56839317
1692;56872833
1693;56906349
1694;56939865
1695;56973381
1696;57006897
1697;57040413
1698;57073929
1699;57107445
1700;57140961
1701;57174477
1702;57207993
1703;57241509
1704;57275025
1705;57308541
1706;57342057
1707;57375573
1708;57409089
1709;57442605
1710;57476121
1711;57509637
1712;57543153
1713;57576669
1714;57610185
1715;57643701
1716;57677217
1717;57710733
1718;57744249
1719;57777765
1720;57811281
1721;57844797
1722;57878313
1723;57911829
1724;57945345
1725;57978861
1726;58012377
1727;58045893
1728;58079409
1729;58112925
1730;58146441
1731;58179957
1732;58213473
1733;58246989
1734;58280505
1735;58314021
1736;58347537
1737;58381053
1738;58414569
1739;58448085
1740;58481601
1741;58515117
1742;58548633
1743;58582149
1744;58615665
1745;58649181
1746;58682697
1747;58716213
1748;58749729
1749;58783245
1750;58816761
1751;58850277
1752;58883793
1753;58917309
1754;58950825
1755;58984341
1756;59017857
1757;59051373
1758;59084889
1759;59118405
1760;59151921
1761;59185437
1762;59218953
1763;59252469
1764;59285985
1765;59319501
1766;59353017
1767;59386533
1768;59420049
1769;59453565
1770;59487081
1771;59520597
1772;59554113
1773;59587629
1774;59621145
1775;59654661
1776;59688177
1777;59721693
1778;59755209
1779;59788725
1780;59822241
1781;59855757
1782;59889273
1783;59922789
1784;59956305
1785;59989821
1786;60023337
1787;60056853
1788;60090369
1789;60123885
1790;60157401
1791;60190917
1792;60224433
1793;60257949
1794;60291465
1795;60324981
1796;60358497
1797;60392013
1798;60425529
1799;60459045
1800;60492561
1801;60526077
1802;60559593
1803;60593109
1804;60626625
1805;60660141
1806;60693657
1807;60727173
1808;60760689
1809;60794205
1810;60827721
1811;60861237
1812;60894753
1813;60928269
1814;60961785
1815;60995301
1816;61028817
1817;61062333
1818;61095849
1819;61129365
1820;61162881
1821;61196397
1822;61229913
1823;61263429
1824;61296945
1825;61330461
1826;61363977
1827;61397493
1828;61431009
1829;61464525
1830;61498041
1831;61531557
1832;61565073
1833;61598589
1834;61632105
1835;61665621
1836;61699137
1837;61732653
1838;61766169
1839;61799685
1840;61833201
1841;61866717
1842;61900233
1843;61933749
1844;61967265
1845;62000781
1846;62034297
1847;62067813
1848;62101329
1849;62134845
1850;62168361
1851;62201877
1852;62235393
1853;62268909
1854;62302425
1855;62335941
1856;62369457
1857;62402973
1858;62436489
1859;62470005
1860;62503521
1861;62537037
1862;62570553
1863;62604069
1864;62637585
1865;62671101
1866;62704617
1867;62738133
1868;62771649
1869;62805165
1870;62838681
1871;62872197
1872;62905713
1873;62939229
1874;62972745
1875;63006261
1876;63039777
1877;63073293
1878;63106809
1879;63140325
1880;63173841
1881;63207357
1882;63240873
1883;63274389
1884;63307905
1885;63341421
1886;63374937
1887;63408453
1888;63441969
1889;63475485
1890;63509001
1891;63542517
1892;63576033
1893;63609549
1894;63643065
1895;63676581
1896;63710097
1897;63743613
1898;63777129
1899;63810645
1900;63844161
1901;63877677
1902;63911193
1903;63944709
1904;63978225
1905;64011741
1906;64045257
1907;64078773
1908;64112289
1909;64145805
1910;64179321
1911;64212837
1912;64246353
1913;64279869
1914;64313385
1915;64346901
1916;64380417
1917;64413933
1918;64447449
1919;64480965
1920;64514481
1921;64547997
1922;64581513
1923;64615029
1924;64648545
1925;64682061
1926;64715577
1927;64749093
1928;64782609
1929;64816125
1930;64849641
1931;64883157
1932;64916673
1933;64950189
1934;64983705
1935;65017221
1936;65050737
1937;65084253
1938;65117769
1939;65151285
1940;65184801
1941;65218317
1942;65251833
1943;65285349
1944;65318865
1945;65352381
1946;65385897
1947;65419413
1948;65452929
1949;65486445
1950;65519961
1951;65553477
1952;65586993
1953;65620509
1954;65654025
1955;65687541
1956;65721057
1957;65754573
1958;65788089
1959;65821605
1960;65855121
1961;65888637
1962;65922153
1963;65955669
1964;65989185
1965;66022701
1966;66056217
1967;66089733
1968;66123249
1969;66156765
1970;66190281
1971;66223797
1972;66257313
1973;66290829
1974;66324345
1975;66357861
1976;66391377
1977;66424893
1978;66458409
1979;66491925
1980;66525441
1981;66558957
1982;66592473
1983;66625989
1984;66659505
1985;66693021
1986;66726537
1987;66760053
1988;66793569
1989;66827085
1990;66860601
1991;66894117
1992;66927633
1993;66961149
1994;66994665
1995;67028181
1996;67061697
1997;67095213
1998;67128729
1999;67162245
2000;67195761
2001;67229277
2002;67262793
2003;67296309
2004;67329825
2005;67363341
2006;67396857
2007;67430373
2008;67463889
2009;67497405
2010;67530921
2011;67564437
2012;67597953
2013;67631469
2014;67664985
2015;67698501
2016;67732017
2017;67765533
2018;67799049
2019;67832565
2020;67866081
2021;67899597
2022;67933113
2023;67966629
2024;68000145
2025;68033661
2026;68067177
2027;68100693
2028;68134209
2029;68167725
2030;68201241
2031;68234757
2032;68268273
2033;68301789
2034;68335305
2035;68368821
2036;68402337
2037;68435853
2038;68469369
2039;68502885
2040;68536401
2041;68569917
2042;68603433
2043;68636949
2044;68670465
2045;68703981
2046;68737497
2047;68771013
2048;68804529
2049;68838045
2050;68871561
2051;68905077
2052;68938593
2053;68972109
2054;69005625
2055;69039141
2056;69072657
2057;69106173
2058;69139689
2059;69173205
2060;69206721
2061;69240237
2062;69273753
2063;69307269
2064;69340785
2065;69374301
2066;69407817
2067;69441333
2068;69474849
2069;69508365
2070;69541881
2071;69575397
2072;69608913
2073;69642429
2074;69675945
2075;69709461
2076;69742977
2077;69776493
2078;69810009
2079;69843525
2080;69877041
2081;69910557
2082;69944073
2083;69977589
2084;70011105
2085;70044621
2086;70078137
2087;70111653
2088;70145169
2089;70178685
2090;70212201
2091;70245717
2092;70279233
2093;70312749
2094;70346265
2095;70379781
2096;70413297
2097;70446813
2098;70480329
2099;70513845
2100;70547361
2101;70580877
2102;70614393
2103;70647909
2104;70681425
2105;70714941
2106;70748457
2107;70781973
2108;70815489
2109;70849005
2110;70882521
2111;70916037
2112;70949553
2113;70983069
2114;71016585
2115;71050101
2116;71083617
2117;71117133
2118;71150649
2119;71184165
2120;71217681
2121;71251197
2122;71284713
2123;71318229
2124;71351745
2125;71385261
2126;71418777
2127;71452293
2128;71485809
2129;71519325
2130;71552841
2131;71586357
2132;71619873
2133;71653389
2134;71686905
2135;71720421
2136;71753937
2137;71787453
2138;71820969
2139;71854485
2140;71888001
2141;71921517
2142;71955033
2143;71988549
2144;72022065
2145;72055581
2146;72089097
2147;72122613
2148;72156129
2149;72189645
2150;72223161
2151;72256677
2152;72290193
2153;72323709
2154;72357225
2155;72390741
2156;72424257
2157;72457773
2158;72491289
2159;72524805
2160;72558321
2161;72591837
2162;72625353
2163;72658869
2164;72692385
2165;72725901
2166;72759417
2167;72792933
2168;72826449
2169;72859965
2170;72893481
2171;72926997
2172;72960513
2173;72994029
2174;73027545
2175;73061061
2176;73094577
2177;73128093
2178;73161609
2179;73195125
2180;73228641
2181;73262157
2182;73295673
2183;73329189
2184;73362705
2185;73396221
2186;73429737
2187;73463253
2188;73496769
2189;73530285
2190;73563801
2191;73597317
2192;73630833
2193;73664349
2194;73697865
2195;73731381
2196;73764897
2197;73798413
2198;73831929
2199;73865445
2200;73898961
2201;73932477
2202;73965993
2203;73999509
2204;74033025
2205;74066541
2206;74100057
2207;74133573
2208;74167089
2209;74200605
2210;74234121
2211;74267637
2212;74301153
2213;74334669
2214;74368185
2215;74401701
2216;74435217
2217;74468733
2218;74502249
2219;74535765
2220;74569281
2221;74602797
2222;74636313
2223;74669829
2224;74703345
2225;74736861
2226;74770377
2227;74803893
2228;74837409
2229;74870925
2230;74904441
2231;74937957
2232;74971473
2233;75004989
2234;75038505
2235;75072021
2236;75105537
2237;75139053
2238;75172569
2239;75206085
2240;75239601
2241;75273117
2242;75306633
2243;75340149
2244;75373665
2245;75407181
2246;75440697
2247;75474213
2248;75507729
2249;75541245
2250;75574761
2251;75608277
2252;75641793
2253;75675309
2254;75708825
2255;75742341
2256;75775857
2257;75809373
2258;75842889
2259;75876405
2260;75909921
2261;75943437
2262;75976953
2263;76010469
2264;76043985
2265;76077501
2266;76111017
2267;76144533
2268;76178049
2269;76211565
2270;76245081
2271;76278597
2272;76312113
2273;76345629
2274;76379145
2275;76412661
2276;76446177
2277;76479693
2278;76513209
2279;76546725
2280;76580241
2281;76613757
2282;76647273
2283;76680789
2284;76714305
2285;76747821
2286;76781337
2287;76814853
2288;76848369
2289;76881885
2290;76915401
2291;76948917
2292;76982433
2293;77015949
2294;77049465
2295;77082981
2296;77116497
2297;77150013
2298;77183529
2299;77217045
2300;77250561
2301;77284077
2302;77317593
2303;77351109
2304;77384625
2305;77418141
2306;77451657
2307;77485173
2308;77518689
2309;77552205
2310;77585721
2311;77619237
2312;77652753
2313;77686269
2314;77719785
2315;77753301
2316;77786817
2317;77820333
2318;77853849
2319;77887365
2320;77920881
2321;77954397
2322;77987913
2323;78021429
2324;78155493
2325;78189009
2326;78222525
2327;78256041
2328;78289557
2329;78323073
2330;78356589
2331;78390105
2332;78423621
2333;78457137
2334;78490653
2335;78524169
2336;78557685
2337;78591201
2338;78624717
2339;78658233
2340;78691749
2341;78725265
2342;78758781
2343;78792297
2344;78825813
2345;78859329
2346;78892845
2347;78926361
2348;78959877
2349;78993393
2350;79026909
2351;79060425
2352;79093941
2353;79127457
2354;79160973
2355;79194489
2356;79228005
2357;79261521
2358;79295037
2359;79328553
2360;79362069
2361;79395585
2362;79429101
2363;79462617
2364;79496133
2365;79529649
2366;79563165
2367;79596681
2368;79630197
2369;79663713
2370;79697229
2371;79730745
2372;79764261
2373;79797777
2374;79831293
2375;79864809
2376;79898325
2377;79931841
2378;79965357
2379;79998873
2380;80032389
2381;80065905
2382;80099421
2383;80132937
2384;80166453
2385;80199969
2386;80233485
2387;80267001
2388;80300517
2389;80334033
2390;80367549
2391;80401065
2392;80434581
2393;80468097
2394;80501613
2395;80535129
2396;80568645
2397;80602161
2398;80635677
2399;80669193
2400;80702709
2401;80736225
2402;80769741
2403;80803257
2404;80836773
2405;80870289
2406;80903805
2407;80937321
2408;80970837
2409;81004353
2410;81037869
2411;81071385
2412;81104901
2413;81138417
2414;81171933
2415;81205449
2416;81238965
2417;81272481
2418;81305997
2419;81339513
2420;81373029
2421;81406545
2422;81440061
2423;81473577
2424;81507093
2425;81540609
2426;81574125
2427;81607641
2428;81641157
2429;81674673
2430;81708189
2431;81741705
2432;81775221
2433;81808737
2434;81842253
2435;81875769
2436;81909285
2437;81942801
2438;81976317
2439;82009833
2440;82043349
2441;82076865
2442;82110381
2443;82143897
2444;82177413
2445;82210929
2446;82244445
2447;82277961
2448;82311477
2449;82344993
2450;82378509
2451;82412025
2452;82445541
2453;82479057
2454;82512573
2455;82546089
2456;82579605
2457;82613121
2458;82646637
2459;82680153
2460;82713669
2461;82747185
2462;82780701
2463;82814217
2464;82847733
2465;82881249
2466;82914765
2467;82948281
2468;82981797
2469;83015313
2470;83048829
2471;83082345
2472;83115861
2473;83149377
2474;83182893
2475;83216409
2476;83249925
2477;83283441
2478;83316957
2479;83350473
2480;83383989
2481;83417505
2482;83451021
2483;83484537
2484;83518053
2485;83551569
2486;83585085
2487;83618601
2488;83652117
2489;83685633
2490;83719149
2491;83752665
2492;83786181
2493;83819697
2494;83853213
2495;83886729
2496;83920245
2497;83953761
2498;83987277
2499;84020793
2500;84054309
2501;84087825
2502;84121341
2503;84154857
2504;84188373
2505;84221889
2506;84255405
2507;84288921
2508;84322437
2509;84355953
2510;84389469
2511;84422985
2512;84456501
2513;84490017
2514;84523533
2515;84557049
2516;84590565
2517;84624081
2518;84657597
2519;84691113
2520;84724629
2521;84758145
2522;84791661
2523;84825177
2524;84858693
2525;84892209
2526;84925725
2527;84959241
2528;84992757
2529;85026273
2530;85059789
2531;85093305
2532;85126821
2533;85160337
2534;85193853
2535;85227369
2536;85260885
2537;85294401
2538;85327917
2539;85361433
2540;85394949
2541;85428465
2542;85461981
2543;85495497
2544;85529013
2545;85562529
2546;85596045
2547;85629561
2548;85663077
2549;85696593
2550;85730109
2551;85763625
2552;85797141
2553;85830657
2554;85864173
2555;85897689
2556;85931205
2557;85964721
2558;85998237
2559;86031753
2560;86065269
2561;86098785
2562;86132301
2563;86165817
2564;86199333
2565;86232849
2566;86266365
2567;86299881
2568;86333397
2569;86366913
2570;86400429
2571;86433945
2572;86467461
2573;86500977
2574;86534493
2575;86568009
2576;86601525
2577;86635041
2578;86668557
2579;86702073
2580;86735589
2581;86769105
2582;86802621
2583;86836137
2584;86869653
2585;86903169
2586;86936685
2587;86970201
2588;87003717
2589;87037233
2590;87070749
2591;87104265
2592;87137781
2593;87171297
2594;87204813
2595;87238329
2596;87271845
2597;87305361
2598;87338877
2599;87372393
2600;87405909
2601;87439425
2602;87472941
2603;87506457
2604;87539973
2605;87573489
2606;87607005
2607;87640521
2608;87674037
2609;87707553
2610;87741069
2611;87774585
2612;87808101
2613;87841617
2614;87875133
2615;87908649
2616;87942165
2617;87975681
2618;88009197
2619;88042713
2620;88076229
2621;88109745
2622;88143261
2623;88176777
2624;88210293
2625;88243809
2626;88277325
2627;88310841
2628;88344357
2629;88377873
2630;88411389
2631;88444905
2632;88478421
2633;88511937
2634;88545453
2635;88578969
2636;88612485
2637;88646001
2638;88679517
2639;88713033
2640;88746549
2641;88780065
2642;88813581
2643;88847097
2644;88880613
2645;88914129
2646;88947645
2647;88981161
2648;89014677
2649;89048193
2650;89081709
2651;89115225
2652;89148741
2653;89182257
2654;89215773
2655;89249289
2656;89282805
2657;89316321
2658;89349837
2659;89383353
2660;89416869
2661;89450385
2662;89483901
2663;89517417
2664;89550933
2665;89584449
2666;89617965
2667;89651481
2668;89684997
2669;89718513
2670;89752029
2671;89785545
2672;89819061
2673;89852577
2674;89886093
2675;89919609
2676;89953125
2677;89986641
2678;90020157
2679;90053673
2680;90087189
2681;90120705
2682;90154221
2683;90187737
2684;90221253
2685;90254769
2686;90288285
2687;90321801
2688;90355317
2689;90388833
2690;90422349
2691;90455865
2692;90489381
2693;90522897
2694;90556413
2695;90589929
2696;90623445
2697;90656961
2698;90690477
2699;90723993
2700;90757509
2701;90791025
2702;90824541
2703;90858057
2704;90891573
2705;90925089
2706;90958605
2707;90992121
2708;91025637
2709;91059153
2710;91092669
2711;91126185
2712;91159701
2713;91193217
2714;91226733
2715;91260249
2716;91293765
2717;91327281
2718;91360797
2719;91394313
2720;91427829
2721;91461345
2722;91494861
2723;91528377
2724;91561893
2725;91595409
2726;91628925
2727;91662441
2728;91695957
2729;91729473
2730;91762989
2731;91796505
2732;91830021
2733;91863537
2734;91897053
2735;91930569
2736;91964085
2737;91997601
2738;92031117
2739;92064633
2740;92098149
2741;92131665
2742;92165181
2743;92198697
2744;92232213
2745;92265729
2746;92299245
2747;92332761
2748;92366277
2749;92399793
2750;92433309
2751;92466825
2752;92500341
2753;92533857
2754;92567373
2755;92600889
2756;92634405
2757;92667921
2758;92701437
2759;92734953
2760;92768469
2761;92801985
2762;92835501
2763;92869017
2764;92902533
2765;92936049
2766;92969565
2767;93003081
2768;93036597
2769;93070113
2770;93103629
2771;93137145
2772;93170661
2773;93204177
2774;93237693
2775;93271209
2776;93304725
2777;93338241
2778;93371757
2779;93405273
2780;93438789
2781;93472305
2782;93505821
2783;93539337
2784;93572853
2785;93606369
2786;93639885
2787;93673401
2788;93706917
2789;93740433
2790;93773949
2791;93807465
2792;93840981
2793;93874497
2794;93908013
2795;93941529
2796;93975045
2797;94008561
2798;94042077
2799;94075593
2800;94109109
2801;94142625
2802;94176141
2803;94209657
2804;94243173
2805;94276689
2806;94310205
2807;94343721
2808;94377237
2809;94410753
2810;94444269
2811;94477785
2812;94511301
2813;94544817
2814;94578333
2815;94611849
2816;94645365
2817;94678881
2818;94712397
2819;94745913
2820;94779429
2821;94812945
2822;94846461
2823;94879977
2824;94913493
2825;94947009
2826;94980525
2827;95014041
2828;95047557
2829;95081073
2830;95114589
2831;95148105
2832;95181621
2833;95215137
2834;95248653
2835;95282169
2836;95315685
2837;95349201
2838;95382717
2839;95416233
2840;95449749
2841;95483265
2842;95516781
2843;95550297
2844;95583813
2845;95617329
2846;95650845
2847;95684361
2848;95717877
2849;95751393
2850;95784909
2851;95818425
2852;95851941
2853;95885457
2854;95918973
2855;95952489
2856;95986005
2857;96019521
2858;96053037
2859;96086553
2860;96120069
2861;96153585
2862;96187101
2863;96220617
2864;96254133
2865;96287649
2866;96321165
2867;96354681
2868;96388197
2869;96421713
2870;96455229
2871;96488745
2872;96522261
2873;96555777
2874;96589293
2875;96622809
2876;96656325
2877;96689841
2878;96723357
2879;96756873
2880;96790389
2881;96823905
2882;96857421
2883;96890937
2884;96924453
2885;96957969
2886;96991485
2887;97025001
2888;97058517
2889;97092033
2890;97125549
2891;97159065
2892;97192581
2893;97226097
2894;97259613
2895;97293129
2896;97326645
2897;97360161
2898;97393677
2899;97427193
2900;97460709
2901;97494225
2902;97527741
2903;97561257
2904;97594773
2905;97628289
2906;97661805
2907;97695321
2908;97728837
2909;97762353
2910;97795869
2911;97829385
2912;97862901
2913;97896417
2914;97929933
2915;97963449
2916;97996965
2917;98030481
2918;98063997
2919;98097513
2920;98131029
2921;98164545
2922;98198061
2923;98231577
2924;98265093
2925;98298609
2926;98332125
2927;98365641
2928;98399157
2929;98432673
2930;98466189
2931;98499705
2932;98533221
2933;98566737
2934;98600253
2935;98633769
2936;98667285
2937;98700801
2938;98734317
2939;98767833
2940;98801349
2941;98834865
2942;98868381
2943;98901897
2944;98935413
2945;98968929
2946;99002445
2947;99035961
2948;99069477
2949;99102993
2950;99136509
2951;99170025
2952;99203541
2953;99237057
2954;99270573
2955;99304089
2956;99337605
2957;99371121
2958;99404637
2959;99438153
2960;99471669
2961;99505185
2962;99538701
2963;99572217
2964;99605733
2965;99639249
2966;99672765
2967;99706281
2968;99739797
2969;99773313
2970;99806829
2971;99840345
2972;99873861
2973;99907377
2974;99940893
2975;99974409
2976;100007925
2977;100041441
2978;100074957
2979;100108473
2980;100141989
2981;100175505
2982;100209021
2983;100242537
2984;100276053
2985;100309569
2986;100343085
2987;100376601
2988;100410117
2989;100443633
2990;100477149
2991;100510665
2992;100544181
2993;100577697
2994;100611213
2995;100644729
2996;100678245
2997;100711761
2998;100745277
2999;100778793
3000;100812309
3001;100845825
3002;100879341
3003;100912857
3004;100946373
3005;100979889
3006;101013405
3007;101046921
3008;101080437
3009;101113953
3010;101147469
3011;101180985
3012;101214501
3013;101248017
3014;101281533
3015;101315049
3016;101348565
3017;101382081
3018;101415597
3019;101449113
3020;101482629
3021;101516145
3022;101549661
