1;0
2;63213
3;96729
4;130245
5;163761
6;197277
7;230793
8;264309
9;297825
10;331341
11;364857
12;398373
13;431889
14;465405
15;498921
16;532437
17;565953
18;599469
19;632985
20;666501
21;700017
22;733533
23;767049
24;800565
25;834081
26;867597
27;901113
28;934629
29;968145
30;1001661
31;1035177
32;1068693
33;1102209
34;1135725
35;1169241
36;1202757
37;1236273
38;1269789
39;1303305
40;1336821
41;1370337
42;1403853
43;1437369
44;1470885
45;1504401
46;1537917
47;1571433
48;1604949
49;1638465
50;1671981
51;1705497
52;1739013
53;1772529
54;1806045
55;1839561
56;1873077
57;1906593
58;1940109
59;1973625
60;2007141
61;2040657
62;2074173
63;2107689
64;2141205
65;2174721
66;2208237
67;2241753
68;2275269
69;2308785
70;2342301
71;2375817
72;2409333
73;2442849
74;2476365
75;2509881
76;2543397
77;2576913
78;2610429
79;2643945
80;2677461
81;2710977
82;2744493
83;2778009
84;2811525
85;2845041
86;2878557
87;2912073
88;2945589
89;2979105
90;3012621
91;3046137
92;3079653
93;3113169
94;3146685
95;3180201
96;3213717
97;3247233
98;3280749
99;3314265
100;3347781
101;3381297
102;3414813
103;3448329
104;3481845
105;3515361
106;3548877
107;3582393
108;3615909
109;3649425
110;3682941
111;3716457
112;3749973
113;3783489
114;3817005
115;3850521
116;3884037
117;3917553
118;3951069
119;3984585
120;4018101
121;4051617
122;4085133
123;4118649
124;4152165
125;4185681
126;4219197
127;4252713
128;4286229
129;4319745
130;4353261
131;4386777
132;4420293
133;4453809
134;4487325
135;4520841
136;4554357
137;4587873
138;4621389
139;4654905
140;4688421
141;4721937
142;4755453
143;4788969
144;4822485
145;4856001
146;4889517
147;4923033
148;4956549
149;4990065
150;5023581
151;5057097
152;5090613
153;5124129
154;5157645
155;5191161
156;5224677
157;5258193
158;5291709
159;5325225
160;5358741
161;5392257
162;5425773
163;5459289
164;5492805
165;5526321
166;5559837
167;5593353
168;5626869
169;5660385
170;5693901
171;5727417
172;5760933
173;5794449
174;5827965
175;5861481
176;5894997
177;5928513
178;5962029
179;5995545
180;6029061
181;6062577
182;6096093
183;6129609
184;6163125
185;6196641
186;6230157
187;6263673
188;6297189
189;6330705
190;6364221
191;6397737
192;6431253
193;6464769
194;6498285
195;6531801
196;6565317
197;6598833
198;6632349
199;6665865
200;6699381
201;6732897
202;6766413
203;6799929
204;6833445
205;6866961
206;6900477
207;6933993
208;6967509
209;7001025
210;7034541
211;7068057
212;7101573
213;7135089
214;7168605
215;7202121
216;7235637
217;7269153
218;7302669
219;7336185
220;7369701
221;7403217
222;7436733
223;7470249
224;7503765
225;7537281
226;7570797
227;7604313
228;7637829
229;7671345
230;7704861
231;7738377
232;7771893
233;7805409
234;7838925
235;7872441
236;7905957
237;7939473
238;7972989
239;8006505
240;8040021
241;8073537
242;8107053
243;8140569
244;8174085
245;8207601
246;8241117
247;8274633
248;8308149
249;8341665
250;8375181
251;8408697
252;8442213
253;8475729
254;8509245
255;8542761
256;8576277
257;8609793
258;8643309
259;8676825
260;8710341
261;8743857
262;8777373
263;8810889
264;8844405
265;8877921
266;8911437
267;8944953
268;8978469
269;9011985
270;9045501
271;9079017
272;9112533
273;9146049
274;9179565
275;9213081
276;9246597
277;9280113
278;9313629
279;9347145
280;9380661
281;9414177
282;9447693
283;9481209
284;9514725
285;9548241
286;9581757
287;9615273
288;9648789
289;9682305
290;9715821
291;9749337
292;9782853
293;9816369
294;9849885
295;9883401
296;9916917
297;9950433
298;9983949
299;10017465
300;10050981
301;10084497
302;10118013
303;10151529
304;10185045
305;10218561
306;10252077
307;10285593
308;10319109
309;10352625
310;10386141
311;10419657
312;10453173
313;10486689
314;10520205
315;10553721
316;10587237
317;10620753
318;10654269
319;10687785
320;10721301
321;10754817
322;10788333
323;10821849
324;10855365
325;10888881
326;10922397
327;10955913
328;10989429
329;11022945
330;11056461
331;11089977
332;11123493
333;11157009
334;11190525
335;11224041
336;11257557
337;11291073
338;11324589
339;11358105
340;11391621
341;11425137
342;11458653
343;11492169
344;11525685
345;11559201
346;11592717
347;11626233
348;11659749
349;11693265
350;11726781
351;11760297
352;11793813
353;11827329
354;11860845
355;11894361
356;11927877
357;11961393
358;11994909
359;12028425
360;12061941
361;12095457
362;12128973
363;12162489
364;12196005
365;12229521
366;12263037
367;12296553
368;12330069
369;12363585
370;12397101
371;12430617
372;12464133
373;12497649
374;12531165
375;12564681
376;12598197
377;12631713
378;12665229
379;12698745
380;12732261
381;12765777
382;12799293
383;12832809
384;12866325
385;12899841
386;12933357
387;12966873
388;13000389
389;13033905
390;13067421
391;13100937
392;13134453
393;13167969
394;13201485
395;13235001
396;13268517
397;13302033
398;13335549
399;13369065
400;13402581
401;13436097
402;13469613
403;13503129
404;13536645
405;13570161
406;13603677
407;13637193
408;13670709
409;13704225
410;13737741
411;13771257
412;13804773
413;13838289
414;13871805
415;13905321
416;13938837
417;13972353
418;14005869
419;14039385
420;14072901
421;14106417
422;14139933
423;14173449
424;14206965
425;14240481
426;14273997
427;14307513
428;14341029
429;14374545
430;14408061
431;14441577
432;14475093
433;14508609
434;14542125
435;14575641
436;14609157
437;14642673
438;14676189
439;14709705
440;14743221
441;14776737
442;14810253
443;14843769
444;14877285
445;14910801
446;14944317
447;14977833
448;15011349
449;15044865
450;15078381
451;15111897
452;15145413
453;15178929
454;15212445
455;15245961
456;15279477
457;15312993
458;15346509
459;15380025
460;15413541
461;15447057
462;15480573
463;15514089
464;15547605
465;15581121
466;15614637
467;15648153
468;15681669
469;15715185
470;15748701
471;15782217
472;15815733
473;15849249
474;15882765
475;15916281
476;15949797
477;15983313
478;16016829
479;16050345
480;16083861
481;16117377
482;16150893
483;16184409
484;16217925
485;16251441
486;16284957
487;16318473
488;16351989
489;16385505
490;16419021
491;16452537
492;16486053
493;16519569
494;16553085
495;16586601
496;16620117
497;16653633
498;16687149
499;16720665
500;16754181
501;16787697
502;16821213
503;16854729
504;16888245
505;16921761
506;16955277
507;16988793
508;17022309
509;17055825
510;17089341
511;17122857
512;17156373
513;17189889
514;17223405
515;17256921
516;17290437
517;17323953
518;17357469
519;17390985
520;17424501
521;17458017
522;17491533
523;17525049
524;17558565
525;17592081
526;17625597
527;17659113
528;17692629
529;17726145
530;17759661
531;17793177
532;17826693
533;17860209
534;17893725
535;17927241
536;17960757
537;17994273
538;18027789
539;18061305
540;18094821
541;18128337
542;18161853
543;18195369
544;18228885
545;18262401
546;18295917
547;18329433
548;18362949
549;18396465
550;18429981
551;18463497
552;18497013
553;18530529
554;18564045
555;18597561
556;18631077
557;18664593
558;18698109
559;18731625
560;18765141
561;18798657
562;18832173
563;18865689
564;18899205
565;18932721
566;18966237
567;18999753
568;19033269
569;19066785
570;19100301
571;19133817
572;19167333
573;19200849
574;19234365
575;19267881
576;19301397
577;19334913
578;19368429
579;19401945
580;19435461
581;19468977
582;19502493
583;19536009
584;19569525
585;19603041
586;19636557
587;19670073
588;19703589
589;19737105
590;19770621
591;19804137
592;19837653
593;19871169
594;19904685
595;19938201
596;19971717
597;20005233
598;20038749
599;20072265
600;20105781
601;20139297
602;20172813
603;20206329
604;20239845
605;20273361
606;20306877
607;20340393
608;20373909
609;20407425
610;20440941
611;20474457
612;20507973
613;20541489
614;20575005
615;20608521
616;20642037
617;20675553
618;20709069
619;20742585
620;20776101
621;20809617
622;20843133
623;20876649
624;20910165
625;20943681
626;20977197
627;21010713
628;21044229
629;21077745
630;21111261
631;21144777
632;21178293
633;21211809
634;21245325
635;21278841
636;21312357
637;21345873
638;21379389
639;21412905
640;21446421
641;21479937
642;21513453
643;21546969
644;21580485
645;21614001
646;21647517
647;21681033
648;21714549
649;21748065
650;21781581
651;21815097
652;21848613
653;21882129
654;21915645
655;21949161
656;21982677
657;22016193
658;22049709
659;22083225
660;22116741
661;22150257
662;22183773
663;22217289
664;22250805
665;22284321
666;22317837
667;22351353
668;22384869
669;22418385
670;22451901
671;22485417
672;22518933
673;22552449
674;22585965
675;22619481
676;22652997
677;22686513
678;22720029
679;22753545
680;22787061
681;22820577
682;22854093
683;22887609
684;22921125
685;22954641
686;22988157
687;23021673
688;23055189
689;23088705
690;23122221
691;23155737
692;23189253
693;23222769
694;23256285
695;23289801
696;23323317
697;23356833
698;23390349
699;23423865
700;23457381
701;23490897
702;23524413
703;23557929
704;23591445
705;23624961
706;23658477
707;23691993
708;23725509
709;23759025
710;23792541
711;23826057
712;23859573
713;23893089
714;23926605
715;23960121
716;23993637
717;24027153
718;24060669
719;24094185
720;24127701
721;24161217
722;24194733
723;24228249
724;24261765
725;24295281
726;24328797
727;24362313
728;24395829
729;24429345
730;24462861
731;24496377
732;24529893
733;24563409
734;24596925
735;24630441
736;24663957
737;24697473
738;24730989
739;24764505
740;24798021
741;24831537
742;24865053
743;24898569
744;24932085
745;24965601
746;24999117
747;25032633
748;25066149
749;25099665
750;25133181
751;25166697
752;25200213
753;25233729
754;25267245
755;25300761
756;25334277
757;25367793
758;25401309
759;25434825
760;25468341
761;25501857
762;25535373
763;25568889
764;25602405
765;25635921
766;25669437
767;25702953
768;25736469
769;25769985
770;25803501
771;25837017
772;25870533
773;25904049
774;25937565
775;25971081
776;26004597
777;26038113
778;26071629
779;26105145
780;26138661
781;26172177
782;26205693
783;26239209
784;26272725
785;26306241
786;26339757
787;26373273
788;26406789
789;26440305
790;26473821
791;26507337
792;26540853
793;26574369
794;26607885
795;26641401
796;26674917
797;26708433
798;26741949
799;26775465
800;26808981
801;26842497
802;26876013
803;26909529
804;26943045
805;26976561
806;27010077
807;27043593
808;27077109
809;27110625
810;27144141
811;27177657
812;27211173
813;27244689
814;27278205
815;27311721
816;27345237
817;27378753
818;27412269
819;27445785
820;27479301
821;27512817
822;27546333
823;27579849
824;27613365
825;27646881
826;27680397
827;27713913
828;27747429
829;27780945
830;27814461
831;27847977
832;27881493
833;27915009
834;27948525
835;27982041
836;28015557
837;28049073
838;28082589
839;28116105
840;28149621
841;28183137
842;28216653
843;28250169
844;28283685
845;28317201
846;28350717
847;28384233
848;28417749
849;28451265
850;28484781
851;28518297
852;28551813
853;28585329
854;28618845
855;28652361
856;28685877
857;28719393
858;28752909
859;28786425
860;28819941
861;28853457
862;28886973
863;28920489
864;28954005
865;28987521
866;29021037
867;29054553
868;29088069
869;29121585
870;29155101
871;29188617
872;29222133
873;29255649
874;29289165
875;29322681
876;29356197
877;29389713
878;29423229
879;29456745
880;29490261
881;29523777
882;29557293
883;29590809
884;29624325
885;29657841
886;29691357
887;29724873
888;29758389
889;29791905
890;29825421
891;29858937
892;29892453
893;29925969
894;29959485
895;29993001
896;30026517
897;30060033
898;30093549
899;30127065
900;30160581
901;30194097
902;30227613
903;30261129
904;30294645
905;30328161
906;30361677
907;30395193
908;30428709
909;30462225
910;30495741
911;30529257
912;30562773
913;30596289
914;30629805
915;30663321
916;30696837
917;30730353
918;30763869
919;30797385
920;30830901
921;30864417
922;30897933
923;30931449
924;30964965
925;30998481
926;31031997
927;31065513
928;31099029
929;31132545
930;31166061
931;31199577
932;31233093
933;31266609
934;31300125
935;31333641
936;31367157
937;31400673
938;31434189
939;31467705
940;31501221
941;31534737
942;31568253
943;31601769
944;31635285
945;31668801
946;31702317
947;31735833
948;31769349
949;31802865
950;31836381
951;31869897
952;31903413
953;31936929
954;31970445
955;32003961
956;32037477
957;32070993
958;32104509
959;32138025
960;32171541
961;32205057
962;32238573
963;32272089
964;32305605
965;32339121
966;32372637
967;32406153
968;32439669
969;32473185
970;32506701
971;32540217
972;32573733
973;32607249
974;32640765
975;32674281
976;32707797
977;32741313
978;32774829
979;32808345
980;32841861
981;32875377
982;32908893
983;32942409
984;32975925
985;33009441
986;33042957
987;33076473
988;33109989
989;33143505
990;33177021
991;33210537
992;33244053
993;33277569
994;33311085
995;33344601
996;33378117
997;33411633
998;33445149
999;33478665
1000;33512181
1001;33545697
1002;33579213
1003;33612729
1004;33646245
1005;33679761
1006;33713277
1007;33746793
1008;33780309
1009;33813825
1010;33847341
1011;33880857
1012;33914373
1013;33947889
1014;33981405
1015;34014921
1016;34048437
1017;34081953
1018;34115469
1019;34148985
1020;34182501
1021;34216017
1022;34249533
1023;34283049
1024;34316565
1025;34350081
1026;34383597
1027;34417113
1028;34450629
1029;34484145
1030;34517661
1031;34551177
1032;34584693
1033;34618209
1034;34651725
1035;34685241
1036;34718757
1037;34752273
1038;34785789
1039;34819305
1040;34852821
1041;34886337
1042;34919853
1043;34953369
1044;34986885
1045;35020401
1046;35053917
1047;35087433
1048;35120949
1049;35154465
1050;35187981
1051;35221497
1052;35255013
1053;35288529
1054;35322045
1055;35355561
1056;35389077
1057;35422593
1058;35456109
1059;35489625
1060;35523141
1061;35556657
1062;35590173
1063;35623689
1064;35657205
1065;35690721
1066;35724237
1067;35757753
1068;35791269
1069;35824785
1070;35858301
1071;35891817
1072;35925333
1073;35958849
1074;35992365
1075;36025881
1076;36059397
1077;36092913
1078;36126429
1079;36159945
1080;36193461
1081;36226977
1082;36260493
1083;36294009
1084;36327525
1085;36361041
1086;36394557
1087;36428073
1088;36461589
1089;36495105
1090;36528621
1091;36562137
1092;36595653
1093;36629169
1094;36662685
1095;36696201
1096;36729717
1097;36763233
1098;36796749
1099;36830265
1100;36863781
1101;36897297
1102;36930813
1103;36964329
1104;36997845
1105;37031361
1106;37064877
1107;37098393
1108;37131909
1109;37165425
1110;37198941
1111;37232457
1112;37265973
1113;37299489
1114;37333005
1115;37366521
1116;37400037
1117;37433553
1118;37467069
1119;37500585
1120;37534101
1121;37567617
1122;37601133
1123;37634649
1124;37668165
1125;37701681
1126;37735197
1127;37768713
1128;37802229
1129;37835745
1130;37869261
1131;37902777
1132;37936293
1133;37969809
1134;38003325
1135;38036841
1136;38070357
1137;38103873
1138;38137389
1139;38170905
1140;38204421
1141;38237937
1142;38271453
1143;38304969
1144;38338485
1145;38372001
1146;38405517
1147;38439033
1148;38472549
1149;38506065
1150;38539581
1151;38573097
1152;38606613
1153;38640129
1154;38673645
1155;38707161
1156;38740677
1157;38774193
1158;38807709
1159;38841225
1160;38874741
1161;38908257
1162;38941773
1163;38975289
1164;39008805
1165;39042321
1166;39075837
1167;39109353
1168;39142869
1169;39176385
1170;39209901
1171;39243417
1172;39276933
1173;39310449
1174;39343965
1175;39377481
1176;39410997
1177;39444513
1178;39478029
1179;39511545
1180;39545061
1181;39578577
1182;39612093
1183;39645609
1184;39679125
1185;39712641
1186;39746157
1187;39779673
1188;39813189
1189;39846705
1190;39880221
1191;39913737
1192;39947253
1193;39980769
1194;40014285
1195;40047801
1196;40081317
1197;40114833
1198;40148349
1199;40181865
1200;40215381
1201;40248897
1202;40282413
1203;40315929
1204;40349445
1205;40382961
1206;40416477
1207;40449993
1208;40483509
1209;40517025
1210;40550541
1211;40584057
1212;40617573
1213;40651089
1214;40684605
1215;40718121
1216;40751637
1217;40785153
1218;40885701
1219;40919217
1220;40952733
1221;40986249
1222;41019765
1223;41053281
1224;41086797
1225;41120313
1226;41153829
1227;41187345
1228;41220861
1229;41254377
1230;41287893
1231;41321409
1232;41354925
1233;41388441
1234;41421957
1235;41455473
1236;41488989
1237;41522505
1238;41556021
1239;41589537
1240;41623053
1241;41656569
1242;41690085
1243;41723601
1244;41757117
1245;41790633
1246;41824149
1247;41857665
1248;41891181
1249;41924697
1250;41958213
1251;41991729
1252;42025245
1253;42058761
1254;42092277
1255;42125793
1256;42159309
1257;42192825
1258;42226341
1259;42259857
1260;42293373
1261;42326889
1262;42360405
1263;42393921
1264;42427437
1265;42460953
1266;42494469
1267;42527985
1268;42561501
1269;42595017
1270;42628533
1271;42662049
1272;42695565
1273;42729081
1274;42762597
1275;42796113
1276;42829629
1277;42863145
1278;42896661
1279;42930177
1280;42963693
1281;42997209
1282;43030725
1283;43064241
1284;43097757
1285;43131273
1286;43164789
1287;43198305
1288;43231821
1289;43265337
1290;43298853
1291;43332369
1292;43365885
1293;43399401
1294;43432917
1295;43466433
1296;43499949
1297;43533465
1298;43566981
1299;43600497
1300;43634013
1301;43667529
1302;43701045
1303;43734561
1304;43768077
1305;43801593
1306;43835109
1307;43868625
1308;43902141
1309;43935657
1310;43969173
1311;44002689
1312;44036205
1313;44069721
1314;44103237
1315;44136753
1316;44170269
1317;44203785
1318;44237301
1319;44270817
1320;44304333
1321;44337849
1322;44371365
1323;44404881
1324;44438397
1325;44471913
1326;44505429
1327;44538945
1328;44572461
1329;44605977
1330;44639493
1331;44673009
1332;44706525
1333;44740041
1334;44773557
1335;44807073
1336;44840589
1337;44874105
1338;44907621
1339;44941137
1340;44974653
1341;45008169
1342;45041685
1343;45075201
1344;45108717
1345;45142233
1346;45175749
1347;45209265
1348;45242781
1349;45276297
1350;45309813
1351;45343329
1352;45376845
1353;45410361
1354;45443877
1355;45477393
1356;45510909
1357;45544425
1358;45577941
1359;45611457
1360;45644973
1361;45678489
1362;45712005
1363;45745521
1364;45779037
1365;45812553
1366;45846069
1367;45879585
1368;45913101
1369;45946617
1370;45980133
1371;46013649
1372;46047165
1373;46080681
1374;46114197
1375;46147713
1376;46181229
1377;46214745
1378;46248261
1379;46281777
1380;46315293
1381;46348809
1382;46382325
1383;46415841
1384;46449357
1385;46482873
1386;46516389
1387;46549905
1388;46583421
1389;46616937
1390;46650453
1391;46683969
1392;46717485
1393;46751001
1394;46784517
1395;46818033
1396;46851549
1397;46885065
1398;46918581
1399;46952097
1400;46985613
1401;47019129
1402;47052645
1403;47086161
1404;47119677
1405;47153193
1406;47186709
1407;47220225
1408;47253741
1409;47287257
1410;47320773
1411;47354289
1412;47387805
1413;47421321
1414;47454837
1415;47488353
1416;47521869
1417;47555385
1418;47588901
1419;47622417
1420;47655933
1421;47689449
1422;47722965
1423;47756481
1424;47789997
1425;47823513
1426;47857029
1427;47890545
1428;47924061
1429;47957577
1430;47991093
1431;48024609
1432;48058125
1433;48091641
1434;48125157
1435;48158673
1436;48192189
1437;48225705
1438;48259221
1439;48292737
1440;48326253
1441;48359769
1442;48393285
1443;48426801
1444;48460317
1445;48493833
1446;48527349
1447;48560865
1448;48594381
1449;48627897
1450;48661413
1451;48694929
1452;48728445
1453;48761961
1454;48795477
1455;48828993
1456;48862509
1457;48896025
1458;48929541
1459;48963057
1460;48996573
1461;49030089
1462;49063605
1463;49097121
1464;49130637
1465;49164153
1466;49197669
1467;49231185
1468;49264701
1469;49298217
1470;49331733
1471;49365249
1472;49398765
1473;49432281
1474;49465797
1475;49499313
1476;49532829
1477;49566345
1478;49599861
1479;49633377
1480;49666893
1481;49700409
1482;49733925
1483;49767441
1484;49800957
1485;49834473
1486;49867989
1487;49901505
1488;49935021
1489;49968537
1490;50002053
1491;50035569
1492;50069085
1493;50102601
1494;50136117
1495;50169633
1496;50203149
1497;50236665
1498;50270181
1499;50303697
1500;50337213
1501;50370729
1502;50404245
1503;50437761
1504;50471277
1505;50504793
1506;50538309
1507;50571825
1508;50605341
1509;50638857
1510;50672373
1511;50705889
1512;50739405
1513;50772921
1514;50806437
1515;50839953
1516;50873469
1517;50906985
1518;50940501
1519;50974017
1520;51007533
1521;51041049
1522;51074565
1523;51108081
1524;51141597
1525;51175113
1526;51208629
1527;51242145
1528;51275661
1529;51309177
1530;51342693
1531;51376209
1532;51409725
1533;51443241
1534;51476757
1535;51510273
1536;51543789
1537;51577305
1538;51610821
1539;51644337
1540;51677853
1541;51711369
1542;51744885
1543;51778401
1544;51811917
1545;51845433
1546;51878949
1547;51912465
1548;51945981
1549;51979497
1550;52013013
1551;52046529
1552;52080045
1553;52113561
1554;52147077
1555;52180593
1556;52214109
1557;52247625
1558;52281141
1559;52314657
1560;52348173
1561;52381689
1562;52415205
1563;52448721
1564;52482237
1565;52515753
1566;52549269
1567;52582785
1568;52616301
1569;52649817
1570;52683333
1571;52716849
1572;52750365
1573;52783881
1574;52817397
1575;52850913
1576;52884429
1577;52917945
1578;52951461
1579;52984977
1580;53018493
1581;53052009
1582;53085525
1583;53119041
1584;53152557
1585;53186073
1586;53219589
1587;53253105
1588;53286621
1589;53320137
1590;53353653
1591;53387169
1592;53420685
1593;53454201
1594;53487717
1595;53521233
1596;53554749
1597;53588265
1598;53621781
1599;53655297
1600;53688813
1601;53722329
1602;53755845
1603;53789361
1604;53822877
1605;53856393
1606;53889909
1607;53923425
1608;53956941
1609;53990457
1610;54023973
1611;54057489
1612;54091005
1613;54124521
1614;54158037
1615;54191553
1616;54225069
1617;54258585
1618;54292101
1619;54325617
1620;54359133
1621;54392649
1622;54426165
1623;54459681
1624;54493197
1625;54526713
1626;54560229
1627;54593745
1628;54627261
1629;54660777
1630;54694293
1631;54727809
1632;54761325
1633;54794841
1634;54828357
1635;54861873
1636;54895389
1637;54928905
1638;54962421
1639;54995937
1640;55029453
1641;55062969
1642;55096485
1643;55130001
1644;55163517
1645;55197033
1646;55230549
1647;55264065
1648;55297581
1649;55331097
1650;55364613
1651;55398129
1652;55431645
1653;55465161
1654;55498677
1655;55532193
1656;55565709
1657;55599225
1658;55632741
1659;55666257
1660;55699773
1661;55733289
1662;55766805
1663;55800321
1664;55833837
1665;55867353
1666;55900869
1667;55934385
1668;55967901
1669;56001417
1670;56034933
1671;56068449
1672;56101965
1673;56135481
1674;56168997
1675;56202513
1676;56236029
1677;56269545
1678;56303061
1679;56336577
1680;56370093
1681;56403609
1682;56437125
1683;56470641
1684;56504157
1685;56537673
1686;56571189
1687;56604705
1688;56638221
1689;56671737
1690;56705253
1691;56738769
1692;56772285
1693;56805801
1694;56839317
1695;56872833
1696;56906349
1697;56939865
1698;56973381
1699;57006897
1700;57040413
1701;57073929
1702;57107445
1703;57140961
1704;57174477
1705;57207993
1706;57241509
1707;57275025
1708;57308541
1709;57342057
1710;57375573
1711;57409089
1712;57442605
1713;57476121
1714;57509637
1715;57543153
1716;57576669
1717;57610185
1718;57643701
1719;57677217
1720;57710733
1721;57744249
1722;57777765
1723;57811281
1724;57844797
1725;57878313
1726;57911829
1727;57945345
1728;57978861
1729;58012377
1730;58045893
1731;58079409
1732;58112925
1733;58146441
1734;58179957
1735;58213473
1736;58246989
1737;58280505
1738;58314021
1739;58347537
1740;58381053
1741;58414569
1742;58448085
1743;58481601
1744;58515117
1745;58548633
1746;58582149
1747;58615665
1748;58649181
1749;58682697
1750;58716213
1751;58749729
1752;58783245
1753;58816761
1754;58850277
1755;58883793
1756;58917309
1757;58950825
1758;58984341
1759;59017857
1760;59051373
1761;59084889
1762;59118405
1763;59151921
1764;59185437
1765;59218953
1766;59252469
1767;59285985
1768;59319501
1769;59353017
1770;59386533
1771;59420049
1772;59453565
1773;59487081
1774;59520597
1775;59554113
1776;59587629
1777;59621145
1778;59654661
1779;59688177
1780;59721693
1781;59755209
1782;59788725
1783;59822241
1784;59855757
1785;59889273
1786;59922789
1787;59956305
1788;59989821
1789;60023337
1790;60056853
1791;60090369
1792;60123885
1793;60157401
1794;60190917
1795;60224433
1796;60257949
1797;60291465
1798;60324981
1799;60358497
1800;60392013
1801;60425529
1802;60459045
1803;60492561
1804;60526077
1805;60559593
1806;60593109
1807;60626625
1808;60660141
1809;60693657
1810;60727173
1811;60760689
1812;60794205
1813;60827721
1814;60861237
1815;60894753
1816;60928269
1817;60961785
1818;60995301
1819;61028817
1820;61062333
1821;61095849
1822;61129365
1823;61162881
1824;61196397
1825;61229913
1826;61263429
1827;61296945
1828;61330461
1829;61363977
1830;61397493
1831;61431009
1832;61464525
1833;61498041
1834;61531557
1835;61565073
1836;61598589
1837;61632105
1838;61665621
1839;61699137
1840;61732653
1841;61766169
1842;61799685
1843;61833201
1844;61866717
1845;61900233
1846;61933749
1847;61967265
1848;62000781
1849;62034297
1850;62067813
1851;62101329
1852;62134845
1853;62168361
1854;62201877
1855;62235393
1856;62268909
1857;62302425
1858;62335941
1859;62369457
1860;62402973
1861;62436489
1862;62470005
1863;62503521
1864;62537037
1865;62570553
1866;62604069
1867;62637585
1868;62671101
1869;62704617
1870;62738133
1871;62771649
1872;62805165
1873;62838681
1874;62872197
1875;62905713
1876;62939229
1877;62972745
1878;63006261
1879;63039777
1880;63073293
1881;63106809
1882;63140325
1883;63173841
1884;63207357
1885;63240873
1886;63274389
1887;63307905
1888;63341421
1889;63374937
1890;63408453
1891;63441969
1892;63475485
1893;63509001
1894;63542517
1895;63576033
1896;63609549
1897;63643065
1898;63676581
1899;63710097
1900;63743613
1901;63777129
1902;63810645
1903;63844161
1904;63877677
1905;63911193
1906;63944709
1907;63978225
1908;64011741
1909;64045257
1910;64078773
1911;64112289
1912;64145805
1913;64179321
1914;64212837
1915;64246353
1916;64279869
1917;64313385
1918;64346901
1919;64380417
1920;64413933
1921;64447449
1922;64480965
1923;64514481
1924;64547997
1925;64581513
1926;64615029
1927;64648545
1928;64682061
1929;64715577
1930;64749093
1931;64782609
1932;64816125
1933;64849641
1934;64883157
1935;64916673
1936;64950189
1937;64983705
1938;65017221
1939;65050737
1940;65084253
1941;65117769
1942;65151285
1943;65184801
1944;65218317
1945;65251833
1946;65285349
1947;65318865
1948;65352381
1949;65385897
1950;65419413
1951;65452929
1952;65486445
1953;65519961
1954;65553477
1955;65586993
1956;65620509
1957;65654025
1958;65687541
1959;65721057
1960;65754573
1961;65788089
1962;65821605
1963;65855121
1964;65888637
1965;65922153
1966;65955669
1967;65989185
1968;66022701
1969;66056217
1970;66089733
1971;66123249
1972;66156765
1973;66190281
1974;66223797
1975;66257313
1976;66290829
1977;66324345
1978;66357861
1979;66391377
1980;66424893
1981;66458409
1982;66491925
1983;66525441
1984;66558957
1985;66592473
1986;66625989
1987;66659505
1988;66693021
1989;66726537
1990;66760053
1991;66793569
1992;66827085
1993;66860601
1994;66894117
1995;66927633
1996;66961149
1997;66994665
1998;67028181
1999;67061697
2000;67095213
2001;67128729
2002;67162245
2003;67195761
2004;67229277
2005;67262793
2006;67296309
2007;67329825
2008;67363341
2009;67396857
2010;67430373
2011;67463889
2012;67497405
2013;67530921
2014;67564437
2015;67597953
2016;67631469
2017;67664985
2018;67698501
2019;67732017
2020;67765533
2021;67799049
2022;67832565
2023;67866081
2024;67899597
2025;67933113
2026;67966629
2027;68000145
2028;68033661
2029;68067177
2030;68100693
2031;68134209
2032;68167725
2033;68201241
2034;68234757
2035;68268273
2036;68301789
2037;68335305
2038;68368821
2039;68402337
2040;68435853
2041;68469369
2042;68502885
2043;68536401
2044;68569917
2045;68603433
2046;68636949
2047;68670465
2048;68703981
2049;68737497
2050;68771013
2051;68804529
2052;68838045
2053;68871561
2054;68905077
2055;68938593
2056;68972109
2057;69005625
2058;69039141
2059;69072657
2060;69106173
2061;69139689
2062;69173205
2063;69206721
2064;69240237
2065;69273753
2066;69307269
2067;69340785
2068;69374301
2069;69407817
2070;69441333
2071;69474849
2072;69508365
2073;69541881
2074;69575397
2075;69608913
2076;69642429
2077;69675945
2078;69709461
2079;69742977
2080;69776493
2081;69810009
2082;69843525
2083;69877041
2084;69910557
2085;69944073
2086;69977589
2087;70011105
2088;70044621
2089;70078137
2090;70111653
2091;70145169
2092;70178685
2093;70212201
2094;70245717
2095;70279233
2096;70312749
2097;70346265
2098;70379781
2099;70413297
2100;70446813
2101;70480329
2102;70513845
2103;70547361
2104;70580877
2105;70614393
2106;70647909
2107;70681425
2108;70714941
2109;70748457
2110;70781973
2111;70815489
2112;70849005
2113;70882521
2114;70916037
2115;70949553
2116;70983069
2117;71016585
2118;71050101
2119;71083617
2120;71117133
2121;71150649
2122;71184165
2123;71217681
2124;71251197
2125;71284713
2126;71318229
2127;71351745
2128;71385261
2129;71418777
2130;71452293
2131;71485809
2132;71519325
2133;71552841
2134;71586357
2135;71619873
2136;71653389
2137;71686905
2138;71720421
2139;71753937
2140;71787453
2141;71820969
2142;71854485
2143;71888001
2144;71921517
2145;71955033
2146;71988549
2147;72022065
2148;72055581
2149;72089097
2150;72122613
2151;72156129
2152;72189645
2153;72223161
2154;72256677
2155;72290193
2156;72323709
2157;72357225
2158;72390741
2159;72424257
2160;72457773
2161;72491289
2162;72524805
2163;72558321
2164;72591837
2165;72625353
2166;72658869
2167;72692385
2168;72725901
2169;72759417
2170;72792933
2171;72826449
2172;72859965
2173;72893481
2174;72926997
2175;72960513
2176;72994029
2177;73027545
2178;73061061
2179;73094577
2180;73128093
2181;73161609
2182;73195125
2183;73228641
2184;73262157
2185;73295673
2186;73329189
2187;73362705
2188;73396221
2189;73429737
2190;73463253
2191;73496769
2192;73530285
2193;73563801
2194;73597317
2195;73630833
2196;73664349
2197;73697865
2198;73731381
2199;73764897
2200;73798413
2201;73831929
2202;73865445
2203;73898961
2204;73932477
2205;73965993
2206;73999509
2207;74033025
2208;74066541
2209;74100057
2210;74133573
2211;74167089
2212;74200605
2213;74234121
2214;74267637
2215;74301153
2216;74334669
2217;74368185
2218;74401701
2219;74435217
2220;74468733
2221;74502249
2222;74535765
2223;74569281
2224;74602797
2225;74636313
2226;74669829
2227;74703345
2228;74736861
2229;74770377
2230;74803893
2231;74837409
2232;74870925
2233;74904441
2234;74937957
2235;74971473
2236;75004989
2237;75038505
2238;75072021
2239;75105537
2240;75139053
2241;75172569
2242;75206085
2243;75239601
2244;75273117
2245;75306633
2246;75340149
2247;75373665
2248;75407181
2249;75440697
2250;75474213
2251;75507729
2252;75541245
2253;75574761
2254;75608277
2255;75641793
2256;75675309
2257;75708825
2258;75742341
2259;75775857
2260;75809373
2261;75842889
2262;75876405
2263;75909921
2264;75943437
2265;75976953
2266;76010469
2267;76043985
2268;76077501
2269;76111017
2270;76144533
2271;76178049
2272;76211565
2273;76245081
2274;76278597
2275;76312113
2276;76345629
2277;76379145
2278;76412661
2279;76446177
2280;76479693
2281;76513209
2282;76546725
2283;76580241
2284;76613757
2285;76647273
2286;76680789
2287;76714305
2288;76747821
2289;76781337
2290;76814853
2291;76848369
2292;76881885
2293;76915401
2294;76948917
2295;76982433
2296;77015949
2297;77049465
2298;77082981
2299;77116497
2300;77150013
2301;77183529
2302;77217045
2303;77250561
2304;77284077
2305;77317593
2306;77351109
2307;77384625
2308;77418141
2309;77451657
2310;77485173
2311;77518689
2312;77552205
2313;77585721
2314;77619237
2315;77652753
2316;77686269
2317;77719785
2318;77753301
2319;77786817
2320;77820333
2321;77853849
2322;77887365
2323;77920881
2324;77954397
2325;77987913
2326;78021429
2327;78054945
2328;78088461
2329;78121977
2330;78155493
2331;78189009
2332;78222525
2333;78256041
2334;78289557
2335;78323073
2336;78356589
2337;78390105
2338;78423621
2339;78457137
2340;78490653
2341;78524169
2342;78557685
2343;78591201
2344;78624717
2345;78658233
2346;78691749
2347;78725265
2348;78758781
2349;78792297
2350;78825813
2351;78859329
2352;78892845
2353;78926361
2354;78959877
2355;78993393
2356;79026909
2357;79060425
2358;79093941
2359;79127457
2360;79160973
2361;79194489
2362;79228005
2363;79261521
2364;79295037
2365;79328553
2366;79362069
2367;79395585
2368;79429101
2369;79462617
2370;79496133
2371;79529649
2372;79563165
2373;79596681
2374;79630197
2375;79663713
2376;79697229
2377;79730745
2378;79764261
2379;79797777
2380;79831293
2381;79864809
2382;79898325
2383;79931841
2384;79965357
2385;79998873
2386;80032389
2387;80065905
2388;80099421
2389;80132937
2390;80166453
2391;80199969
2392;80233485
2393;80267001
2394;80300517
2395;80334033
2396;80367549
2397;80401065
2398;80434581
2399;80468097
2400;80501613
2401;80535129
2402;80568645
2403;80602161
2404;80635677
2405;80669193
2406;80702709
2407;80736225
2408;80769741
2409;80803257
2410;80836773
2411;80870289
2412;80903805
2413;80937321
2414;80970837
2415;81004353
2416;81104901
2417;81138417
2418;81171933
2419;81205449
2420;81238965
2421;81272481
2422;81305997
2423;81339513
2424;81373029
2425;81406545
2426;81440061
2427;81473577
2428;81507093
2429;81540609
2430;81574125
2431;81607641
2432;81641157
2433;81674673
2434;81708189
2435;81741705
2436;81775221
2437;81808737
2438;81842253
2439;81875769
2440;81909285
2441;81942801
2442;81976317
2443;82009833
2444;82043349
2445;82076865
2446;82110381
2447;82143897
2448;82177413
2449;82210929
2450;82244445
2451;82277961
2452;82311477
2453;82344993
2454;82378509
2455;82412025
2456;82445541
2457;82479057
2458;82512573
2459;82613121
2460;82646637
2461;82680153
2462;82713669
2463;82814217
2464;82847733
2465;82881249
2466;82914765
2467;82948281
2468;82981797
2469;83015313
2470;83048829
2471;83082345
2472;83115861
2473;83149377
2474;83182893
2475;83216409
2476;83249925
2477;83283441
2478;83316957
2479;83350473
2480;83383989
2481;83417505
2482;83451021
2483;83484537
2484;83518053
2485;83551569
2486;83585085
2487;83618601
2488;83652117
2489;83685633
2490;83719149
2491;83752665
2492;83786181
2493;83819697
2494;83853213
2495;83886729
2496;83920245
2497;83953761
2498;83987277
2499;84020793
2500;84054309
2501;84087825
2502;84121341
2503;84154857
2504;84188373
2505;84221889
2506;84255405
2507;84288921
2508;84322437
2509;84355953
2510;84389469
2511;84422985
2512;84456501
2513;84490017
2514;84523533
2515;84557049
2516;84590565
2517;84624081
2518;84657597
2519;84691113
2520;84724629
2521;84758145
2522;84791661
2523;84825177
2524;84858693
2525;84892209
2526;84925725
2527;84959241
2528;84992757
2529;85026273
2530;85059789
2531;85093305
2532;85126821
2533;85160337
2534;85193853
2535;85227369
2536;85260885
2537;85294401
2538;85327917
2539;85361433
2540;85394949
2541;85428465
2542;85461981
2543;85495497
2544;85529013
2545;85562529
2546;85730109
2547;85763625
2548;85797141
2549;85830657
2550;85864173
2551;85897689
2552;85931205
2553;85964721
2554;85998237
2555;86031753
2556;86065269
2557;86098785
2558;86132301
2559;86165817
2560;86199333
2561;86232849
2562;86266365
2563;86299881
2564;86333397
2565;86366913
2566;86400429
2567;86433945
2568;86467461
2569;86500977
2570;86534493
2571;86568009
2572;86601525
2573;86635041
2574;86668557
2575;86702073
2576;86735589
2577;86769105
2578;86802621
2579;86836137
2580;86869653
2581;86903169
2582;86936685
2583;86970201
2584;87003717
2585;87037233
2586;87070749
2587;87104265
2588;87137781
2589;87171297
2590;87204813
2591;87238329
2592;87271845
2593;87305361
2594;87338877
2595;87372393
2596;87405909
2597;87439425
2598;87472941
2599;87506457
2600;87539973
2601;87573489
2602;87607005
2603;87640521
2604;87674037
2605;87707553
2606;87741069
2607;87774585
2608;87808101
2609;87841617
2610;87875133
2611;87908649
2612;87942165
2613;87975681
2614;88009197
2615;88042713
2616;88076229
2617;88109745
2618;88143261
2619;88176777
2620;88210293
2621;88243809
2622;88277325
2623;88310841
2624;88344357
2625;88377873
2626;88411389
2627;88444905
2628;88478421
2629;88511937
2630;88545453
2631;88578969
2632;88612485
2633;88646001
2634;88679517
2635;88713033
2636;88746549
2637;88780065
2638;88813581
2639;88847097
2640;88880613
2641;88914129
2642;88947645
2643;88981161
2644;89014677
2645;89048193
2646;89081709
2647;89115225
2648;89148741
2649;89182257
2650;89215773
2651;89249289
2652;89282805
2653;89316321
2654;89349837
2655;89383353
2656;89416869
2657;89450385
2658;89483901
2659;89517417
2660;89550933
2661;89584449
2662;89617965
2663;89651481
2664;89684997
2665;89718513
2666;89752029
2667;89785545
2668;89819061
2669;89852577
2670;89886093
2671;89919609
2672;89953125
2673;89986641
2674;90020157
2675;90053673
2676;90087189
2677;90120705
2678;90154221
2679;90187737
2680;90221253
2681;90254769
2682;90288285
2683;90321801
2684;90355317
2685;90388833
2686;90422349
2687;90455865
2688;90489381
2689;90522897
2690;90556413
2691;90589929
2692;90623445
2693;90656961
2694;90690477
2695;90723993
2696;90757509
2697;90791025
2698;90824541
2699;90858057
2700;90891573
2701;90925089
2702;90958605
2703;90992121
2704;91025637
2705;91059153
2706;91092669
2707;91126185
2708;91159701
2709;91193217
2710;91226733
2711;91260249
2712;91293765
2713;91327281
2714;91360797
2715;91394313
2716;91427829
2717;91461345
2718;91494861
2719;91528377
2720;91561893
2721;91595409
2722;91628925
2723;91662441
2724;91695957
2725;91729473
2726;91762989
2727;91796505
2728;91830021
2729;91863537
2730;91897053
2731;91930569
2732;91964085
2733;91997601
2734;92031117
2735;92064633
2736;92098149
2737;92131665
2738;92165181
2739;92198697
2740;92232213
2741;92265729
2742;92299245
2743;92332761
2744;92366277
2745;92399793
2746;92433309
2747;92466825
2748;92500341
2749;92533857
2750;92567373
2751;92600889
2752;92634405
2753;92667921
2754;92701437
2755;92734953
2756;92768469
2757;92801985
2758;92835501
2759;92869017
2760;92902533
2761;92936049
2762;92969565
2763;93003081
2764;93036597
2765;93070113
2766;93103629
2767;93137145
2768;93170661
2769;93204177
2770;93237693
2771;93271209
2772;93304725
2773;93338241
2774;93371757
2775;93405273
2776;93438789
2777;93472305
2778;93505821
2779;93539337
2780;93572853
2781;93606369
2782;93639885
2783;93673401
2784;93706917
2785;93740433
2786;93773949
2787;93807465
2788;93840981
2789;93874497
2790;93908013
2791;93941529
2792;93975045
2793;94008561
2794;94042077
2795;94075593
2796;94109109
2797;94142625
2798;94176141
2799;94209657
2800;94243173
2801;94276689
2802;94310205
2803;94343721
2804;94377237
2805;94410753
2806;94444269
2807;94477785
2808;94511301
2809;94544817
2810;94578333
2811;94611849
2812;94645365
2813;94678881
2814;94712397
2815;94745913
2816;94779429
2817;94812945
2818;94846461
2819;94879977
2820;94913493
2821;94947009
2822;94980525
2823;95014041
2824;95047557
2825;95081073
2826;95114589
2827;95148105
2828;95181621
2829;95215137
2830;95248653
2831;95282169
2832;95315685
2833;95349201
2834;95382717
2835;95416233
2836;95449749
2837;95483265
2838;95516781
2839;95550297
2840;95583813
2841;95617329
2842;95650845
2843;95684361
2844;95717877
2845;95751393
