1;0
2;63213
3;96729
4;130245
5;163761
6;197277
7;230793
8;264309
9;297825
10;331341
11;364857
12;398373
13;431889
14;465405
15;498921
16;532437
17;565953
18;599469
19;632985
20;666501
21;700017
22;733533
23;767049
24;800565
25;834081
26;867597
27;901113
28;934629
29;968145
30;1001661
31;1035177
32;1068693
33;1102209
34;1135725
35;1169241
36;1202757
37;1236273
38;1269789
39;1303305
40;1336821
41;1370337
42;1403853
43;1437369
44;1470885
45;1504401
46;1537917
47;1571433
48;1604949
49;1638465
50;1671981
51;1705497
52;1739013
53;1772529
54;1806045
55;1839561
56;1873077
57;1906593
58;1940109
59;1973625
60;2007141
61;2040657
62;2074173
63;2107689
64;2141205
65;2174721
66;2208237
67;2241753
68;2275269
69;2308785
70;2342301
71;2375817
72;2409333
73;2442849
74;2476365
75;2509881
76;2543397
77;2576913
78;2610429
79;2643945
80;2677461
81;2710977
82;2744493
83;2778009
84;2811525
85;2845041
86;2878557
87;2912073
88;2945589
89;2979105
90;3012621
91;3046137
92;3079653
93;3113169
94;3146685
95;3180201
96;3213717
97;3247233
98;3280749
99;3314265
100;3347781
101;3381297
102;3414813
103;3448329
104;3481845
105;3515361
106;3548877
107;3582393
108;3615909
109;3649425
110;3682941
111;3716457
112;3749973
113;3783489
114;3817005
115;3850521
116;3884037
117;3917553
118;3951069
119;3984585
120;4018101
121;4051617
122;4085133
123;4118649
124;4152165
125;4185681
126;4219197
127;4252713
128;4286229
129;4319745
130;4353261
131;4386777
132;4420293
133;4453809
134;4487325
135;4520841
136;4554357
137;4587873
138;4621389
139;4654905
140;4688421
141;4721937
142;4755453
143;4788969
144;4822485
145;4856001
146;4889517
147;4923033
148;4956549
149;4990065
150;5023581
151;5057097
152;5090613
153;5124129
154;5157645
155;5191161
156;5224677
157;5258193
158;5291709
159;5325225
160;5358741
161;5392257
162;5425773
163;5459289
164;5492805
165;5526321
166;5559837
167;5593353
168;5626869
169;5660385
170;5693901
171;5727417
172;5760933
173;5794449
174;5827965
175;5861481
176;5894997
177;5928513
178;5962029
179;5995545
180;6029061
181;6062577
182;6096093
183;6129609
184;6163125
185;6196641
186;6230157
187;6263673
188;6297189
189;6330705
190;6364221
191;6397737
192;6431253
193;6464769
194;6498285
195;6531801
196;6565317
197;6598833
198;6632349
199;6665865
200;6699381
201;6732897
202;6766413
203;6799929
204;6833445
205;6866961
206;6900477
207;6933993
208;6967509
209;7001025
210;7034541
211;7068057
212;7101573
213;7135089
214;7168605
215;7202121
216;7235637
217;7269153
218;7302669
219;7336185
220;7369701
221;7403217
222;7436733
223;7470249
224;7503765
225;7537281
226;7570797
227;7604313
228;7637829
229;7671345
230;7704861
231;7738377
232;7771893
233;7805409
234;7838925
235;7872441
236;7905957
237;7939473
238;7972989
239;8006505
240;8040021
241;8073537
242;8107053
243;8140569
244;8174085
245;8207601
246;8241117
247;8274633
248;8308149
249;8341665
250;8375181
251;8408697
252;8442213
253;8475729
254;8509245
255;8542761
256;8576277
257;8609793
258;8643309
259;8676825
260;8710341
261;8743857
262;8777373
263;8810889
264;8844405
265;8877921
266;8911437
267;8944953
268;8978469
269;9011985
270;9045501
271;9079017
272;9112533
273;9146049
274;9179565
275;9213081
276;9246597
277;9280113
278;9313629
279;9347145
280;9380661
281;9414177
282;9447693
283;9481209
284;9514725
285;9548241
286;9581757
287;9615273
288;9648789
289;9682305
290;9715821
291;9749337
292;9782853
293;9816369
294;9849885
295;9883401
296;9916917
297;9950433
298;9983949
299;10017465
300;10050981
301;10084497
302;10118013
303;10151529
304;10185045
305;10218561
306;10252077
307;10285593
308;10319109
309;10352625
310;10386141
311;10419657
312;10453173
313;10486689
314;10520205
315;10553721
316;10587237
317;10620753
318;10654269
319;10687785
320;10721301
321;10754817
322;10788333
323;10821849
324;10855365
325;10888881
326;10922397
327;10955913
328;10989429
329;11022945
330;11056461
331;11089977
332;11123493
333;11157009
334;11190525
335;11224041
336;11257557
337;11291073
338;11324589
339;11358105
340;11391621
341;11425137
342;11458653
343;11492169
344;11525685
345;11559201
346;11592717
347;11626233
348;11659749
349;11693265
350;11726781
351;11760297
352;11793813
353;11827329
354;11860845
355;11894361
356;11927877
357;11961393
358;11994909
359;12028425
360;12061941
361;12095457
362;12128973
363;12162489
364;12196005
365;12229521
366;12263037
367;12296553
368;12330069
369;12363585
370;12397101
371;12430617
372;12464133
373;12497649
374;12531165
375;12564681
376;12598197
377;12631713
378;12665229
379;12698745
380;12732261
381;12765777
382;12799293
383;12832809
384;12866325
385;12899841
386;12933357
387;12966873
388;13000389
389;13033905
390;13067421
391;13100937
392;13134453
393;13167969
394;13201485
395;13235001
396;13268517
397;13302033
398;13335549
399;13369065
400;13402581
401;13436097
402;13469613
403;13503129
404;13536645
405;13570161
406;13603677
407;13637193
408;13670709
409;13704225
410;13737741
411;13771257
412;13804773
413;13838289
414;13871805
415;13905321
416;13938837
417;13972353
418;14005869
419;14039385
420;14072901
421;14106417
422;14139933
423;14173449
424;14206965
425;14240481
426;14273997
427;14307513
428;14341029
429;14374545
430;14408061
431;14441577
432;14475093
433;14508609
434;14542125
435;14575641
436;14609157
437;14642673
438;14676189
439;14709705
440;14743221
441;14776737
442;14810253
443;14843769
444;14877285
445;14910801
446;14944317
447;14977833
448;15011349
449;15044865
450;15078381
451;15111897
452;15145413
453;15178929
454;15212445
455;15245961
456;15279477
457;15312993
458;15346509
459;15480573
460;15581121
461;15882765
462;15916281
463;15949797
464;15983313
465;16016829
466;16050345
467;16083861
468;16117377
469;16150893
470;16184409
471;16217925
472;16251441
473;16284957
474;16318473
475;16351989
476;16385505
477;16419021
478;16452537
479;16486053
480;16519569
481;16553085
482;16586601
483;16620117
484;16653633
485;16687149
486;16720665
487;16754181
488;16787697
489;16821213
490;16854729
491;16888245
492;16921761
493;16955277
494;16988793
495;17022309
496;17055825
497;17089341
498;17122857
499;17156373
500;17189889
501;17223405
502;17256921
503;17290437
504;17323953
505;17357469
506;17390985
507;17424501
508;17458017
509;17491533
510;17525049
511;17558565
512;17592081
513;17625597
514;17659113
515;17692629
516;17726145
517;17759661
518;17793177
519;17826693
520;17860209
521;17893725
522;17927241
523;17960757
524;17994273
525;18027789
526;18061305
527;18094821
528;18128337
529;18161853
530;18195369
531;18228885
532;18262401
533;18295917
534;18329433
535;18362949
536;18396465
537;18429981
538;18463497
539;18497013
540;18530529
541;18564045
542;18597561
543;18631077
544;18664593
545;18698109
546;18731625
547;18765141
548;18798657
549;18832173
550;18865689
551;18899205
552;18932721
553;18966237
554;18999753
555;19033269
556;19066785
557;19100301
558;19133817
559;19167333
560;19200849
561;19234365
562;19267881
563;19301397
564;19334913
565;19368429
566;19401945
567;19435461
568;19468977
569;19502493
570;19536009
571;19569525
572;19603041
573;19636557
574;19670073
575;19703589
576;19737105
577;19770621
578;19804137
579;19837653
580;19871169
581;19904685
582;19938201
583;19971717
584;20005233
585;20038749
586;20072265
587;20105781
588;20139297
589;20172813
590;20206329
591;20239845
592;20273361
593;20306877
594;20340393
595;20373909
596;20407425
597;20440941
598;20474457
599;20507973
600;20541489
601;20575005
602;20608521
603;20642037
604;20675553
605;20709069
606;20742585
607;20776101
608;20809617
609;20843133
610;20876649
611;20910165
612;20943681
613;20977197
614;21010713
615;21044229
616;21077745
617;21111261
618;21144777
619;21178293
620;21211809
621;21245325
622;21278841
623;21312357
624;21345873
625;21379389
626;21412905
627;21446421
628;21479937
629;21513453
630;21546969
631;21580485
632;21614001
633;21647517
634;21681033
635;21714549
636;21748065
637;21781581
638;21815097
639;21848613
640;21882129
641;21915645
642;21949161
643;21982677
644;22016193
645;22049709
646;22083225
647;22116741
648;22150257
649;22183773
650;22217289
651;22250805
652;22284321
653;22317837
654;22351353
655;22384869
656;22418385
657;22451901
658;22485417
659;22518933
660;22552449
661;22585965
662;22619481
663;22652997
664;22686513
665;22720029
666;22753545
667;22787061
668;22820577
669;22854093
670;22887609
671;22921125
672;22954641
673;22988157
674;23021673
675;23055189
676;23088705
677;23122221
678;23155737
679;23189253
680;23222769
681;23256285
682;23289801
683;23323317
684;23356833
685;23390349
686;23423865
687;23457381
688;23490897
689;23524413
690;23557929
691;23591445
692;23624961
693;23658477
694;23691993
695;23725509
696;23759025
697;23792541
698;23826057
699;23859573
700;23893089
701;23926605
702;23960121
703;23993637
704;24027153
705;24060669
706;24094185
707;24127701
708;24161217
709;24194733
710;24228249
711;24261765
712;24295281
713;24328797
714;24362313
715;24395829
716;24429345
717;24462861
718;24496377
719;24529893
720;24563409
721;24596925
722;24630441
723;24663957
724;24697473
725;24730989
726;24764505
727;24798021
728;24831537
729;24865053
730;24898569
731;24932085
732;24965601
733;24999117
734;25032633
735;25066149
736;25099665
737;25133181
738;25166697
739;25200213
740;25233729
741;25267245
742;25300761
743;25334277
744;25367793
745;25401309
746;25434825
747;25468341
748;25501857
749;25535373
750;25568889
751;25602405
752;25635921
753;25669437
754;25702953
755;25736469
756;25769985
757;25803501
758;25837017
759;25870533
760;25904049
761;25937565
762;25971081
763;26004597
764;26038113
765;26071629
766;26105145
767;26138661
768;26172177
769;26205693
770;26239209
771;26272725
772;26306241
773;26339757
774;26373273
775;26406789
776;26440305
777;26473821
778;26507337
779;26540853
780;26574369
781;26607885
782;26641401
783;26674917
784;26708433
785;26741949
786;26775465
787;26808981
788;26842497
789;26876013
790;26909529
791;26943045
792;26976561
793;27010077
794;27043593
795;27077109
796;27110625
797;27144141
798;27177657
799;27211173
800;27244689
801;27278205
802;27311721
803;27345237
804;27378753
805;27412269
806;27445785
807;27479301
808;27512817
809;27546333
810;27579849
811;27613365
812;27646881
813;27680397
814;27713913
815;27747429
816;27780945
817;27814461
818;27847977
819;27881493
820;27915009
821;27948525
822;27982041
823;28015557
824;28049073
825;28082589
826;28116105
827;28149621
828;28183137
829;28216653
830;28250169
831;28283685
832;28317201
833;28350717
834;28384233
835;28417749
836;28451265
837;28484781
838;28518297
839;28551813
840;28585329
841;28618845
842;28652361
843;28685877
844;28719393
845;28752909
846;28786425
847;28819941
848;28853457
849;28886973
850;28920489
851;28954005
852;28987521
853;29021037
854;29054553
855;29088069
856;29121585
857;29155101
858;29188617
859;29222133
860;29255649
861;29289165
862;29322681
863;29356197
864;29389713
865;29423229
866;29456745
867;29490261
868;29523777
869;29557293
870;29590809
871;29624325
872;29657841
873;29691357
874;29724873
875;29758389
876;29791905
877;29825421
878;29858937
879;29892453
880;29925969
881;29959485
882;29993001
883;30026517
884;30060033
885;30093549
886;30127065
887;30160581
888;30194097
889;30227613
890;30261129
891;30294645
892;30328161
893;30361677
894;30395193
895;30428709
896;30462225
897;30495741
898;30529257
899;30562773
900;30596289
901;30629805
902;30663321
903;30696837
904;30730353
905;30763869
906;30797385
907;30830901
908;30864417
909;30897933
910;30931449
911;30964965
912;30998481
913;31031997
914;31065513
915;31099029
916;31132545
917;31166061
918;31199577
919;31233093
920;31668801
921;31702317
922;31735833
923;31769349
924;31802865
925;31836381
926;31869897
927;31903413
928;31936929
929;31970445
930;32003961
931;32037477
932;32070993
933;32104509
934;32138025
935;32171541
936;32205057
937;32238573
938;32272089
939;32305605
940;32339121
941;32372637
942;32406153
943;32439669
944;32473185
945;32506701
946;32540217
947;32573733
948;32607249
949;32640765
950;32674281
951;32707797
952;32741313
953;32774829
954;32808345
955;32841861
956;32875377
957;32908893
958;32942409
959;32975925
960;33009441
961;33042957
962;33076473
963;33109989
964;33143505
965;33177021
966;33210537
967;33244053
968;33277569
969;33311085
970;33344601
971;33378117
972;33411633
973;33445149
974;33478665
975;33512181
976;33545697
977;33579213
978;33612729
979;33646245
980;33679761
981;33713277
982;33746793
983;33780309
984;33813825
985;33847341
986;33880857
987;33914373
988;33947889
989;33981405
990;34014921
991;34048437
992;34081953
993;34115469
994;34148985
995;34182501
996;34216017
997;34249533
998;34283049
999;34316565
1000;34350081
1001;34383597
1002;34417113
1003;34450629
1004;34484145
1005;34517661
1006;34551177
1007;34584693
1008;34618209
1009;34651725
1010;34685241
1011;34718757
1012;34752273
1013;34785789
1014;34819305
1015;34852821
1016;34886337
1017;34919853
1018;34953369
1019;34986885
1020;35020401
1021;35053917
1022;35087433
1023;35120949
1024;35154465
1025;35187981
1026;35221497
1027;35255013
1028;35288529
1029;35322045
1030;35355561
1031;35389077
1032;35422593
1033;35456109
1034;35489625
1035;35523141
1036;35556657
1037;35590173
1038;35623689
1039;35657205
1040;35690721
1041;35724237
1042;35757753
1043;35791269
1044;35824785
1045;35858301
1046;35891817
1047;35925333
1048;35958849
1049;35992365
1050;36025881
1051;36059397
1052;36092913
1053;36126429
1054;36159945
1055;36193461
1056;36226977
1057;36260493
1058;36294009
1059;36327525
1060;36361041
1061;36394557
1062;36428073
1063;36461589
1064;36495105
1065;36528621
1066;36562137
1067;36595653
1068;36629169
1069;36662685
1070;36696201
1071;36729717
1072;36763233
1073;36796749
1074;36830265
1075;36863781
1076;36897297
1077;36930813
1078;36964329
1079;36997845
1080;37031361
1081;37064877
1082;37098393
1083;37131909
1084;37165425
1085;37198941
1086;37232457
1087;37265973
1088;37299489
1089;37333005
1090;37366521
1091;37400037
1092;37433553
1093;37467069
1094;37500585
1095;37534101
1096;37567617
1097;37601133
1098;37634649
1099;37668165
1100;37701681
1101;37735197
1102;37768713
1103;37802229
1104;37835745
1105;37869261
1106;37902777
1107;37936293
1108;37969809
1109;38003325
1110;38036841
1111;38070357
1112;38103873
1113;38137389
1114;38170905
1115;38204421
1116;38237937
1117;38271453
1118;38304969
1119;38338485
1120;38372001
1121;38405517
1122;38439033
1123;38472549
1124;38506065
1125;38539581
1126;38573097
1127;38606613
1128;38640129
1129;38673645
1130;38707161
1131;38740677
1132;38774193
1133;38807709
1134;38841225
1135;38874741
1136;38908257
1137;38941773
1138;38975289
1139;39008805
1140;39042321
1141;39075837
1142;39109353
1143;39142869
1144;39176385
1145;39209901
1146;39243417
1147;39276933
1148;39310449
1149;39343965
1150;39377481
1151;39410997
1152;39444513
1153;39478029
1154;39511545
1155;39545061
1156;39578577
1157;39612093
1158;39645609
1159;39679125
1160;39712641
1161;39746157
1162;39779673
1163;39813189
1164;39846705
1165;39880221
1166;39913737
1167;39947253
1168;39980769
1169;40014285
1170;40047801
1171;40081317
1172;40114833
1173;40148349
1174;40181865
1175;40215381
1176;40248897
1177;40282413
1178;40315929
1179;40349445
1180;40382961
1181;40416477
1182;40449993
1183;40483509
1184;40517025
1185;40550541
1186;40584057
1187;40617573
1188;40651089
1189;40684605
1190;40718121
1191;40751637
1192;40785153
1193;40818669
1194;40852185
1195;40885701
1196;40919217
1197;40952733
1198;40986249
1199;41019765
1200;41053281
1201;41086797
1202;41120313
1203;41153829
1204;41187345
1205;41220861
1206;41254377
1207;41287893
1208;41321409
1209;41354925
1210;41388441
1211;41421957
1212;41455473
1213;41488989
1214;41522505
1215;41556021
1216;41589537
1217;41623053
1218;41656569
1219;41690085
1220;41723601
1221;41757117
1222;41790633
1223;41824149
1224;41857665
1225;41891181
1226;41924697
1227;41958213
1228;41991729
1229;42025245
1230;42058761
1231;42092277
1232;42125793
1233;42159309
1234;42192825
1235;42226341
1236;42259857
1237;42293373
1238;42326889
1239;42360405
1240;42393921
1241;42427437
1242;42460953
1243;42494469
1244;42527985
1245;42561501
1246;42595017
1247;42628533
1248;42662049
1249;42695565
1250;42729081
1251;42762597
1252;42796113
1253;42829629
1254;42863145
1255;42896661
1256;42930177
1257;42963693
1258;42997209
1259;43030725
1260;43064241
1261;43097757
1262;43131273
1263;43164789
1264;43198305
1265;43231821
1266;43265337
1267;43298853
1268;43332369
1269;43365885
1270;43399401
1271;43432917
1272;43466433
1273;43499949
1274;43533465
1275;43566981
1276;43600497
1277;43634013
1278;43667529
1279;43701045
1280;43734561
1281;43768077
1282;43801593
1283;43835109
1284;43868625
1285;43902141
1286;43935657
1287;43969173
1288;44002689
1289;44036205
1290;44069721
1291;44103237
1292;44136753
1293;44170269
1294;44203785
1295;44237301
1296;44270817
1297;44304333
1298;44337849
1299;44371365
1300;44404881
1301;44438397
1302;44471913
1303;44505429
1304;44538945
1305;44572461
1306;44605977
1307;44639493
1308;44673009
1309;44706525
1310;44740041
1311;44773557
1312;44807073
1313;44840589
1314;44874105
1315;44907621
1316;44941137
1317;44974653
1318;45008169
1319;45041685
1320;45075201
1321;45108717
1322;45142233
1323;45175749
1324;45209265
1325;45242781
1326;45276297
1327;45309813
1328;45343329
1329;45376845
1330;45410361
1331;45443877
1332;45477393
1333;45510909
1334;45544425
1335;45577941
1336;45611457
1337;45644973
1338;45678489
1339;45712005
1340;45745521
1341;45779037
1342;45812553
1343;45846069
1344;45879585
1345;45913101
1346;45946617
1347;45980133
1348;46013649
1349;46047165
1350;46080681
1351;46114197
1352;46147713
1353;46181229
1354;46214745
1355;46248261
1356;46281777
1357;46315293
1358;46348809
1359;46382325
1360;46415841
1361;46449357
1362;46482873
1363;46516389
1364;46549905
1365;46583421
1366;46616937
1367;46650453
1368;46683969
1369;46717485
1370;46751001
1371;46784517
1372;46818033
1373;46851549
1374;46885065
1375;46918581
1376;46952097
1377;46985613
1378;47019129
1379;47052645
1380;47086161
1381;47119677
1382;47153193
1383;47186709
1384;47220225
1385;47253741
1386;47287257
1387;47320773
1388;47354289
1389;47387805
1390;47421321
1391;47454837
1392;47488353
1393;47521869
1394;47555385
1395;47588901
1396;47622417
1397;47655933
1398;47689449
1399;47722965
1400;47756481
1401;47789997
1402;47823513
1403;47890545
1404;47924061
1405;47957577
1406;48058125
1407;48091641
1408;48192189
1409;48225705
1410;48259221
1411;48292737
1412;48326253
1413;48359769
1414;48393285
1415;48426801
1416;48460317
1417;48493833
1418;48527349
1419;48560865
1420;48594381
1421;48627897
1422;48661413
1423;48694929
1424;48728445
1425;48761961
1426;48795477
1427;48828993
1428;48862509
1429;48896025
1430;48929541
1431;48963057
1432;48996573
1433;49030089
1434;49063605
1435;49097121
1436;49130637
1437;49164153
1438;49197669
1439;49231185
1440;49264701
1441;49298217
1442;49331733
1443;49365249
1444;49398765
1445;49432281
1446;49465797
1447;49499313
1448;49532829
1449;49566345
1450;49599861
1451;49633377
1452;49666893
1453;49700409
1454;49733925
1455;49767441
1456;49800957
1457;49834473
1458;49867989
1459;49901505
1460;49935021
1461;49968537
1462;50002053
1463;50035569
1464;50069085
1465;50102601
1466;50136117
1467;50169633
1468;50203149
1469;50236665
1470;50270181
1471;50303697
1472;50337213
1473;50370729
1474;50404245
1475;50437761
1476;50471277
1477;50504793
1478;50538309
1479;50571825
1480;50605341
1481;50638857
1482;50672373
1483;50705889
1484;50739405
1485;50772921
1486;50806437
1487;50839953
1488;50873469
1489;50906985
1490;50940501
1491;50974017
1492;51007533
1493;51041049
1494;51074565
1495;51108081
1496;51141597
1497;51175113
1498;51208629
1499;51242145
1500;51275661
1501;51309177
1502;51342693
1503;51376209
1504;51409725
1505;51443241
1506;51476757
1507;51510273
1508;51543789
1509;51577305
1510;51610821
1511;51644337
1512;51677853
1513;51711369
1514;51744885
1515;51778401
1516;51811917
1517;51845433
1518;51878949
1519;51912465
1520;51945981
1521;51979497
1522;52013013
1523;52046529
1524;52080045
1525;52113561
1526;52147077
1527;52180593
1528;52214109
1529;52247625
1530;52281141
1531;52314657
1532;52348173
1533;52381689
1534;52415205
1535;52448721
1536;52482237
1537;52515753
1538;52549269
1539;52582785
1540;52616301
1541;52649817
1542;52683333
1543;52716849
1544;52750365
1545;52783881
1546;52817397
1547;52850913
1548;52884429
1549;52917945
1550;52951461
1551;52984977
1552;53018493
1553;53052009
1554;53085525
1555;53119041
1556;53152557
1557;53186073
1558;53219589
1559;53253105
1560;53286621
1561;53320137
1562;53353653
1563;53387169
1564;53420685
1565;53454201
1566;53487717
1567;53521233
1568;53554749
1569;53588265
1570;53621781
1571;53655297
1572;53688813
1573;53722329
1574;53755845
1575;53789361
1576;53822877
1577;53856393
1578;53889909
1579;53923425
1580;53956941
1581;53990457
1582;54023973
1583;54057489
1584;54091005
1585;54124521
1586;54158037
1587;54191553
1588;54225069
1589;54258585
1590;54292101
1591;54325617
1592;54359133
1593;54392649
1594;54426165
1595;54459681
1596;54493197
1597;54526713
1598;54560229
1599;54593745
1600;54627261
1601;54660777
1602;54694293
1603;54727809
1604;54761325
1605;54794841
1606;54828357
1607;54861873
1608;54895389
1609;54928905
1610;54962421
1611;54995937
1612;55029453
1613;55062969
1614;55096485
1615;55130001
1616;55163517
1617;55197033
1618;55230549
1619;55264065
1620;55297581
1621;55331097
1622;55364613
1623;55398129
1624;55431645
1625;55465161
1626;55498677
1627;55532193
1628;55565709
1629;55599225
1630;55632741
1631;55666257
1632;55699773
1633;55733289
1634;55766805
1635;55800321
1636;55833837
1637;55867353
1638;55900869
1639;55934385
1640;55967901
1641;56001417
1642;56034933
1643;56068449
1644;56101965
1645;56135481
1646;56168997
1647;56202513
1648;56236029
1649;56269545
1650;56303061
1651;56336577
1652;56370093
1653;56403609
1654;56437125
1655;56470641
1656;56504157
1657;56537673
1658;56571189
1659;56604705
1660;56638221
1661;56671737
1662;56705253
1663;56738769
1664;56772285
1665;56805801
1666;56839317
1667;56872833
1668;56906349
1669;56939865
1670;56973381
1671;57006897
1672;57040413
1673;57073929
1674;57107445
1675;57140961
1676;57174477
1677;57207993
1678;57241509
1679;57275025
1680;57308541
1681;57342057
1682;57375573
1683;57409089
1684;57442605
1685;57476121
1686;57509637
1687;57543153
1688;57576669
1689;57610185
1690;57643701
1691;57677217
1692;57710733
1693;57744249
1694;57777765
1695;57811281
1696;57844797
1697;57878313
1698;57911829
1699;57945345
1700;57978861
1701;58012377
1702;58045893
1703;58079409
1704;58112925
1705;58146441
1706;58179957
1707;58213473
1708;58246989
1709;58280505
1710;58314021
1711;58347537
1712;58381053
1713;58414569
1714;58448085
1715;58481601
1716;58515117
1717;58548633
1718;58582149
1719;58615665
1720;58649181
1721;58682697
1722;58716213
1723;58749729
1724;58783245
1725;58816761
1726;58850277
1727;58883793
1728;58917309
1729;58950825
1730;58984341
1731;59017857
1732;59051373
1733;59084889
1734;59118405
1735;59151921
1736;59185437
1737;59218953
1738;59252469
1739;59285985
1740;59319501
1741;59353017
1742;59386533
1743;59420049
1744;59453565
1745;59487081
1746;59520597
1747;59554113
1748;59587629
1749;59621145
1750;59654661
1751;59688177
1752;59721693
1753;59755209
1754;59788725
1755;59822241
1756;59855757
1757;59889273
1758;59922789
1759;59956305
1760;59989821
1761;60023337
1762;60056853
1763;60090369
1764;60123885
1765;60157401
1766;60190917
1767;60224433
1768;60257949
1769;60291465
1770;60324981
1771;60358497
1772;60392013
1773;60425529
1774;60459045
1775;60492561
1776;60526077
1777;60559593
1778;60593109
1779;60626625
1780;60660141
1781;60693657
1782;60727173
1783;60760689
1784;60794205
1785;60827721
1786;60861237
1787;60894753
1788;60928269
1789;60961785
1790;60995301
1791;61028817
1792;61062333
1793;61095849
1794;61129365
1795;61162881
1796;61196397
1797;61229913
1798;61263429
1799;61296945
1800;61330461
1801;61363977
1802;61397493
1803;61431009
1804;61464525
1805;61498041
1806;61531557
1807;61565073
1808;61598589
1809;61632105
1810;61665621
1811;61699137
1812;61732653
1813;61766169
1814;61866717
1815;61900233
1816;61933749
1817;61967265
1818;62000781
1819;62034297
1820;62067813
1821;62101329
1822;62134845
1823;62168361
1824;62201877
1825;62235393
1826;62268909
1827;62302425
1828;62335941
1829;62369457
1830;62402973
1831;62436489
1832;62470005
1833;62503521
1834;62537037
1835;62570553
1836;62604069
1837;62637585
1838;62671101
1839;62704617
1840;62738133
1841;62771649
1842;62805165
1843;62838681
1844;62872197
1845;62905713
1846;62939229
1847;62972745
1848;63006261
1849;63039777
1850;63073293
1851;63106809
1852;63140325
1853;63173841
1854;63207357
1855;63240873
1856;63274389
1857;63307905
1858;63341421
1859;63374937
1860;63408453
1861;63441969
1862;63475485
1863;63509001
1864;63542517
1865;63576033
1866;63609549
1867;63643065
1868;63676581
1869;63710097
1870;63743613
1871;63777129
1872;63810645
1873;63844161
1874;63877677
1875;63911193
1876;63944709
1877;63978225
1878;64011741
1879;64045257
1880;64078773
1881;64112289
1882;64145805
